4	93,6592124089577	44,0021217052597	0			1906,34078759104	44,0021217052597
210	-55,0581354925162	-103,521512704507	0			2055,05813549252	-103,521512704507
835	477,428349862207	565,958572198488	0			1522,57165013779	565,958572198488
838	950,896357564093	369,4499969453	0			1049,10364243591	369,4499969453
853	1060,38441320401	469,652224594464	0			939,615586795994	469,652224594464
903	1096,17606386781	512,501677002274	0			903,823936132191	512,501677002274
950	1087,05227069963	501,90832961082	0			912,947729300375	501,90832961082
1012	983,508775001918	498,97661162551	0			1016,49122499808	498,97661162551
1043	1379,05776203698	428,123945401392	0			620,942237963019	428,123945401392
1083	1568,19403529156	304,614641151754	1	431,805964708437	304,614641151754
1128	1568,37750917116	159,244319174257	1	431,62249082884	159,244319174257
1441	1321,53482282818	130,572864456929	1	678,465177171825	130,572864456929
1497	1545,16862295206	673,938136744405	0			454,831377047937	673,938136744405
1533	1488,52168301799	488,977392192787	0			511,478316982014	488,977392192787
1581	1242,4882088115	381,816114748482	0			757,511791188498	381,816114748482
1607	823,488159378796	509,491962531429	0			1176,5118406212	509,491962531429
1652	675,321358183083	585,370515524474	0			1324,67864181692	585,370515524474
1671	695,752553918516	581,111043851982	0			1304,24744608148	581,111043851982
1702	737,33806228166	577,408235395094	0			1262,66193771834	577,408235395094
1720	894,009002827241	535,522355673556	0			1105,99099717276	535,522355673556
1742	978,080501642325	529,30015872792	0			1021,91949835768	529,30015872792
1761	1007,4330848506	363,30266021821	0			992,566915149398	363,30266021821
1984	820,89738814962	221,070054524795	1	1179,10261185038	221,070054524795
2058	-224,259361094256	720,286393274316	0			2224,25936109426	720,286393274316
2103	-279,494873836974	844,333777191238	0			2279,49487383697	844,333777191238
2120	-279,494873836974	844,333777191238	0			2279,49487383697	844,333777191238
2142	-229,188190550372	676,40009672203	0			2229,18819055037	676,40009672203
2175	188,009118925844	711,741205594744	0			1811,99088107416	711,741205594744
2222	228,434829635448	720,14311532086	0			1771,56517036455	720,14311532086
2224	522,282137881271	805,419133937826	0			1477,71786211873	805,419133937826
2235	1242,09624838752	843,515728383922	0			757,903751612476	843,515728383922
2430	873,946476908563	178,240258602063	1	1126,05352309144	178,240258602063
2504	648,473024831235	567,936743375567	0			1351,52697516877	567,936743375567
2551	626,853473749747	576,785400411183	0			1373,14652625025	576,785400411183
2570	626,853473749747	576,785400411183	0			1373,14652625025	576,785400411183
2617	588,564553913411	834,87017123284	0			1411,43544608659	834,87017123284
2667	704,171701510287	434,886097919795	0			1295,82829848971	434,886097919795
2707	607,372912304769	648,063633795273	0			1392,62708769523	648,063633795273
2752	776,907083558582	901,200092710278	0			1223,09291644142	901,200092710278
2792	911,161880574478	961,498257567349	0			1088,83811942552	961,498257567349
2802	887,917054245725	948,547008815542	0			1112,08294575427	948,547008815542
2840	930,205705755835	991,731043105434	0			1069,79429424416	991,731043105434
2868	782,171644010107	991,995094295766	0			1217,82835598989	991,995094295766
2883	755,969663229537	989,015048581681	0			1244,03033677046	989,015048581681
2910	798,750573406281	986,867924341702	0			1201,24942659372	986,867924341702
2941	852,971940801664	999,318432509068	0			1147,02805919834	999,318432509068
3005	1087,06321613936	1003,1813824965	0			912,936783860638	1003,1813824965
3023	1110,92434484982	998,8306289308	0			889,075655150182	998,8306289308
3043	1055,63735715008	974,022018276001	0			944,362642849919	974,022018276001
3063	1060,93407929453	974,840276813002	0			939,065920705469	974,840276813002
3095	1104,42144379302	977,583651182417	0			895,578556206983	977,583651182417
3110	1156,66012352677	954,977878706149	0			843,339876473227	954,977878706149
3144	1166,06045586541	960,211376731618	0			833,939544134585	960,211376731618
3171	1201,62587656331	940,482593816437	0			798,37412343669	940,482593816437
3181	1232,76185280412	952,238693707411	0			767,238147195875	952,238693707411
3200	1231,42045325032	970,227213606206	0			768,579546749676	970,227213606206
3244	1443,65014706389	890,614025501919	0			556,34985293611	890,614025501919
3290	1600,05762640729	988,570920860061	0			399,942373592711	988,570920860061
3331	1588,25674662748	1019,61884044951	0			411,743253372518	1019,61884044951
3376	1575,40281814372	1044,50203767434	0			424,597181856278	1044,50203767434
3479	1713,99561811034	860,930215135914	0			286,004381889664	860,930215135914
3524	1602,80303461266	1063,36651135049	0			397,196965387338	1063,36651135049
3559	1558,64688344906	1066,86394495304	0			441,353116550938	1066,86394495304
3604	1613,83581420626	1045,82610980174	0			386,164185793737	1045,82610980174
3646	1655,85802016494	1009,27595181513	0			344,141979835063	1009,27595181513
3689	1647,35832865668	1006,22533118734	0			352,641671343323	1006,22533118734
3740	1670,94622596305	1021,25790574826	0			329,053774036945	1021,25790574826
3778	1589,56390394468	1006,29986469404	0			410,436096055318	1006,29986469404
3827	1663,95572397041	987,828687768223	0			336,044276029585	987,828687768223
3915	1706,10675503135	1008,33852224574	0			293,893244968649	1008,33852224574
3961	1598,20607997067	975,813412645263	0			401,793920029329	975,813412645263
4011	1647,26275461423	993,602816220551	0			352,737245385775	993,602816220551
4281	1178,53316520024	1057,3375458857	0			821,466834799757	1057,3375458857
4352	1178,53316520024	1057,3375458857	0			821,466834799757	1057,3375458857
4370	1263,93797436908	1060,72454494461	0			736,062025630923	1060,72454494461
4395	1398,63052121258	1066,06620583981	0			601,369478787419	1066,06620583981
4416	1360,37209875095	947,336503962884	0			639,62790124905	947,336503962884
4439	1289,49660038056	997,932525284938	0			710,503399619436	997,932525284938
4469	1280,29775637759	989,082169303391	0			719,702243622413	989,082169303391
4490	1237,07244641177	979,554998023285	0			762,927553588226	979,554998023285
4505	1111,99294784863	1021,37170717655	0			888,007052151365	1021,37170717655
4534	1037,2563857118	1017,80856719423	0			962,743614288195	1017,80856719423
4555	1051,92278467837	1028,06147463599	0			948,077215321634	1028,06147463599
4595	1064,62893828984	1041,54065960245	0			935,371061710156	1041,54065960245
4601	1063,82117107361	1040,9148657634	0			936,178828926395	1040,9148657634
4637	1065,30705226627	1047,33433940994	0			934,692947733732	1047,33433940994
4666	1063,82843955958	1069,96249450374	0			936,171560440423	1069,96249450374
4681	1063,69461408311	1072,01051128547	0			936,30538591689	1072,01051128547
4712	1063,4226777407	1076,17212690256	0			936,577322259304	1076,17212690256
4728	1063,4226777407	1076,17212690256	0			936,577322259304	1076,17212690256
4760	1063,4226777407	1076,17212690256	0			936,577322259304	1076,17212690256
4801	1063,4226777407	1076,17212690256	0			936,577322259304	1076,17212690256
4820	1065,39792467857	1073,34924401433	0			934,602075321431	1073,34924401433
4845	1066,34015643631	1072,00267318581	0			933,659843563692	1072,00267318581
4860	1065,43708044431	1073,29328536988	0			934,562919555689	1073,29328536988
4910	1051,80692210562	1068,38449304115	0			948,193077894383	1068,38449304115
4952	1036,44547111887	1063,96745155488	0			963,55452888113	1063,96745155488
5050	1234,35220564068	288,69418162766	1	765,647794359325	288,69418162766
5303	756,138847869577	946,450411557163	0			1243,86115213042	946,450411557163
5318	1031,67431038174	684,440292306155	0			968,325689618256	684,440292306155
5356	887,356709957111	821,673704486656	0			1112,64329004289	821,673704486656
5387	864,437087865259	954,580825079198	0			1135,56291213474	954,580825079198
5403	931,931136310885	938,195968611335	0			1068,06886368911	938,195968611335
5435	939,890288248691	983,665294989303	0			1060,10971175131	983,665294989303
5447	921,170710690402	1012,29741463249	0			1078,8292893096	1012,29741463249
5477	923,19455399828	1015,33972868745	0			1076,80544600172	1015,33972868745
5503	919,564348426211	1029,25470373076	0			1080,43565157379	1029,25470373076
5541	925,1555268321	1017,37485220789	0			1074,8444731679	1017,37485220789
5573	917,306059028742	1032,71299311714	0			1082,69394097126	1032,71299311714
5590	915,409566901853	1022,34103599259	0			1084,59043309815	1022,34103599259
5613	880,299463712494	1022,86671229488	0			1119,70053628751	1022,86671229488
5626	843,092940650828	1038,17086605274	0			1156,90705934917	1038,17086605274
5660	826,369788864575	1043,31276379871	0			1173,63021113542	1043,31276379871
5709	877,527297901881	1036,19955809324	0			1122,47270209812	1036,19955809324
5719	898,942820299838	1038,25257890776	0			1101,05717970016	1038,25257890776
5763	879,4888043067	1055,45188519641	0			1120,5111956933	1055,45188519641
5792	864,231037227753	1061,33592667786	0			1135,76896277225	1061,33592667786
5805	857,180367597287	1061,82300625975	0			1142,81963240271	1061,82300625975
5898	1063,13619078401	330,588968150523	1	936,863809215994	330,588968150523
5954	937,510202154758	92,6765828234678	1	1062,48979784524	92,6765828234678
6000	909,6368372675	145,566584910842	1	1090,3631627325	145,566584910842
6030	873,87696441587	180,644362672201	1	1126,12303558413	180,644362672201
6064	745,246649726375	391,593111109562	0			1254,75335027362	391,593111109562
6079	697,589528143557	485,825695715427	0			1302,41047185644	485,825695715427
6151	738,301625582497	417,087086394081	0			1261,6983744175	417,087086394081
6168	995,158287311557	273,460052964657	1	1004,84171268844	273,460052964657
6225	993,71840734717	211,97624228817	1	1006,28159265283	211,97624228817
6257	970,463523804175	309,602363984406	1	1029,53647619583	309,602363984406
6345	289,503177778621	146,730413385647	1	1710,49682222138	146,730413385647
6478	478,788940034638	256,333442050503	1	1521,21105996536	256,333442050503
6525	387,095153216019	405,013863943724	0			1612,90484678398	405,013863943724
6663	437,968331247472	332,912764567201	1	1562,03166875253	332,912764567201
6705	491,844596986246	347,154085865304	0			1508,15540301375	347,154085865304
6903	733,922836155567	457,404202416331	0			1266,07716384443	457,404202416331
6922	718,007850029708	458,491368658297	0			1281,99214997029	458,491368658297
7109	489,421227217492	276,809776581695	1	1510,57877278251	276,809776581695
7547	277,636086670712	150,370099189558	1	1722,36391332929	150,370099189558
7571	825,66251785624	200,337483021342	1	1174,33748214376	200,337483021342
7641	758,868769466194	396,416651178658	0			1241,13123053381	396,416651178658
7655	780,739574169427	624,97767415946	0			1219,26042583057	624,97767415946
7685	848,415189691028	640,632426799247	0			1151,58481030897	640,632426799247
7730	894,347763540773	645,197113390707	0			1105,65223645923	645,197113390707
7748	895,481854317725	596,441979772574	0			1104,51814568227	596,441979772574
7786	998,5341067487	361,695454076423	0			1001,4658932513	361,695454076423
7852	893,347179484827	618,946679402684	0			1106,65282051517	618,946679402684
7867	894,606497994777	670,089949668604	0			1105,39350200522	670,089949668604
7885	910,287688664864	647,26086517651	0			1089,71231133514	647,26086517651
7915	881,561366717566	649,2555456518	0			1118,43863328243	649,2555456518
7959	800,782761869389	597,465492638642	0			1199,21723813061	597,465492638642
7973	686,977387452468	508,597038801631	0			1313,02261254753	508,597038801631
7998	584,445287316922	465,583976060227	0			1415,55471268308	465,583976060227
8013	909,472169789454	227,265815564411	1	1090,52783021055	227,265815564411
8042	703,15372660227	375,944139908473	0			1296,84627339773	375,944139908473
8088	592,243057051383	470,155489281132	0			1407,75694294862	470,155489281132
8107	450,079861981654	395,529790764216	0			1549,92013801835	395,529790764216
8134	-33,954940009833	417,296766889579	0			2033,95494000983	417,296766889579
8177	-88,2962477787676	418,887956393934	0			2088,29624777877	418,887956393934
8266	-216,841041540251	388,214862811555	0			2216,84104154025	388,214862811555
8319	-176,486808505259	407,610263551614	0			2176,48680850526	407,610263551614
8718	-156,478891712176	208,590155929737	0			2156,47889171218	208,590155929737
8734	-164,312803398058	584,343243188934	0			2164,31280339806	584,343243188934
8772	-179,485097613674	468,815156958867	0			2179,48509761367	468,815156958867
8781	-151,748528966159	490,239724673809	0			2151,74852896616	490,239724673809
8806	-155,733176738435	470,691053787979	0			2155,73317673843	470,691053787979
8853	-182,23523015644	395,215665962111	0			2182,23523015644	395,215665962111
8901	-184,51712140216	309,280797417215	0			2184,51712140216	309,280797417215
8941	-212,723966093071	260,387662834368	0			2212,72396609307	260,387662834368
8990	-220,523693492112	256,559383264272	0			2220,52369349211	256,559383264272
9035	-273,823244910462	117,571730782232	0			2273,82324491046	117,571730782232
9073	-296,203523163209	36,3509115738367	0			2296,20352316321	36,3509115738367
9299	-310,114295737257	120,713725482921	0			2310,11429573726	120,713725482921
9342	-310,114295737257	120,713725482921	0			2310,11429573726	120,713725482921
9769	1189,80874860943	-139,500396757377	0			810,191251390575	-139,500396757377
