36	1205,58461170312	190,586969176084	1	794,415388296875	190,586969176084
74	1267,95595266627	186,323079586815	1	732,044047333729	186,323079586815
123	1254,5934539001	205,332312788735	1	745,4065460999	205,332312788735
168	1497,47314573702	245,340236361044	1	502,52685426298	245,340236361044
221	1573,15723401302	254,595392894485	1	426,842765986975	254,595392894485
300	1564,91920446501	316,751442792506	1	435,080795534992	316,751442792506
352	1509,39961158728	50,8679788158249	1	490,600388412722	50,8679788158249
382	1124,05858139193	130,229366331718	1	875,941418608067	130,229366331718
398	1131,19149479513	72,6307928138588	1	868,80850520487	72,6307928138588
423	1110,7842668354	124,18539321288	1	889,215733164599	124,18539321288
442	1164,9874880319	147,823980952481	1	835,0125119681	147,823980952481
479	1150,36522963405	276,912257606594	1	849,634770365949	276,912257606594
525	1311,68149204436	186,628618769558	1	688,318507955644	186,628618769558
576	1285,840233664	159,791174559944	1	714,159766335999	159,791174559944
617	1306,00726068699	167,77796080996	1	693,992739313011	167,77796080996
644	1245,48919888829	417,2725594564	0			754,510801111713	417,2725594564
666	1229,05589376806	460,795223019638	0			770,944106231938	460,795223019638
788	1261,8924927943	433,923570415732	0			738,107507205704	433,923570415732
800	1242,3898246296	301,415601728613	1	757,610175370398	301,415601728613
839	1281,19758780058	312,663638657731	1	718,802412199417	312,663638657731
874	1182,2394715145	449,96476483854	0			817,760528485497	449,96476483854
888	1103,68890159452	605,197171515773	0			896,311098405476	605,197171515773
942	1124,94444474706	582,197732160264	0			875,055555252945	582,197732160264
968	1454,78632988817	607,701123992575	0			545,213670111835	607,701123992575
976	1441,78349238014	551,461795447509	0			558,216507619859	551,461795447509
1026	1405,92147954798	517,313207925408	0			594,078520452024	517,313207925408
1057	1284,12084385806	504,331061089864	0			715,879156141945	504,331061089864
1075	1280,88926945931	448,262379797936	0			719,11073054069	448,262379797936
1111	1332,89901588729	191,309475479805	1	667,100984112709	191,309475479805
1143	1205,03849756198	357,832079520003	0			794,961502438021	357,832079520003
1202	1407,9698339843	264,059120598014	1	592,030166015696	264,059120598014
1247	1423,02961133445	108,197629093499	1	576,970388665554	108,197629093499
1550	268,00695129197	-6,19701216145767	1	1731,99304870803	-6,19701216145767
1588	580,656378786155	808,58985691052	0			1419,34362121385	808,58985691052
1655	1309,20759775106	518,243787296578	0			690,792402248938	518,243787296578
1681	1085,61463029378	492,446930125879	0			914,385369706217	492,446930125879
1693	1092,90652931119	446,85673833711	0			907,093470688807	446,85673833711
1738	1097,30587959973	431,929693725499	0			902,694120400274	431,929693725499
1951	1517,83474919094	407,797699093319	0			482,165250809061	407,797699093319
3272	1506,21507761934	-21,8930998648527	1	493,784922380663	-21,8930998648527
3307	1201,48238395024	158,411782368646	1	798,517616049757	158,411782368646
3337	1252,07364495906	128,625212366026	1	747,926355040943	128,625212366026
3351	1240,553589046	121,226339553176	1	759,446410954001	121,226339553176
3372	1244,02455932231	95,9133150175527	1	755,975440677689	95,9133150175527
3391	1200,09078196515	112,418087894804	1	799,909218034854	112,418087894804
3434	816,783508910882	120,835381622795	1	1183,21649108912	120,835381622795
3476	755,513051159717	107,110806333683	1	1244,48694884028	107,110806333683
3492	800,964392183873	130,150166079119	1	1199,03560781613	130,150166079119
4423	383,283083029935	65,913625554581	1	1616,71691697006	65,913625554581
4789	1248,7215011251	-135,445953520657	0			751,278498874899	-135,445953520657
4804	1573,28998849616	41,6914596308251	1	426,710011503843	41,6914596308251
4851	1436,06702774521	-36,3094032388044	1	563,932972254792	-36,3094032388044
4876	952,135903489237	66,9727454371488	1	1047,86409651076	66,9727454371488
4920	908,001610221986	75,9452772336836	1	1091,99838977801	75,9452772336836
5101	519,871229647047	-122,739441071493	0			1480,12877035295	-122,739441071493
5149	104,448178979571	-6,37625464432003	0			1895,55182102043	-6,37625464432003
5190	145,534996397756	21,4298998618687	0			1854,46500360224	21,4298998618687
6051	157,064987231998	555,60332852562	0			1842,935012768	555,60332852562
6066	951,324364128236	657,463034417422	0			1048,67563587176	657,463034417422
6088	453,409784464991	453,080386765776	0			1546,59021553501	453,080386765776
6139	25,7299270964338	289,052269480166	0			1974,27007290357	289,052269480166
6154	285,70657590235	389,233041857538	0			1714,29342409765	389,233041857538
6180	46,1491826084865	252,621300186696	0			1953,85081739151	252,621300186696
6602	1126,62495733465	52,3222428498677	1	873,375042665352	52,3222428498677
6634	94,8929573725728	215,431087793533	0			1905,10704262743	215,431087793533
6652	564,78953839567	112,662596290097	1	1435,21046160433	112,662596290097
6694	354,187295249139	178,810234003679	1	1645,81270475086	178,810234003679
6717	829,44272735784	158,77924568865	1	1170,55727264216	158,77924568865
6737	982,973510074605	141,958220130134	1	1017,0264899254	141,958220130134
6766	995,478284351245	192,964920427835	1	1004,52171564875	192,964920427835
6805	1026,21091455382	166,962284789925	1	973,789085446183	166,962284789925
6839	810,381098857516	191,409404553329	1	1189,61890114248	191,409404553329
6857	871,9670984338	232,104211662379	1	1128,0329015662	232,104211662379
6878	1226,64878484268	211,598726600807	1	773,35121515732	211,598726600807
6900	1211,98787362721	313,874865465023	1	788,012126372785	313,874865465023
6921	1253,45082797193	323,918075557179	1	746,549172028067	323,918075557179
6960	1286,44290341678	315,431304075298	1	713,55709658322	315,431304075298
6988	1250,35892479114	298,131995782159	1	749,641075208861	298,131995782159
7052	1263,71895769173	289,972566533796	1	736,281042308269	289,972566533796
7081	1270,83483452164	285,41774827203	1	729,165165478358	285,41774827203
7096	1247,30205602128	282,899342787593	1	752,69794397872	282,899342787593
7138	1205,91960931591	121,080023304418	1	794,08039068409	121,080023304418
9429	-220,938890574434	962,726163172415	0			2220,93889057443	962,726163172415
9476	-70,8545079894822	982,750356029454	0			2070,85450798948	982,750356029454
9516	-70,8545079894822	982,750356029454	0			2070,85450798948	982,750356029454
9624	-70,8545079894822	982,750356029454	0			2070,85450798948	982,750356029454
9652	-70,8545079894822	982,750356029454	0			2070,85450798948	982,750356029454
9691	-70,8545079894822	982,750356029454	0			2070,85450798948	982,750356029454
