1517	-60,1669163379854	1056,76022794097	0			2060,16691633799	1056,76022794097
1616	-60,1669163379854	1056,76022794097	0			2060,16691633799	1056,76022794097
1648	-60,1669163379854	1056,76022794097	0			2060,16691633799	1056,76022794097
1699	-60,1669163379854	1056,76022794097	0			2060,16691633799	1056,76022794097
2066	-45,1245354217233	942,605089538154	0			2045,12453542172	942,605089538154
2255	50,7539915807039	341,402054956601	0			1949,2460084193	341,402054956601
2282	228,796584243528	809,596328152642	0			1771,20341575647	809,596328152642
2296	231,812154510733	946,291405544221	0			1768,18784548927	946,291405544221
2329	206,335348620076	944,919839698487	0			1793,66465137992	944,919839698487
2346	256,281700118846	969,390894841766	0			1743,71829988115	969,390894841766
2375	178,023092309996	976,733413117089	0			1821,97690769	976,733413117089
2393	235,134724372044	982,548965141001	0			1764,86527562796	982,548965141001
2414	238,502798238365	999,841361798444	0			1761,49720176163	999,841361798444
2436	289,683652308381	1008,73895963285	0			1710,31634769162	1008,73895963285
2559	227,54494873837	1059,52461553831	0			1772,45505126163	1059,52461553831
2587	357,061826835558	1021,07751232081	0			1642,93817316444	1021,07751232081
2598	295,016445559262	1039,49569235375	0			1704,98355444074	1039,49569235375
2646	232,597324576286	1058,02481707043	0			1767,40267542371	1058,02481707043
2686	227,54494873837	1059,52461553831	0			1772,45505126163	1059,52461553831
2732	227,54494873837	1059,52461553831	0			1772,45505126163	1059,52461553831
2783	227,54494873837	1059,52461553831	0			1772,45505126163	1059,52461553831
3383	1761,02164555522	-130,395598833565	0			238,978354444782	-130,395598833565
3425	1675,26262894417	-111,296520349398	0			324,737371055825	-111,296520349398
3468	1684,62037438322	-128,839323446135	0			315,37962561678	-128,839323446135
3558	1688,6632629197	-108,790335393941	0			311,336737080299	-108,790335393941
3608	1490,12605241201	-176,062100400228	0			509,873947587985	-176,062100400228
3647	1490,12605241201	-176,062100400228	0			509,873947587985	-176,062100400228
3689	1389,7990762201	-165,001097406137	0			610,200923779898	-165,001097406137
3734	1358,08493961788	-152,321990907774	0			641,915060382124	-152,321990907774
3783	1363,49943586924	-148,884965611915	0			636,500564130765	-148,884965611915
3823	1363,49943586924	-148,884965611915	0			636,500564130765	-148,884965611915
3877	1358,65147485122	-154,390409997861	0			641,348525148783	-154,390409997861
4009	1356,49252092182	-156,842162548245	0			643,507479078175	-156,842162548245
4053	1356,49252092182	-156,842162548245	0			643,507479078175	-156,842162548245
4103	1356,49252092182	-156,842162548245	0			643,507479078175	-156,842162548245
7109	101,119728458738	232,064366668485	0			1898,88027154126	232,064366668485
7147	-10,5574623280744	283,25977492784	0			2010,55746232807	283,25977492784
7155	-10,5574623280744	283,25977492784	0			2010,55746232807	283,25977492784
7212	389,266824988879	572,056113070745	0			1610,73317501112	572,056113070745
7220	1001,91951176431	180,557069800304	1	998,080488235694	180,557069800304
7241	774,199612670672	215,49288356225	1	1225,80038732933	215,49288356225
7247	1134,08940703242	-15,8428842204385	1	865,91059296758	-15,8428842204385
7283	1045,25434154413	15,063918688245	1	954,745658455869	15,063918688245
7301	1146,96784404932	-21,0440027286439	1	853,032155950681	-21,0440027286439
7324	922,138515041992	86,9445921940843	1	1077,86148495801	86,9445921940843
7339	1080,32124938006	50,360073078189	1	919,678750619937	50,360073078189
7362	1030,54069497582	84,620350153218	1	969,459305024179	84,620350153218
7386	1133,29966482151	-9,92266471391976	1	866,700335178487	-9,92266471391976
7474	1178,11058697764	-30,3765756803078	1	821,889413022357	-30,3765756803078
7506	865,686904265271	144,390021480729	1	1134,31309573473	144,390021480729
7521	1037,06455622142	80,6074372745108	1	962,935443778578	80,6074372745108
7545	853,855380069618	131,685966319766	1	1146,14461993038	131,685966319766
7592	829,987683429653	142,066340684007	1	1170,01231657035	142,066340684007
7610	912,593254906471	119,820590946331	1	1087,40674509353	119,820590946331
7636	863,079337800781	165,10091715554	1	1136,92066219922	165,10091715554
7663	962,987009337943	95,3338200455824	1	1037,01299066206	95,3338200455824
7683	960,670464513597	61,9431418351326	1	1039,3295354864	61,9431418351326
7702	1039,07458612374	32,0238495780695	1	960,925413876261	32,0238495780695
7729	943,104536687152	72,934410853474	1	1056,89546331285	72,934410853474
7747	1059,16417067642	7,0936087277656	1	940,835829323576	7,0936087277656
7791	1110,0159879567	28,9347329752975	1	889,984012043301	28,9347329752975
7816	939,559151092297	111,358859924867	1	1060,4408489077	111,358859924867
7833	1054,47827419943	-21,2177545793008	1	945,521725800567	-21,2177545793008
7880	990,385892568246	55,5990813633932	1	1009,61410743175	55,5990813633932
7914	727,845952278675	90,0794213259723	1	1272,15404772133	90,0794213259723
7947	700,625022350593	108,812945098564	1	1299,37497764941	108,812945098564
7970	718,045073688197	94,0259417998648	1	1281,9549263118	94,0259417998648
8000	669,746056372563	87,9562456324082	1	1330,25394362744	87,9562456324082
8042	362,088558316081	188,578490684885	1	1637,91144168392	188,578490684885
8084	465,544728956321	180,067527820241	1	1534,45527104368	180,067527820241
8118	739,556937832688	111,002059813479	1	1260,44306216731	111,002059813479
8148	690,86491767812	130,326978396484	1	1309,13508232188	130,326978396484
8152	536,011680633179	168,470138996297	1	1463,98831936682	168,470138996297
8176	563,469888978674	151,740346254833	1	1436,53011102133	151,740346254833
8194	874,656471879849	26,3754815429272	1	1125,34352812015	26,3754815429272
8228	956,251162532081	0,358870945562317	1	1043,74883746792	0,358870945562317
8246	953,337023818418	48,4769895616888	1	1046,66297618158	48,4769895616888
8270	918,719794238138	89,1275983491483	1	1081,28020576186	89,1275983491483
8286	1052,94606025703	25,0880248483205	1	947,053939742969	25,0880248483205
8330	871,016053029945	204,427540345236	1	1128,98394697006	204,427540345236
8359	895,644611021736	428,853115287189	0			1104,35538897826	428,853115287189
8373	891,404033528415	416,361372467542	0			1108,59596647159	416,361372467542
8407	841,599647622695	465,367957002181	0			1158,40035237731	465,367957002181
8415	888,440451036084	320,470238894981	1	1111,55954896392	320,470238894981
8445	640,228901931934	376,544038398791	0			1359,77109806807	376,544038398791
8495	590,277934855097	393,70173390551	0			1409,7220651449	393,70173390551
8895	-77,7132003438511	391,583918155787	0			2077,71320034385	391,583918155787
8956	518,257471967284	269,726350509057	1	1481,74252803272	269,726350509057
8986	525,433380834442	346,353010598467	0			1474,56661916556	346,353010598467
9001	555,949170304327	402,272513204631	0			1444,05082969567	402,272513204631
9035	564,408949994025	406,551307442068	0			1435,59105000597	406,551307442068
9052	558,266127861583	404,047588748472	0			1441,73387213842	404,047588748472
9079	744,255163520714	390,009251377453	0			1255,74483647929	390,009251377453
9103	786,788104580928	389,232084975021	0			1213,21189541907	389,232084975021
9139	813,442749207666	404,551082251958	0			1186,55725079233	404,551082251958
9183	168,282623758363	524,12824169543	0			1831,71737624164	524,12824169543
9225	1040,16737515311	584,900500746268	0			959,832624846886	584,900500746268
9319	1823,74097706816	477,862122802909	0			176,259022931837	477,862122802909
9406	1835,59973263046	481,813633612705	0			164,400267369539	481,813633612705
9449	1791,02384203074	465,193072512244	0			208,976157969256	465,193072512244
9494	1846,0673235794	393,081230202891	0			153,932676420598	393,081230202891
9546	1823,16395207973	345,619362569416	0			176,836047920272	345,619362569416
9610	1567,99885282685	211,522818672332	1	432,001147173147	211,522818672332
9619	576,156895111035	155,794376970881	1	1423,84310488896	155,794376970881
9635	555,680580061203	75,7196856291575	1	1444,3194199388	75,7196856291575
9681	760,81341504251	58,4004382272661	1	1239,18658495749	58,4004382272661
9708	586,196384027771	86,9655397145481	1	1413,80361597223	86,9655397145481
9728	288,928407285313	148,957852975691	1	1711,07159271469	148,957852975691
9752	352,004693853105	218,799321392371	1	1647,99530614689	218,799321392371
9777	316,299887629946	255,243432050958	1	1683,70011237005	255,243432050958
9794	399,769224554914	311,926169817923	1	1600,23077544509	311,926169817923
9846	142,826513295602	324,469776023442	0			1857,1734867044	324,469776023442
9854	159,563857482107	316,141625531859	0			1840,43614251789	316,141625531859
9884	117,587698460209	303,982961004949	0			1882,41230153979	303,982961004949
9900	120,415692675632	314,438326359998	0			1879,58430732437	314,438326359998
9931	415,806640899557	379,385900455612	0			1584,19335910044	379,385900455612
9946	437,832529472626	413,815565275729	0			1562,16747052737	413,815565275729
9980	584,161226372108	260,934038993742	1	1415,83877362789	260,934038993742
9995	418,617730042811	328,01739932089	1	1581,38226995719	328,01739932089
10029	211,655064029563	214,461102999081	1	1788,34493597044	214,461102999081
