26	939,053712091143	499,090060079913	0			1060,94628790886	499,090060079913
307	1507,29214072613	475,128096713075	0			492,707859273867	475,128096713075
350	1819,29414125708	855,566331930082	0			180,705858742921	855,566331930082
380	1452,73351098293	756,104156319838	0			547,266489017067	756,104156319838
393	1456,43084106319	771,30043007878	0			543,569158936808	771,30043007878
425	948,306034239356	654,738662658584	0			1051,69396576064	654,738662658584
438	991,409125194332	652,609801176411	0			1008,59087480567	652,609801176411
475	1053,0249836418	651,590361358858	0			946,975016358198	651,590361358858
531	1401,48826012564	519,033097344309	0			598,511739874356	519,033097344309
621	748,661280758558	549,273174698872	0			1251,33871924144	549,273174698872
670	769,532346262515	494,770529892539	0			1230,46765373748	494,770529892539
719	769,532346262515	494,770529892539	0			1230,46765373748	494,770529892539
761	645,653200612485	1063,97461563184	0			1354,34679938752	1063,97461563184
805	1115,45024731346	597,587739031243	0			884,549752686544	597,587739031243
832	989,974826614065	303,202373110196	1	1010,02517338594	303,202373110196
850	894,381776132506	326,517775908691	1	1105,61822386749	326,517775908691
879	789,614782823918	398,609868719962	0			1210,38521717608	398,609868719962
893	768,878892337378	414,004773424413	0			1231,12110766262	414,004773424413
918	703,358283516982	401,914411672731	0			1296,64171648302	401,914411672731
981	655,346300941123	465,744752638441	0			1344,65369905888	465,744752638441
1033	759,605980536699	509,424255225874	0			1240,3940194633	509,424255225874
1084	430,987060768036	532,475538106573	0			1569,01293923196	532,475538106573
1123	422,820206423767	863,239542680425	0			1577,17979357623	863,239542680425
1159	525,518570016004	692,303775490892	0			1474,481429984	692,303775490892
1206	207,442255449107	216,38122312958	1	1792,55774455089	216,38122312958
1253	1249,81249837747	346,413492371295	0			750,187501622531	346,413492371295
1297	1774,86505527982	471,387595744598	0			225,134944720181	471,387595744598
1324	1792,64030579996	493,306272354809	0			207,35969420004	493,306272354809
1341	1792,64030579996	493,306272354809	0			207,35969420004	493,306272354809
1372	850,94548313443	289,731445477894	1	1149,05451686557	289,731445477894
1431	149,571480115558	221,141450511132	0			1850,42851988444	221,141450511132
1521	810,692501376748	956,024288367738	0			1189,30749862325	956,024288367738
1611	1146,0682693037	332,068171780707	1	853,931730696298	332,068171780707
1660	1146,0682693037	332,068171780707	1	853,931730696298	332,068171780707
1699	1146,0682693037	332,068171780707	1	853,931730696298	332,068171780707
1734	415,180417666017	205,394821400445	1	1584,81958233398	205,394821400445
1762	19,3936253464073	152,253514443381	0			1980,60637465359	152,253514443381
1777	78,5709111213771	230,472682644433	0			1921,42908887862	230,472682644433
1816	232,899016949055	383,380986275307	0			1767,10098305095	383,380986275307
1825	257,215320142098	408,57172821492	0			1742,7846798579	408,57172821492
1870	-22,88611303946	249,200561314778	0			2022,88611303946	249,200561314778
1886	2,55012874486512	281,131355413712	0			1997,44987125513	281,131355413712
1916	40,5024649462619	224,657000959704	0			1959,49753505374	224,657000959704
1926	186,187028832934	376,549445041643	0			1813,81297116707	376,549445041643
1953	173,265692280299	337,875203155489	0			1826,7343077197	337,875203155489
1975	244,396937150743	401,305866038315	0			1755,60306284926	401,305866038315
2021	541,750067916778	407,250221973185	0			1458,24993208322	407,250221973185
2081	928,949859756505	581,737040620486	0			1071,05014024349	581,737040620486
2094	975,665085678348	658,371189133015	0			1024,33491432165	658,371189133015
2106	969,69324142555	629,665701681109	0			1030,30675857445	629,665701681109
2149	226,599410329388	268,453192295207	1	1773,40058967061	268,453192295207
2183	-93,7720294520156	242,232830249019	0			2093,77202945202	242,232830249019
2204	-36,4089188729075	248,865402709262	0			2036,40891887291	248,865402709262
2225	-138,580973539531	224,774332853222	0			2138,58097353953	224,774332853222
2242	-152,61447351611	203,573858421971	0			2152,61447351611	203,573858421971
2272	-133,159174329645	202,374163125209	0			2133,15917432965	202,374163125209
2320	-129,548324104653	197,293101585529	0			2129,54832410465	197,293101585529
2336	-126,088808255129	230,873680890741	0			2126,08880825513	230,873680890741
2377	425,338083409183	620,673463088374	0			1574,66191659082	620,673463088374
2411	-111,274979675252	205,471454163096	0			2111,27497967525	205,471454163096
2775	-31,6532665857605	206,389784362608	0			2031,65326658576	206,389784362608
2784	742,691726437664	659,81577269527	0			1257,30827356234	659,81577269527
2815	770,682627330784	464,376745621642	0			1229,31737266922	464,376745621642
2842	785,332442194083	362,08830643833	0			1214,66755780592	362,08830643833
2872	786,875433329914	366,446193377039	0			1213,12456667009	366,446193377039
2876	743,789486857075	416,471799884015	0			1256,21051314293	416,471799884015
2903	673,06952271355	449,721205760152	0			1326,93047728645	449,721205760152
2914	621,581062598253	420,673217907655	0			1378,41893740175	420,673217907655
2953	631,895565117417	429,897292007948	0			1368,10443488258	429,897292007948
2974	641,481783576229	446,908604863226	0			1358,51821642377	446,908604863226
2997	718,977050850652	446,334061961247	0			1281,02294914935	446,334061961247
3007	717,030194442392	480,078829527006	0			1282,96980555761	480,078829527006
3051	689,996240117467	443,369773607094	0			1310,00375988253	443,369773607094
3098	687,685096340311	392,305626300886	0			1312,31490365969	392,305626300886
3126	743,501002631975	411,45377922692	0			1256,49899736802	411,45377922692
3140	733,761369770855	408,897966828745	0			1266,23863022915	408,897966828745
3173	531,658797615018	400,821424471423	0			1468,34120238498	400,821424471423
3217	818,760678832016	379,2902704251	0			1181,23932116798	379,2902704251
3229	1140,93784934994	344,504310463289	0			859,062150650064	344,504310463289
3259	1078,22527016766	174,282549225433	1	921,774729832337	174,282549225433
4132	248,707160826254	183,052320112517	1	1751,29283917375	183,052320112517
4209	248,707160826254	183,052320112517	1	1751,29283917375	183,052320112517
4226	248,707160826254	183,052320112517	1	1751,29283917375	183,052320112517
4261	248,707160826254	183,052320112517	1	1751,29283917375	183,052320112517
4276	248,707160826254	183,052320112517	1	1751,29283917375	183,052320112517
4297	248,707160826254	183,052320112517	1	1751,29283917375	183,052320112517
4320	248,707160826254	183,052320112517	1	1751,29283917375	183,052320112517
4350	248,707160826254	183,052320112517	1	1751,29283917375	183,052320112517
4357	248,707160826254	183,052320112517	1	1751,29283917375	183,052320112517
7055	809,819221496582	329,164272965641	1	1190,18077850342	329,164272965641
7102	755,951164764108	916,872943116492	0			1244,04883523589	916,872943116492
7133	593,107917381682	563,350029578798	0			1406,89208261832	563,350029578798
7152	520,734249847501	351,175955753442	0			1479,2657501525	351,175955753442
7215	595,269000629455	417,913354720813	0			1404,73099937055	417,913354720813
7233	736,001907747829	660,690248212082	0			1263,99809225217	660,690248212082
7264	726,092470889624	742,466224507718	0			1273,90752911038	742,466224507718
7283	721,185714354187	715,805716491209	0			1278,81428564581	715,805716491209
7314	665,526183206117	640,111716009743	0			1334,47381679388	640,111716009743
7326	655,642423847812	560,10732166295	0			1344,35757615219	560,10732166295
7354	639,773004104287	596,712712100041	0			1360,22699589571	596,712712100041
7373	645,290283262724	610,829623305445	0			1354,70971673728	610,829623305445
7402	662,723313923748	613,776311829496	0			1337,27668607625	613,776311829496
7417	661,389877085228	625,238218569824	0			1338,61012291477	625,238218569824
7441	719,239983188672	578,592999492807	0			1280,76001681133	578,592999492807
7458	725,316914792575	506,045564191459	0			1274,68308520743	506,045564191459
7492	727,579061258003	497,509062960112	0			1272,420938742	497,509062960112
7554	670,763849974677	651,68301270006	0			1329,23615002532	651,68301270006
7582	779,884742688604	743,600216881893	0			1220,1152573114	743,600216881893
7608	780,865325520869	707,731026640729	0			1219,13467447913	707,731026640729
7640	832,85607557463	740,569902718561	0			1167,14392442537	740,569902718561
7677	522,635481465975	415,31960014572	0			1477,36451853402	415,31960014572
7714	565,154709708445	509,56099086986	0			1434,84529029155	509,56099086986
7727	549,671490118791	458,841863704565	0			1450,32850988121	458,841863704565
7760	687,308413028712	579,044729515519	0			1312,69158697129	579,044729515519
7775	904,925866575334	713,696757465154	0			1095,07413342467	713,696757465154
7823	943,612339185411	676,066552388685	0			1056,38766081459	676,066552388685
7850	1065,31933098427	616,627812707939	0			934,680669015732	616,627812707939
7866	1068,29176166071	609,027700764635	0			931,708238339288	609,027700764635
7898	1126,10140837081	534,67210210484	0			873,898591629193	534,67210210484
7946	1031,53974556107	669,311002684405	0			968,460254438932	669,311002684405
7957	1034,44440726966	662,978129381264	0			965,55559273034	662,978129381264
8001	1057,66896310095	542,28067709843	0			942,331036899055	542,28067709843
8029	1117,13052470496	477,940821265424	0			882,869475295038	477,940821265424
8111	1171,86995341679	449,534957261952	0			828,130046583205	449,534957261952
8124	1141,67154089531	533,75501742273	0			858,328459104687	533,75501742273
8135	1136,61724018603	530,224954390592	0			863,382759813974	530,224954390592
8182	693,138434530216	837,787562022591	0			1306,86156546978	837,787562022591
8209	545,028216390681	543,621790703753	0			1454,97178360932	543,621790703753
8225	573,087799488573	323,245338817739	1	1426,91220051143	323,245338817739
8272	595,326201730031	552,367840026412	0			1404,67379826997	552,367840026412
8303	1087,7753185151	404,857624531473	0			912,224681484897	404,857624531473
8319	861,497988742722	484,508673355839	0			1138,50201125728	484,508673355839
8346	810,027133799503	400,890775691356	0			1189,9728662005	400,890775691356
8357	724,188379546407	404,302818936267	0			1275,81162045359	404,302818936267
8389	618,049841989431	651,673080748425	0			1381,95015801057	651,673080748425
8410	596,256551272178	860,211108675798	0			1403,74344872782	860,211108675798
8455	599,012064047169	802,373592655952	0			1400,98793595283	802,373592655952
8479	566,429127944907	710,90695808965	0			1433,57087205509	710,90695808965
8496	559,358831158759	717,56072532291	0			1440,64116884124	717,56072532291
8553	542,495035505006	736,914448723991	0			1457,50496449499	736,914448723991
8578	601,500331742912	803,109576337927	0			1398,49966825709	803,109576337927
8622	537,769836293972	901,305028461347	0			1462,23016370603	901,305028461347
8631	505,146042192963	948,861149685193	0			1494,85395780704	948,861149685193
8709	481,570385189118	984,766734281479	0			1518,42961481088	984,766734281479
8719	650,979129053677	462,274566329031	0			1349,02087094632	462,274566329031
8750	744,636001690956	192,940893018537	1	1255,36399830904	192,940893018537
8766	777,932945197665	218,436703015338	1	1222,06705480234	218,436703015338
8799	794,66233556587	233,903437056447	1	1205,33766443413	233,903437056447
8844	722,278699877157	238,272328668388	1	1277,72130012284	238,272328668388
8949	755,683039692999	209,655361075994	1	1244,316960307	209,655361075994
8978	729,232215264083	208,29828084736	1	1270,76778473592	208,29828084736
9017	729,232215264083	208,29828084736	1	1270,76778473592	208,29828084736
9444	742,50602845621	-7,32360790144799	1	1257,49397154379	-7,32360790144799
9529	884,362318909284	164,381020289959	1	1115,63768109072	164,381020289959
9578	890,280339015726	136,337748012549	1	1109,71966098427	136,337748012549
9610	890,280339015726	136,337748012549	1	1109,71966098427	136,337748012549
9623	694,879265684692	47,5689502368191	1	1305,12073431531	47,5689502368191
9676	701,687859689593	68,5983440865333	1	1298,31214031041	68,5983440865333
9709	776,539546624153	95,4672414932655	1	1223,46045337585	95,4672414932655
9751	783,106262971641	80,1212248463625	1	1216,89373702836	80,1212248463625
9766	772,19739005269	77,6121320296029	1	1227,80260994731	77,6121320296029
9801	917,186550208237	-100,8278647614	0			1082,81344979176	-100,8278647614
9833	707,874722533063	-41,5611633010256	1	1292,12527746694	-41,5611633010256
9848	576,243030522554	-13,4706921780608	1	1423,75696947745	-13,4706921780608
9884	236,787180894614	42,9807105582966	1	1763,21281910539	42,9807105582966
9897	202,518312223095	38,0420243320664	1	1797,4816877769	38,0420243320664
