18	671,717778072977	332,054756943576	1	1328,28222192702	332,054756943576
67	660,374406240519	331,836392592873	1	1339,62559375948	331,836392592873
137	1197,53816968801	297,596759419985	1	802,461830311994	297,596759419985
156	1197,53816968801	297,596759419985	1	802,461830311994	297,596759419985
188	651,152083017294	800,020678880397	0			1348,84791698271	800,020678880397
199	671,730144197309	799,659045824755	0			1328,26985580269	799,659045824755
235	641,798115332184	815,702301646069	0			1358,20188466782	815,702301646069
264	650,11473617127	845,79810477629	0			1349,88526382873	845,79810477629
293	662,030418318237	855,99607978604	0			1337,96958168176	855,99607978604
300	677,97586457286	885,506367600231	0			1322,02413542714	885,506367600231
327	740,005048981038	879,151194056876	0			1259,99495101896	879,151194056876
337	874,418028332633	879,046310856172	0			1125,58197166737	879,046310856172
368	924,260758797995	859,332033349635	0			1075,73924120201	859,332033349635
378	906,726564490653	920,203228502121	0			1093,27343550935	920,203228502121
431	913,168762584284	914,187718176506	0			1086,83123741572	914,187718176506
461	1044,50580825042	799,109215612399	0			955,494191749579	799,109215612399
473	1056,76291396985	779,989467458363	0			943,237086030148	779,989467458363
502	1111,90723263944	696,709448586649	0			888,092767360563	696,709448586649
514	1074,88906218916	746,491782355033	0			925,110937810837	746,491782355033
598	517,978254798953	908,624698900729	0			1482,02174520105	908,624698900729
623	734,627471828101	733,815262937862	0			1265,3725281719	733,815262937862
636	985,528719208043	583,876657420645	0			1014,47128079196	583,876657420645
649	852,133789409062	648,828880535369	0			1147,86621059094	648,828880535369
684	943,469354025911	620,29800567251	0			1056,53064597409	620,29800567251
699	1025,31377656632	647,992260303215	0			974,686223433678	647,992260303215
751	1001,73166249787	674,292775987513	0			998,268337502133	674,292775987513
767	899,124819108881	691,352354623902	0			1100,87518089112	691,352354623902
771	903,601868819344	725,680697274833	0			1096,39813118066	725,680697274833
798	910,382092696914	745,808780815143	0			1089,61790730309	745,808780815143
816	901,08035711222	724,555042524071	0			1098,91964288778	724,555042524071
835	856,247253134522	672,261263830699	0			1143,75274686548	672,261263830699
878	921,071190270754	555,234616061275	0			1078,92880972925	555,234616061275
904	934,212510521364	549,320037808814	0			1065,78748947864	549,320037808814
922	933,407559970214	538,540967008641	0			1066,59244002979	538,540967008641
952	862,546847303155	596,099877274179	0			1137,45315269685	596,099877274179
966	853,679887197724	613,997235758069	0			1146,32011280228	613,997235758069
1001	830,710248331595	621,891358401323	0			1169,28975166841	621,891358401323
1065	657,61162751026	611,381645924336	0			1342,38837248974	611,381645924336
1496	773,457050014854	837,070358655521	0			1226,54294998515	837,070358655521
1599	1115,30390372168	84,4074428808505	1	884,696096278317	84,4074428808505
1656	996,757611024727	890,791303966906	0			1003,24238897527	890,791303966906
1662	1054,44296308802	672,271139054332	0			945,557036911975	672,271139054332
1700	1022,6527229359	727,668102848647	0			977,347277064102	727,668102848647
1719	1043,54677786295	353,759915683679	0			956,453222137052	353,759915683679
1733	1138,38049607645	172,502478248602	1	861,619503923547	172,502478248602
1777	1142,71990853544	248,99171142704	1	857,280091464557	248,99171142704
1805	1044,5042650454	356,619233824088	0			955,495734954602	356,619233824088
1822	1116,4196607859	254,666703213966	1	883,580339214103	254,666703213966
1850	1127,36822408643	313,661222664056	1	872,63177591357	313,661222664056
1870	1151,54499354442	102,022332277927	1	848,455006455583	102,022332277927
2226	1402,0674720937	28,4109747316312	1	597,9325279063	28,4109747316312
2277	1443,78205827139	125,414243427301	1	556,21794172861	125,414243427301
2313	1433,81701584427	86,7382752532011	1	566,182984155728	86,7382752532011
2408	1383,02499715564	31,0278300086841	1	616,975002844357	31,0278300086841
2448	1548,03383836468	111,848994219942	1	451,966161635316	111,848994219942
2548	1473,86470658879	334,076851130836	1	526,135293411206	334,076851130836
2593	1357,27049201052	360,746749788882	0			642,729507989482	360,746749788882
2623	1187,78114025223	484,130830253968	0			812,218859747767	484,130830253968
2632	1114,30745414665	536,881265653764	0			885,692545853355	536,881265653764
2680	1236,19925658802	390,624687339388	0			763,800743411985	390,624687339388
2720	1320,74360742921	102,621349003619	1	679,256392570785	102,621349003619
2750	1205,17139371526	350,612241239753	0			794,828606284742	350,612241239753
2769	1183,57978543645	455,842338821263	0			816,420214563554	455,842338821263
2797	1185,31252361965	494,11047999551	0			814,687476380346	494,11047999551
2883	554,085108686034	715,608616116861	0			1445,91489131397	715,608616116861
3128	1057,94191823422	147,007001506993	1	942,058081765777	147,007001506993
3170	906,099703396794	371,429506654242	0			1093,90029660321	371,429506654242
3217	1059,7846924164	303,243769783473	1	940,215307583605	303,243769783473
3622	1514,95985506422	332,984747980829	1	485,040144935781	332,984747980829
3658	1083,54263058758	637,857979105515	0			916,457369412419	637,857979105515
3672	979,163431745995	679,262084421321	0			1020,836568254	679,262084421321
3740	1012,3890374198	694,832003240503	0			987,610962580196	694,832003240503
3758	968,687022289501	669,329015877637	0			1031,3129777105	669,329015877637
3800	1288,28003022942	368,751397580531	0			711,71996977058	368,751397580531
3843	1319,95844742487	333,618430290891	1	680,041552575135	333,618430290891
3890	1312,81542505653	292,601446431353	1	687,184574943469	292,601446431353
3937	1429,16214775759	144,602693398196	1	570,837852242413	144,602693398196
3985	1516,68177588501	60,7682718296496	1	483,318224114986	60,7682718296496
4030	1481,81842468014	65,020482914552	1	518,181575319857	65,020482914552
4071	1515,38998926541	2,79423850623058	1	484,610010734592	2,79423850623058
4114	1619,05999297745	53,0040552222837	0			380,940007022547	53,0040552222837
4182	1377,86750670004	-94,4929877527715	0			622,13249329996	-94,4929877527715
4218	1455,8001618353	-1,98447798085251	1	544,1998381647	-1,98447798085251
4251	1629,09691662834	67,5173560942812	0			370,903083371662	67,5173560942812
4296	1607,05374952417	55,741657676506	1	392,946250475834	55,741657676506
4340	1618,31239103946	87,6740374023289	0			381,687608960536	87,6740374023289
4387	1499,32111289526	33,008284486892	1	500,67888710474	33,008284486892
4489	1478,505412969	220,000823659734	1	521,494587030997	220,000823659734
4526	1505,19822006472	140,353387184501	1	494,801779935275	140,353387184501
4566	1511,60272562871	138,023453841108	1	488,397274371289	138,023453841108
4585	1510,17346189361	138,54341423456	1	489,82653810639	138,54341423456
4653	1474,96495910447	131,984057627697	1	525,03504089553	131,984057627697
4699	1493,44091322816	150,404928099709	1	506,559086771845	150,404928099709
4719	1493,44091322816	150,404928099709	1	506,559086771845	150,404928099709
4749	1398,53733101804	188,854174484471	1	601,462668981963	188,854174484471
4793	1396,09581186895	179,491660134169	1	603,90418813105	179,491660134169
4840	1482,70045574589	123,336325720995	1	517,299544254113	123,336325720995
4878	1407,61668369863	85,3290513760473	1	592,383316301373	85,3290513760473
4930	1196,28575781305	11,3601143791375	1	803,714242186953	11,3601143791375
4984	1093,61234703863	280,38343672246	1	906,38765296137	280,38343672246
5001	414,866070335588	224,157763994458	1	1585,13392966441	224,157763994458
5019	162,336532419395	136,827269532237	0			1837,6634675806	136,827269532237
5109	1256,98508462143	146,601742115495	1	743,014915378569	146,601742115495
5149	1152,00803688815	278,660631715152	1	847,991963111853	278,660631715152
5162	1131,5103197249	272,426911409075	1	868,489680275102	272,426911409075
5195	1121,25998506547	267,610674023459	1	878,740014934529	267,610674023459
5245	1102,0618603182	262,386773180144	1	897,938139681803	262,386773180144
5301	1130,30519619786	154,685443492681	1	869,694803802135	154,685443492681
5336	1125,88807737746	163,564331724451	1	874,111922622539	163,564331724451
5380	1226,90002130175	193,463302878576	1	773,099978698251	193,463302878576
5890	1150,69572177134	238,167404269877	1	849,304278228661	238,167404269877
5916	1063,14448384405	389,55598175162	0			936,855516155947	389,55598175162
6000	1075,66070062829	489,144277561362	0			924,339299371713	489,144277561362
6031	823,507976840615	743,812676274251	0			1176,49202315939	743,812676274251
6048	825,815205441188	740,479257478954	0			1174,18479455881	740,479257478954
6093	1063,89784908428	471,892144322524	0			936,102150915718	471,892144322524
6138	1033,31056693044	479,570389210786	0			966,689433069557	479,570389210786
6184	1062,87365739856	441,369388767991	0			937,12634260144	441,369388767991
6199	1064,93273491227	439,21997976038	0			935,067265087733	439,21997976038
6227	907,94501933711	455,731571804823	0			1092,05498066289	455,731571804823
6318	1001,66292159689	196,984628340887	1	998,337078403115	196,984628340887
6370	985,123638659233	194,25291519036	1	1014,87636134077	194,25291519036
6501	1348,24238502478	137,926486054209	1	651,757614975222	137,926486054209
6545	1077,64386914695	358,305424836118	0			922,356130853054	358,305424836118
6765	1057,33662330603	61,401409647574	1	942,663376693972	61,401409647574
6828	1131,25677509987	47,3331169234334	1	868,743224900132	47,3331169234334
6915	1121,60624778772	48,5853799893578	1	878,393752212278	48,5853799893578
6948	1077,86339818467	31,3106286645257	1	922,136601815332	31,3106286645257
6993	1097,24136265123	31,9815717010145	1	902,758637348767	31,9815717010145
7042	1088,2331901972	55,5731389020554	1	911,766809802798	55,5731389020554
7083	1063,22629710505	36,6473481276381	1	936,773702894945	36,6473481276381
7128	1064,9983507497	43,9013844609954	1	935,0016492503	43,9013844609954
7179	1073,23399022173	61,5153167344376	1	926,766009778267	61,5153167344376
7219	1047,90624690403	85,9299393191618	1	952,093753095972	85,9299393191618
7263	1066,3969516251	146,872827273286	1	933,603048374897	146,872827273286
7327	972,665415149676	258,073195301733	1	1027,33458485032	258,073195301733
7624	1018,15987497472	307,203960242498	1	981,840125025283	307,203960242498
7666	1029,31767435907	334,092453339299	1	970,682325640928	334,092453339299
7718	1070,66721983463	338,333758237074	0			929,332780165367	338,333758237074
7809	1042,93546707499	401,522472452982	0			957,06453292501	401,522472452982
7846	954,117492873306	393,165134091739	0			1045,88250712669	393,165134091739
7895	980,043988809472	427,884354247238	0			1019,95601119053	427,884354247238
7937	1025,59251870986	420,97576870649	0			974,407481290139	420,97576870649
7984	1016,24679027678	410,502751527813	0			983,753209723222	410,502751527813
8028	1005,67073883748	410,103191277467	0			994,32926116252	410,103191277467
8074	289,737758204389	435,887290792396	0			1710,26224179561	435,887290792396
8121	324,506301500528	449,243382912783	0			1675,49369849947	449,243382912783
8161	329,259597121028	503,681594565074	0			1670,74040287897	503,681594565074
8258	350,506453529531	509,226789096619	0			1649,49354647047	509,226789096619
8302	369,816080729167	548,050946099894	0			1630,18391927083	548,050946099894
8341	355,985069343065	517,904763347941	0			1644,01493065694	517,904763347941
8391	343,82675812854	491,404411233669	0			1656,17324187146	491,404411233669
8431	1022,66207698094	522,581304821904	0			977,337923019064	522,581304821904
8480	1044,09957270648	500,018823297225	0			955,900427293516	500,018823297225
8526	1016,61189619916	503,709503934663	0			983,388103800845	503,709503934663
9706	1169,75935161307	39,6296687066561	1	830,240648386934	39,6296687066561
9743	1019,12555385948	228,975422793153	1	980,874446140524	228,975422793153
9796	1061,18041964613	210,407340058797	1	938,819580353869	210,407340058797
9835	1057,23581614104	251,303339354492	1	942,764183858963	251,303339354492
9885	1078,45460421293	248,816782539718	1	921,545395787069	248,816782539718
9921	979,425727762109	322,334054545332	1	1020,57427223789	322,334054545332
9969	1056,29199661234	264,820387278946	1	943,708003387665	264,820387278946
