511	689,693828693871	1044,95603560774	0			1310,30617130613	1044,95603560774
558	640,467592504804	1077,68832183769	0			1359,5324074952	1077,68832183769
595	640,467592504804	1077,68832183769	0			1359,5324074952	1077,68832183769
664	354,756435275457	1077,65639588019	0			1645,24356472454	1077,65639588019
669	274,525478789167	1067,43329972504	0			1725,47452121083	1067,43329972504
718	523,043010424494	1065,86313283192	0			1476,95698957551	1065,86313283192
726	704,831039730277	1048,85333521675	0			1295,16896026972	1048,85333521675
764	697,145926419071	1064,09449657332	0			1302,85407358093	1064,09449657332
794	779,521088631817	967,361495765315	0			1220,47891136818	967,361495765315
830	802,274227142334	926,643050672604	0			1197,72577285767	926,643050672604
937	1517,6937164998	812,482443489315	0			482,306283500202	812,482443489315
965	1517,6937164998	812,482443489315	0			482,306283500202	812,482443489315
972	1486,50826539041	862,78249276676	0			513,491734609593	862,78249276676
1002	1255,39404386368	969,558570051674	0			744,605956136318	969,558570051674
1030	1158,47264906949	992,122682018949	0			841,527350930512	992,122682018949
1051	1050,91232490002	1019,01948922536	0			949,087675099981	1019,01948922536
1110	1042,56295753807	1021,29234558433	0			957,437042461929	1021,29234558433
1143	1072,3307418542	1025,27362398302	0			927,669258145803	1025,27362398302
1157	1071,09657959951	1025,18972260203	0			928,903420400486	1025,18972260203
1210	1416,34434573473	740,617149344427	0			583,655654265271	740,617149344427
1304	1195,55731220924	796,980235454865	0			804,442687790757	796,980235454865
1361	799,602127075195	1049,2658172815	0			1200,3978729248	1049,2658172815
1375	942,773735513451	955,309093312938	0			1057,22626448655	955,309093312938
1410	934,361948334788	960,829349561011	0			1065,63805166521	960,829349561011
1424	852,718243230987	1029,49843682194	0			1147,28175676901	1029,49843682194
1450	836,209678722134	1039,07601232625	0			1163,79032127787	1039,07601232625
1472	948,636318693579	1013,28369727077	0			1051,36368130642	1013,28369727077
1496	841,54410381048	1039,30985529133	0			1158,45589618952	1039,30985529133
1515	878,005554935344	1030,65483114221	0			1121,99444506466	1030,65483114221
2529	184,00685331968	-59,0065569275917	0			1815,99314668032	-59,0065569275917
2579	263,547908449636	-117,07342039132	0			1736,45209155036	-117,07342039132
2623	343,530312942456	-85,0267715522769	0			1656,46968705754	-85,0267715522769
2665	357,694215896695	-80,6977072036241	0			1642,3057841033	-80,6977072036241
2819	363,915778595267	-78,7961448053	0			1636,08422140473	-78,7961448053
2889	366,470880107201	-78,9815169061201	0			1633,5291198928	-78,9815169061201
2938	416,745004993426	-118,3025743106	0			1583,25499500657	-118,3025743106
3028	425,765566532666	-96,7889449718092	0			1574,23443346733	-96,7889449718092
3071	395,324390991606	-100,622485892073	0			1604,67560900839	-100,622485892073
3114	408,811009745041	-136,629787902883	0			1591,18899025496	-136,629787902883
3522	1165,44750423493	741,419620384348	0			834,552495765069	741,419620384348
4441	-33,3320691747573	-3,558524516454	0			2033,33206917476	-3,558524516454
4445	815,089893032432	379,700248124764	0			1184,91010696757	379,700248124764
4470	844,391111991132	402,222671744439	0			1155,60888800887	402,222671744439
4515	755,136707723286	387,308059909369	0			1244,86329227671	387,308059909369
4529	921,225880338577	118,642628190059	1	1078,77411966142	118,642628190059
4568	906,637084605595	204,860376629233	1	1093,3629153944	204,860376629233
4583	739,386916010818	130,617614014421	1	1260,61308398918	130,617614014421
4602	783,013950237797	281,901184296354	1	1216,9860497622	281,901184296354
4618	685,190261814281	141,944061465029	1	1314,80973818572	141,944061465029
4647	711,461366925694	226,726702872437	1	1288,53863307431	226,726702872437
4692	-75,7105751734535	20,2403064622455	0			2075,71057517345	20,2403064622455
4738	-114,311506093119	-114,572022983808	0			2114,31150609312	-114,572022983808
4829	-98,0328112358414	-164,957171890832	0			2098,03281123584	-164,957171890832
5381	-104,674779404328	-68,5711302578783	0			2104,67477940433	-68,5711302578783
5411	62,4355279126214	117,636710428545	0			1937,56447208738	117,636710428545
5426	62,4355279126214	117,636710428545	0			1937,56447208738	117,636710428545
5454	-48,8124700123762	139,947072767676	0			2048,81247001238	139,947072767676
5471	172,79862191499	183,470593450024	1	1827,20137808501	183,470593450024
5503	250,52671878901	235,42354427748	1	1749,47328121099	235,42354427748
5516	391,076874213624	252,750169641106	1	1608,92312578638	252,750169641106
5565	279,466051248999	310,073201306454	1	1720,533948751	310,073201306454
5593	213,944123325654	360,42839828874	0			1786,05587667435	360,42839828874
5638	224,530417593169	361,822584443715	0			1775,46958240683	361,822584443715
5728	188,380921002731	242,148352761214	1	1811,61907899727	242,148352761214
5775	14,5360063966424	52,4319353896139	0			1985,46399360336	52,4319353896139
6400	-154,154657160194	153,336565297144	0			2154,15465716019	153,336565297144
6446	142,546402520732	81,913341830614	0			1857,45359747927	81,913341830614
6461	142,546402520732	81,913341830614	0			1857,45359747927	81,913341830614
6490	1054,63892422559	-18,2167510917854	1	945,361075774406	-18,2167510917854
6508	1313,37709235707	-39,3241660919632	1	686,622907642934	-39,3241660919632
6536	1662,34909908007	-72,492143654764	0			337,650900919926	-72,492143654764
6600	1353,58672628792	53,8483856811488	1	646,413273712076	53,8483856811488
6675	1656,15313384911	-68,622702678619	0			343,84686615089	-68,622702678619
6714	1656,15313384911	-68,622702678619	0			343,84686615089	-68,622702678619
6776	1456,94248236499	375,249230643361	0			543,057517635012	375,249230643361
7236	1321,84742554106	63,2411181820956	1	678,15257445894	63,2411181820956
7256	1321,84742554106	63,2411181820956	1	678,15257445894	63,2411181820956
7273	1335,40564239001	108,331073954095	1	664,594357609986	108,331073954095
7319	1260,35583165566	-87,910564196882	0			739,644168344337	-87,910564196882
7351	1253,15382443032	-106,7483014539	0			746,846175569681	-106,7483014539
7391	472,103740323154	321,324746063622	1	1527,89625967685	321,324746063622
7404	223,801226317537	503,33248639198	0			1776,19877368246	503,33248639198
7436	343,304739004734	537,529667569691	0			1656,69526099527	537,529667569691
7498	1212,66271855684	521,587732987843	0			787,33728144316	521,587732987843
7523	875,664796180312	685,735219855863	0			1124,33520381969	685,735219855863
7542	749,621205427698	718,073740905337	0			1250,3787945723	718,073740905337
7572	803,584836604674	738,481109586886	0			1196,41516339533	738,481109586886
7588	1133,20485617457	636,058880915316	0			866,795143825435	636,058880915316
7614	979,266694771781	708,936637937666	0			1020,73330522822	708,936637937666
7844	868,382836005449	835,467199322191	0			1131,61716399455	835,467199322191
7881	868,382836005449	835,467199322191	0			1131,61716399455	835,467199322191
7976	731,010817246915	988,428163500517	0			1268,98918275308	988,428163500517
8018	731,010817246915	988,428163500517	0			1268,98918275308	988,428163500517
8066	731,010817246915	988,428163500517	0			1268,98918275308	988,428163500517
8114	731,010817246915	988,428163500517	0			1268,98918275308	988,428163500517
8178	444,86130161406	989,393092195942	0			1555,13869838594	989,393092195942
8394	1625,95578289341	405,194913620239	0			374,044217106594	405,194913620239
8429	603,509521484375	830,235978927543	0			1396,49047851563	830,235978927543
8447	948,679259932598	752,861498177294	0			1051,3207400674	752,861498177294
8476	701,844634609689	843,759358597899	0			1298,15536539031	843,759358597899
8491	592,461894023569	906,263722488874	0			1407,53810597643	906,263722488874
8512	602,850178558174	987,439828573771	0			1397,14982144183	987,439828573771
8566	617,855314345876	1037,16415320397	0			1382,14468565412	1037,16415320397
8599	622,435236265482	1045,61491455231	0			1377,56476373452	1045,61491455231
8612	629,797936103105	1059,20039052752	0			1370,2020638969	1059,20039052752
8620	820,598734105645	964,411954153786	0			1179,40126589436	964,411954153786
8658	875,017874316424	937,376924618354	0			1124,98212568358	937,376924618354
8669	1116,52704442325	817,396941075313	0			883,472955576752	817,396941075313
8708	943,923080946174	903,145323583037	0			1056,07691905383	903,145323583037
8713	720,760555727516	1018,90455888971	0			1279,23944427248	1018,90455888971
8748	687,976319701362	1053,2451998726	0			1312,02368029864	1053,2451998726
8787	624,313015859265	918,09247132518	0			1375,68698414074	918,09247132518
8800	322,716770330773	525,921679453274	0			1677,28322966923	525,921679453274
8846	546,78331692761	705,487919943303	0			1453,21668307239	705,487919943303
8876	803,242297508493	981,685312958277	0			1196,75770249151	981,685312958277
8919	815,206242533563	1040,53098303316	0			1184,79375746644	1040,53098303316
8936	817,136039275212	1039,96047275963	0			1182,86396072479	1039,96047275963
8967	842,435772323445	1032,48105417111	0			1157,56422767656	1032,48105417111
9017	853,95956193745	1029,07424959792	0			1146,04043806255	1029,07424959792
9053	853,95956193745	1029,07424959792	0			1146,04043806255	1029,07424959792
9193	776,904153669536	1054,86454954143	0			1223,09584633046	1054,86454954143
9224	291,567864772957	249,953185832898	1	1708,43213522704	249,953185832898
9237	509,799060359545	568,660130445226	0			1490,20093964045	568,660130445226
9267	375,290861890537	344,991387079974	0			1624,70913810946	344,991387079974
9304	731,159180954893	496,233572877292	0			1268,84081904511	496,233572877292
9550	603,884601284385	234,873438450123	1	1396,11539871561	234,873438450123
9607	527,093170067253	577,617771045625	0			1472,90682993275	577,617771045625
9614	840,176401212636	336,086514578668	1	1159,82359878736	336,086514578668
9645	500,544534428108	811,35285020063	0			1499,45546557189	811,35285020063
9691	653,864349689522	641,956277339353	0			1346,13565031048	641,956277339353
9703	955,860561309316	403,922613446038	0			1044,13943869068	403,922613446038
9749	1245,7581500168	49,6737315920748	1	754,241849983197	49,6737315920748
9780	951,772166524362	241,928565619739	1	1048,22783347564	241,928565619739
9800	984,628220809773	216,686834375418	1	1015,37177919023	216,686834375418
9819	892,63816458754	363,283879930103	0			1107,36183541246	363,283879930103
9846	728,859829504669	529,372700379061	0			1271,14017049533	529,372700379061
9867	817,427184234423	509,544813824228	0			1182,57281576558	509,544813824228
9908	1000,65514641499	446,445207031926	0			999,344853585011	446,445207031926
9923	1215,15181788963	192,99359374312	1	784,848182110367	192,99359374312
9956	819,12787101417	495,825258261849	0			1180,87212898583	495,825258261849
9984	815,659665043726	492,83422299012	0			1184,34033495627	492,83422299012
