4	886,900839182834	647,481413418923	0			1113,09916081717	647,481413418923
79	907,954125265473	652,6356623424	0			1092,04587473453	652,6356623424
112	773,474360592543	570,683239428672	0			1226,52563940746	570,683239428672
220	794,803762590229	528,607664868534	0			1205,19623740977	528,607664868534
224	1343,24828706513	65,1494528337726	1	656,751712934871	65,1494528337726
263	1375,3873724601	145,520884137837	1	624,612627539897	145,520884137837
290	827,756343571853	482,24431417909	0			1172,24365642815	482,24431417909
316	829,914329268113	479,673958507253	0			1170,08567073189	479,673958507253
334	870,876762205758	462,610459225389	0			1129,12323779424	462,610459225389
381	841,402235314002	507,075234298895	0			1158,597764686	507,075234298895
422	851,563304617799	478,814390883477	0			1148,4366953822	478,814390883477
518	727,278231031301	537,683685940724	0			1272,7217689687	537,683685940724
663	591,242738989179	634,76366591791	0			1408,75726101082	634,76366591791
670	1371,43258400334	168,667370838128	1	628,567415996663	168,667370838128
695	1012,15755266833	335,532177611151	1	987,842447331672	335,532177611151
715	1284,58418378136	188,48286633565	1	715,41581621864	188,48286633565
749	856,668757275231	569,59857628206	0			1143,33124272477	569,59857628206
758	1099,40494300365	327,4774864309	1	900,595056996346	327,4774864309
791	854,04149878668	464,050010433018	0			1145,95850121332	464,050010433018
799	1088,16904503588	325,005089085213	1	911,830954964124	325,005089085213
848	828,661146840591	390,518413530261	0			1171,33885315941	390,518413530261
972	602,262211771845	63,5387115509324	1	1397,73778822816	63,5387115509324
1038	1127,23325957758	67,5070568937748	1	872,766740422418	67,5070568937748
1045	1174,64279197551	91,3460139590792	1	825,357208024493	91,3460139590792
1072	1021,87406941818	89,2349738582035	1	978,125930581818	89,2349738582035
1120	983,244883322552	94,711398934083	1	1016,75511667745	94,711398934083
1131	804,234910129273	164,56398068959	1	1195,76508987073	164,56398068959
1163	770,564693902401	145,142283876112	1	1229,4353060976	145,142283876112
1165	817,656988114797	170,819772330878	1	1182,3430118852	170,819772330878
1194	988,819394844368	-17,2454755596279	1	1011,18060515563	-17,2454755596279
1476	1530,55540411989	-53,4721949444801	1	469,444595880107	-53,4721949444801
1587	1553,46296489432	145,919668370346	1	446,537035105684	145,919668370346
1615	1468,17802750177	153,788135851655	1	531,82197249823	153,788135851655
1652	1468,17802750177	153,788135851655	1	531,82197249823	153,788135851655
1659	1061,955566697	295,734219832739	1	938,044433302998	295,734219832739
1690	950,291684580376	329,008403716037	1	1049,70831541962	329,008403716037
1701	892,258646602969	310,442566122115	1	1107,74135339703	310,442566122115
1743	930,83300863022	330,499435637372	1	1069,16699136978	330,499435637372
1779	785,316665913011	316,022209120381	1	1214,68333408699	316,022209120381
1795	640,27570617515	323,894126406285	1	1359,72429382485	323,894126406285
1840	799,453632036702	242,337991745014	1	1200,5463679633	242,337991745014
1864	739,890424731926	345,145001164935	0			1260,10957526807	345,145001164935
1882	810,044194066663	289,757214564219	1	1189,95580593334	289,757214564219
1919	895,052414056784	363,029001609261	0			1104,94758594322	363,029001609261
1930	1066,53210620351	314,02777301146	1	933,467893796491	314,02777301146
1957	1071,54089501451	330,826604464897	1	928,45910498549	330,826604464897
2019	956,126429478115	326,535074241182	1	1043,87357052189	326,535074241182
2046	891,335392633872	361,109408319609	0			1108,66460736613	361,109408319609
2064	852,526756991138	372,169490913217	0			1147,47324300886	372,169490913217
2114	836,598545024937	347,789389712492	0			1163,40145497506	347,789389712492
2138	715,153423624193	308,474420593405	1	1284,84657637581	308,474420593405
2160	650,844779511604	298,486956161716	1	1349,1552204884	298,486956161716
2183	884,060479505142	429,170481917532	0			1115,93952049486	429,170481917532
2197	742,578296928976	170,133377882337	1	1257,42170307102	170,133377882337
2229	760,403950168534	173,908801758999	1	1239,59604983147	173,908801758999
2246	1058,64234220872	150,315029004427	1	941,357657791278	150,315029004427
2319	938,851054653395	363,839778178841	0			1061,14894534661	363,839778178841
2358	-90,4915522603155	329,700948464652	0			2090,49155226032	329,700948464652
2377	241,237775192492	395,264606084489	0			1758,76222480751	395,264606084489
2409	128,126712756296	362,731858109966	0			1871,8732872437	362,731858109966
2455	765,611866824578	475,778500404225	0			1234,38813317542	475,778500404225
2463	765,692290696012	474,985713150411	0			1234,30770930399	474,985713150411
2495	776,830607385273	249,094608992363	1	1223,16939261473	249,094608992363
2510	765,618303467862	244,971893812567	1	1234,38169653214	244,971893812567
2542	385,70399513235	420,07720170336	0			1614,29600486765	420,07720170336
2558	326,822739305733	448,392313282835	0			1673,17726069427	448,392313282835
2589	299,978391930137	400,581663453515	0			1700,02160806986	400,581663453515
2598	543,120727730433	319,162100198144	1	1456,87927226957	319,162100198144
2647	549,657482356763	295,759714017449	1	1450,34251764324	295,759714017449
2675	746,414505111803	272,189185384566	1	1253,5854948882	272,189185384566
2947	51,9943681735437	-176,294520206141	0			1948,00563182646	-176,294520206141
2962	911,682602965716	66,2391764518603	1	1088,31739703428	66,2391764518603
2991	877,995465087626	201,60809994957	1	1122,00453491237	201,60809994957
3010	891,378819085844	441,557091839555	0			1108,62118091416	441,557091839555
3040	881,655213504132	484,000869499556	0			1118,34478649587	484,000869499556
3065	893,201486269845	486,249296016479	0			1106,79851373016	486,249296016479
3083	848,71124062862	566,023053307083	0			1151,28875937138	566,023053307083
3098	947,374729912854	445,589806829524	0			1052,62527008715	445,589806829524
3123	936,174006179515	450,511195616932	0			1063,82599382049	450,511195616932
3139	949,290470491369	422,397696008113	0			1050,70952950863	422,397696008113
3187	864,716874379876	547,405745384145	0			1135,28312562012	547,405745384145
3218	1054,9235541499	524,107065002888	0			945,076445850097	524,107065002888
3228	1028,29036173538	513,135174411181	0			971,70963826462	513,135174411181
3271	889,556356843879	409,990532347055	0			1110,44364315612	409,990532347055
3278	862,369954272394	379,076769632136	0			1137,63004572761	379,076769632136
3306	852,801808182456	356,752444987138	0			1147,19819181754	356,752444987138
3365	1131,77136686643	382,407895064535	0			868,228633133575	382,407895064535
3370	1165,73498448266	369,12603137916	0			834,26501551734	369,12603137916
3396	880,625876855996	254,517914930536	1	1119,374123144	254,517914930536
3413	952,033893377169	225,394969406195	1	1047,96610662283	225,394969406195
3440	960,108446995549	231,162074761302	1	1039,89155300445	231,162074761302
3465	1028,7655089739	234,33051899911	1	971,234491026099	234,33051899911
3513	1286,34096859727	106,445738811175	1	713,659031402726	106,445738811175
3540	1159,60927604931	185,786566437288	1	840,390723950685	185,786566437288
3560	1002,17225599689	243,432518264097	1	997,827744003111	243,432518264097
3590	549,561284544818	289,200828193411	1	1450,43871545518	289,200828193411
3592	676,343674396082	314,49867348268	1	1323,65632560392	314,49867348268
3633	475,606903149493	248,509558994465	1	1524,39309685051	248,509558994465
3667	424,688727748846	268,345516104364	1	1575,31127225115	268,345516104364
3683	388,689426900212	319,847317132991	1	1611,31057309979	319,847317132991
3711	345,728936012506	322,375870591244	1	1654,27106398749	322,375870591244
3730	340,970511353131	322,374096318141	1	1659,02948864687	322,374096318141
3756	282,89848694765	319,680821048966	1	1717,10151305235	319,680821048966
3800	305,075183957602	319,694404246629	1	1694,9248160424	319,694404246629
3842	392,541513443043	316,994465291473	1	1607,45848655696	316,994465291473
3855	406,464342871385	314,016679039183	1	1593,53565712862	314,016679039183
3871	367,102776401598	310,990245918009	1	1632,8972235984	310,990245918009
3894	152,281266442975	305,876299964197	0			1847,71873355703	305,876299964197
3911	128,608497935356	284,031686744061	0			1871,39150206464	284,031686744061
3936	196,609477256349	250,179405806534	1	1803,39052274365	250,179405806534
3965	475,032359272266	179,538060845997	1	1524,96764072773	179,538060845997
3991	272,134973231636	178,193886220111	1	1727,86502676836	178,193886220111
3999	503,10756798394	143,428624140564	1	1496,89243201606	143,428624140564
4024	294,565743317353	193,645620166197	1	1705,43425668265	193,645620166197
4040	512,320174029671	162,639390531568	1	1487,67982597033	162,639390531568
4087	266,913983689324	273,973786239416	1	1733,08601631068	273,973786239416
4117	812,828200106964	320,012455190343	1	1187,17179989304	320,012455190343
4135	856,219753820482	332,618350459335	1	1143,78024617952	332,618350459335
4161	886,886118091335	343,674745289941	0			1113,11388190867	343,674745289941
4171	876,958346390102	339,915286402926	0			1123,0416536099	339,915286402926
5078	1277,15625948119	635,90532441125	0			722,843740518811	635,90532441125
5159	77,6191785497573	266,04084090592	0			1922,38082145024	266,04084090592
5170	467,221411980235	287,181916922237	1	1532,77858801977	287,181916922237
5198	587,566374100905	304,124589547127	1	1412,43362589909	304,124589547127
5220	1007,32716716608	198,470357443393	1	992,672832833916	198,470357443393
5243	272,972366627465	295,104492096156	1	1727,02763337254	295,104492096156
5261	528,796361094064	273,549640531054	1	1471,20363890594	273,549640531054
5287	55,3592904436799	270,52615581772	0			1944,64070955632	270,52615581772
5306	202,685143580576	283,8451978739	1	1797,31485641942	283,8451978739
5329	191,129794517138	267,689367454535	1	1808,87020548286	267,689367454535
5347	335,241325173686	213,219226651146	1	1664,75867482631	213,219226651146
5377	140,033240794313	158,851759598264	0			1859,96675920569	158,851759598264
5396	407,652434441618	192,288898714601	1	1592,34756555838	192,288898714601
5408	516,548169319791	119,14350911913	1	1483,45183068021	119,14350911913
5450	835,831029682173	90,2221875617187	1	1164,16897031783	90,2221875617187
5476	872,337941030121	156,430038924251	1	1127,66205896988	156,430038924251
5495	878,954862354688	190,754130383556	1	1121,04513764531	190,754130383556
5500	875,135351460367	185,153093192916	1	1124,86464853963	185,153093192916
5516	902,028372082309	178,254323584442	1	1097,97162791769	178,254323584442
5535	1009,28532888156	200,872198191588	1	990,714671118436	200,872198191588
5552	978,810501713507	194,10218130619	1	1021,18949828649	194,10218130619
5599	896,037026672083	296,024029475625	1	1103,96297332792	296,024029475625
5629	697,49557305462	442,772883920545	0			1302,50442694538	442,772883920545
5645	674,957197937689	470,733511770809	0			1325,04280206231	470,733511770809
5659	673,437093307144	481,597292058702	0			1326,56290669286	481,597292058702
5671	699,766792954196	506,776567185285	0			1300,2332070458	506,776567185285
5687	693,512272028331	471,940861897091	0			1306,48772797167	471,940861897091
5704	747,989093444907	470,668648463025	0			1252,01090655509	470,668648463025
5739	725,35089729174	349,815298546173	0			1274,64910270826	349,815298546173
5751	724,410283700903	352,927350748519	0			1275,5897162991	352,927350748519
5762	754,468139084341	359,610157275752	0			1245,53186091566	359,610157275752
5779	910,262520029941	349,812852466575	0			1089,73747997006	349,812852466575
5795	935,979714690757	385,468256125175	0			1064,02028530924	385,468256125175
5807	879,216050699869	433,338445846444	0			1120,78394930013	433,338445846444
5825	972,310181422805	412,485885238347	0			1027,6898185772	412,485885238347
5867	833,478491047691	484,860820114727	0			1166,52150895231	484,860820114727
5886	742,941383195154	542,925900914175	0			1257,05861680485	542,925900914175
5905	771,037956122547	567,021726910996	0			1228,96204387745	567,021726910996
5930	767,497272061301	586,124286834199	0			1232,5027279387	586,124286834199
5966	746,520401121153	629,637579208113	0			1253,47959887885	629,637579208113
5969	738,740400421991	637,34541226027	0			1261,25959957801	637,34541226027
5977	820,04646012271	571,01539261253	0			1179,95353987729	571,01539261253
5989	876,197098684165	510,611018711207	0			1123,80290131584	510,611018711207
6005	901,289083618987	434,024984410353	0			1098,71091638101	434,024984410353
6038	897,908549572319	478,759337893153	0			1102,09145042768	478,759337893153
6062	768,915230554634	379,257007870514	0			1231,08476944537	379,257007870514
6081	753,770761314779	365,162353755946	0			1246,22923868522	365,162353755946
6104	767,826624074497	506,036326782352	0			1232,1733759255	506,036326782352
6126	775,198643062611	700,127805803627	0			1224,80135693739	700,127805803627
6158	813,784813680772	648,430795517858	0			1186,21518631923	648,430795517858
6199	819,045259372281	539,942524475057	0			1180,95474062772	539,942524475057
6214	790,137115219758	576,920098528263	0			1209,86288478024	576,920098528263
6243	740,835753130429	605,750645604971	0			1259,16424686957	605,750645604971
6258	727,767886835816	597,995971344685	0			1272,23211316418	597,995971344685
6279	701,681781077444	570,164082327292	0			1298,31821892256	570,164082327292
6294	691,691653842081	546,051794015424	0			1308,30834615792	546,051794015424
6339	552,724904085503	606,748288447473	0			1447,2750959145	606,748288447473
6352	559,076632112157	579,96559267188	0			1440,92336788784	579,96559267188
6357	551,812919206417	556,908383329555	0			1448,18708079358	556,908383329555
6370	605,755344804722	401,081516962217	0			1394,24465519528	401,081516962217
6394	543,218653186042	471,617704680668	0			1456,78134681396	471,617704680668
6414	543,610175391541	393,606913114256	0			1456,38982460846	393,606913114256
6433	587,47044680992	354,568664339184	0			1412,52955319008	354,568664339184
6460	622,193067852671	344,889266342455	0			1377,80693214733	344,889266342455
6511	716,493613938876	333,199378373868	1	1283,50638606112	333,199378373868
6524	684,890249207642	365,357528817581	0			1315,10975079236	365,357528817581
6549	679,280404139682	193,222164939953	1	1320,71959586032	193,222164939953
6569	633,678725688858	305,514945238694	1	1366,32127431114	305,514945238694
6575	571,718469103862	410,374633724619	0			1428,28153089614	410,374633724619
6596	523,379895639762	484,666390327362	0			1476,62010436024	484,666390327362
6604	530,848004060237	493,119443409096	0			1469,15199593976	493,119443409096
6638	506,737335447883	530,789419616671	0			1493,26266455212	530,789419616671
6654	499,183448868553	672,4816336011	0			1500,81655113145	672,4816336011
6669	494,053418096264	765,636948857179	0			1505,94658190374	765,636948857179
6698	491,042521257779	758,811414942961	0			1508,95747874222	758,811414942961
6703	454,320571954019	677,17265370722	0			1545,67942804598	677,17265370722
6707	456,372309575623	633,842712248177	0			1543,62769042438	633,842712248177
6728	447,959606599442	590,574605854238	0			1552,04039340056	590,574605854238
6740	433,962920161611	571,485111919072	0			1566,03707983839	571,485111919072
6753	443,775053473602	596,076235608555	0			1556,2249465264	596,076235608555
6794	525,78468896309	487,029709477918	0			1474,21531103691	487,029709477918
6810	506,433175719963	507,391740647883	0			1493,56682428004	507,391740647883
6828	474,098732252851	610,743598750146	0			1525,90126774715	610,743598750146
6834	537,280574088688	511,258739912683	0			1462,71942591131	511,258739912683
6847	521,199443507496	537,911881325233	0			1478,8005564925	537,911881325233
6863	435,345444615355	592,510616225666	0			1564,65455538464	592,510616225666
6875	476,858098829196	502,393901379979	0			1523,1419011708	502,393901379979
6893	467,955490205671	495,171485356126	0			1532,04450979433	495,171485356126
6909	478,424084430358	490,8154953738	0			1521,57591556964	490,8154953738
6932	429,343527727247	482,79808861259	0			1570,65647227275	482,79808861259
6954	548,788083344117	380,641528526275	0			1451,21191665588	380,641528526275
6964	510,339598263716	373,239696533929	0			1489,66040173628	373,239696533929
7354	202,552928739381	-86,0729876848508	0			1797,44707126062	-86,0729876848508
7402	119,708627250202	-108,566992014563	0			1880,2913727498	-108,566992014563
7415	137,118744535914	-64,2952735887042	0			1862,88125546409	-64,2952735887042
7433	203,757458142765	60,100036804415	1	1796,24254185723	60,100036804415
7448	181,361851125569	31,1110351837504	1	1818,63814887443	31,1110351837504
7463	134,541400164112	6,34530223401422	0			1865,45859983589	6,34530223401422
7473	186,66449252541	43,6027592178176	1	1813,33550747459	43,6027592178176
7507	205,013660149844	60,1424015043918	1	1794,98633985016	60,1424015043918
7534	57,3621556199446	-57,3912103936782	0			1942,63784438006	-57,3912103936782
7551	60,5182604645391	-55,088123530506	0			1939,48173953546	-55,088123530506
7568	144,754118245277	-1,87192180470404	0			1855,24588175472	-1,87192180470404
7579	84,4644189625333	-30,9775727375491	0			1915,53558103747	-30,9775727375491
7604	95,9633471475671	9,61746101639371	0			1904,03665285243	9,61746101639371
7624	-27,7663497692853	-21,6566924593323	0			2027,76634976929	-21,6566924593323
7641	4,94599787124656	-32,5501968903356	0			1995,05400212875	-32,5501968903356
7689	-47,3249798586226	-56,8837701898435	0			2047,32497985862	-56,8837701898435
7701	143,489446595856	28,9243369014112	0			1856,51055340414	28,9243369014112
7728	-3,21249727909621	-13,9181553153308	0			2003,2124972791	-13,9181553153308
7763	-45,2079566825231	-4,60143888231586	0			2045,20795668252	-4,60143888231586
7777	-70,7625636861097	-5,34329813221495	0			2070,76256368611	-5,34329813221495
7896	-23,5219813473402	-69,7313681033122	0			2023,52198134734	-69,7313681033122
7910	141,242936513956	67,8640313713473	0			1858,75706348604	67,8640313713473
7945	91,9038508197547	52,9599217909044	0			1908,09614918025	52,9599217909044
7961	155,167105361361	45,4249806872802	0			1844,83289463864	45,4249806872802
7992	-3,75114944651428	-40,5274130859801	0			2003,75114944651	-40,5274130859801
8001	16,8002621485816	-22,4712657533632	0			1983,19973785142	-22,4712657533632
8031	-39,1680648636957	-35,3418545902349	0			2039,1680648637	-35,3418545902349
8053	30,5370246786508	27,4646385247715	0			1969,46297532135	27,4646385247715
8080	-0,355367875351526	12,6502196721521	0			2000,35536787535	12,6502196721521
8090	64,1752247340155	62,5650444966398	0			1935,82477526598	62,5650444966398
8137	-7,51679712214569	4,65141518456632	0			2007,51679712215	4,65141518456632
8177	-62,2433585308554	-26,5109013669949	0			2062,24335853086	-26,5109013669949
8184	-62,8232966609839	-26,6361206657049	0			2062,82329666098	-26,6361206657049
8507	618,121713187702	627,144904565327	0			1381,8782868123	627,144904565327
8539	699,995229776623	429,731965984454	0			1300,00477022338	429,731965984454
8591	1008,52676425622	459,604817434145	0			991,473235743779	459,604817434145
8605	1017,41088141585	475,938640814947	0			982,589118584151	475,938640814947
8615	838,334998391284	347,900233012869	0			1161,66500160872	347,900233012869
8629	743,383108508984	427,352904606126	0			1256,61689149102	427,352904606126
8639	717,795152453309	446,279041201509	0			1282,20484754669	446,279041201509
8659	746,264347156078	348,886384360322	0			1253,73565284392	348,886384360322
8675	743,432115730009	350,130321603747	0			1256,56788426999	350,130321603747
8698	674,159063794466	495,401400127008	0			1325,84093620553	495,401400127008
8741	691,3817361618	441,891081910144	0			1308,6182638382	441,891081910144
8759	726,754076407588	294,026069838877	1	1273,24592359241	294,026069838877
8772	713,081295021529	314,069782556097	1	1286,91870497847	314,069782556097
8779	723,810543567924	408,934522189554	0			1276,18945643208	408,934522189554
8800	737,450454594281	407,470736980369	0			1262,54954540572	407,470736980369
8810	740,206031959094	413,159725330237	0			1259,79396804091	413,159725330237
8823	755,258581494485	484,544433379765	0			1244,74141850552	484,544433379765
8856	722,214863875304	567,30331723984	0			1277,7851361247	567,30331723984
8899	711,700665315562	557,606309380711	0			1288,29933468444	557,606309380711
8929	668,40895443607	463,046210104003	0			1331,59104556393	463,046210104003
8946	662,434738340514	415,208204768124	0			1337,56526165949	415,208204768124
8963	637,179997390374	455,322598796635	0			1362,82000260963	455,322598796635
8975	644,455209310704	469,757738710858	0			1355,5447906893	469,757738710858
9002	721,813561575895	775,528463539151	0			1278,18643842411	775,528463539151
9037	808,892806108278	850,107953976572	0			1191,10719389172	850,107953976572
9049	1291,66381668152	835,538718418535	0			708,336183318477	835,538718418535
9065	1127,19025195194	852,930750505111	0			872,809748048059	852,930750505111
9081	1115,2096807074	860,252027307411	0			884,790319292603	860,252027307411
9093	1025,79720498182	878,306506881029	0			974,20279501818	878,306506881029
9109	876,694174693504	902,733564632383	0			1123,3058253065	902,733564632383
9134	783,487056412613	921,523901341381	0			1216,51294358739	921,523901341381
9142	782,974984394229	930,788455644576	0			1217,02501560577	930,788455644576
9171	777,536604764662	953,813036232069	0			1222,46339523534	953,813036232069
9191	778,479818938565	974,498623669154	0			1221,52018106143	974,498623669154
9204	777,285804815358	977,597860383069	0			1222,71419518464	977,597860383069
9220	759,01072149865	994,414523381749	0			1240,98927850135	994,414523381749
9229	763,653892274407	1000,98026642361	0			1236,34610772559	1000,98026642361
9258	733,500421597672	987,869318278515	0			1266,49957840233	987,869318278515
9270	719,881156443934	1000,07902615527	0			1280,11884355607	1000,07902615527
9280	709,842323080906	995,888893147901	0			1290,15767691909	995,888893147901
9291	716,408230591836	986,436884980985	0			1283,59176940816	986,436884980985
9310	738,060211149982	958,167222920066	0			1261,93978885002	958,167222920066
9812	686,258556773362	1069,28238567718	0			1313,74144322664	1069,28238567718
9847	665,057086635948	1043,40626262897	0			1334,94291336405	1043,40626262897
9862	663,947206948571	1035,25153361349	0			1336,05279305143	1035,25153361349
9879	663,574410826398	1032,51245172117	0			1336,4255891736	1032,51245172117
9896	663,300533075562	1030,50016258134	0			1336,69946692444	1030,50016258134
9901	669,883824235591	1033,72648368798	0			1330,11617576441	1033,72648368798
9932	682,072142589002	1034,23046335847	0			1317,927857411	1034,23046335847
9949	694,099541742005	1035,36202818179	0			1305,900458258	1035,36202818179
9988	710,740697625097	1009,6649729575	0			1289,2593023749	1009,6649729575
9999	695,900803401124	1004,7800044916	0			1304,09919659888	1004,7800044916
10014	662,176159645148	1008,32625374303	0			1337,82384035485	1008,32625374303
