13	1000,6128403747	135,119760921338	1	999,387159625303	135,119760921338
56	994,116304112877	158,441253432034	1	1005,88369588712	158,441253432034
93	991,313275087227	168,503664814717	1	1008,68672491277	168,503664814717
100	968,879841486417	280,224627682039	1	1031,12015851358	280,224627682039
128	120,012920543057	194,639819484462	0			1879,98707945694	194,639819484462
555	870,481586147666	134,454538741323	1	1129,51841385233	134,454538741323
584	627,490096107656	-64,2746985406765	0			1372,50990389234	-64,2746985406765
685	1006,98489587284	249,888024063097	1	993,015104127162	249,888024063097
717	1036,30647628439	533,002949337967	0			963,693523715615	533,002949337967
729	1090,13483258109	407,420354859217	0			909,865167418913	407,420354859217
758	957,267246794567	614,835202382297	0			1042,73275320543	614,835202382297
807	926,870709766133	659,070839299074	0			1073,12929023387	659,070839299074
820	1036,99399029068	471,477766576302	0			963,006009709322	471,477766576302
832	965,81753125261	163,605584918448	1	1034,18246874739	163,605584918448
853	992,464203222924	358,427351554752	0			1007,53579677708	358,427351554752
872	984,808459640636	352,656560206448	0			1015,19154035936	352,656560206448
877	983,165243580595	336,484198283437	1	1016,83475641941	336,484198283437
894	974,682421007826	447,216251187117	0			1025,31757899217	447,216251187117
921	1072,56444763472	169,101692158479	1	927,435552365285	169,101692158479
952	1127,41191043187	29,5666130868773	1	872,588089568135	29,5666130868773
993	799,444953200887	408,670319068394	0			1200,55504679911	408,670319068394
1023	807,439977063735	411,077547333902	0			1192,56002293627	411,077547333902
1064	826,80422632247	422,885405299079	0			1173,19577367753	422,885405299079
1076	920,615519677922	336,018276067745	1	1079,38448032208	336,018276067745
1080	950,230081408229	438,009759308307	0			1049,76991859177	438,009759308307
1138	1111,24121005073	52,0369089489794	1	888,758789949271	52,0369089489794
1166	1062,24688792906	288,018220701562	1	937,75311207094	288,018220701562
1185	998,911284246838	531,639672560829	0			1001,08871575316	531,639672560829
1224	1000,68414494413	572,935712560428	0			999,315855055874	572,935712560428
1257	1045,33214412685	551,121504897814	0			954,667855873153	551,121504897814
1268	1130,97950876521	384,130475980447	0			869,020491234795	384,130475980447
1302	977,569026041139	508,225161121492	0			1022,43097395886	508,225161121492
1324	989,635464757213	430,69026421458	0			1010,36453524279	430,69026421458
1344	948,215599229657	430,404462285029	0			1051,78440077034	430,404462285029
1359	1008,57123906043	394,095153067475	0			991,428760939567	394,095153067475
1404	1010,73270809417	439,491556581156	0			989,26729190583	439,491556581156
1451	1064,83044105336	275,553264272012	1	935,169558946639	275,553264272012
1481	892,170856853656	579,959322085757	0			1107,82914314634	579,959322085757
1508	828,247568274757	728,927049361282	0			1171,75243172524	728,927049361282
1527	899,809626651071	746,547632111022	0			1100,19037334893	746,547632111022
1567	920,575639827179	804,814876885403	0			1079,42436017282	804,814876885403
1585	1057,6141901392	594,766263010238	0			942,385809860799	594,766263010238
1617	797,55189431876	721,33011609006	0			1202,44810568124	721,33011609006
1632	1299,2941166817	300,395148614883	1	700,705883318304	300,395148614883
1675	927,150613969504	594,111829082712	0			1072,8493860305	594,111829082712
1707	698,934704412804	537,708873125248	0			1301,0652955872	537,708873125248
1716	908,23925129571	424,261690647954	0			1091,76074870429	424,261690647954
1768	1029,93665199842	382,244961835683	0			970,063348001579	382,244961835683
1798	1346,18034453777	458,375531317352	0			653,819655462226	458,375531317352
1808	1289,23669018564	476,942186210866	0			710,763309814365	476,942186210866
1856	1243,52795817775	437,649842902495	0			756,472041822253	437,649842902495
1886	1209,79562063788	474,519473974151	0			790,204379362125	474,519473974151
1901	1204,48318403303	452,022496119081	0			795,516815966969	452,022496119081
1957	1202,82058122234	433,171633208311	0			797,179418777665	433,171633208311
2310	1727,11959888248	306,183236989199	0			272,880401117516	306,183236989199
2398	1908,90923657464	392,33964831933	0			91,090763425364	392,33964831933
2425	1124,32794169701	653,549971966692	0			875,672058302993	653,549971966692
2479	1150,685569413	606,568233946828	0			849,314430586996	606,568233946828
2485	1188,13732697487	487,340268071562	0			811,862673025134	487,340268071562
2517	1269,87327896458	272,982462590982	1	730,126721035416	272,982462590982
2532	1269,64649100451	153,005138458486	1	730,353508995488	153,005138458486
2559	1282,52370105272	62,2095038839967	1	717,476298947283	62,2095038839967
2579	1275,39471724501	62,8802797395734	1	724,605282754992	62,8802797395734
2606	1135,02519147087	222,188392012843	1	864,974808529126	222,188392012843
2652	793,997947264402	208,477730749907	1	1206,0020527356	208,477730749907
2673	95,4508050733592	160,954162233202	0			1904,54919492664	160,954162233202
2697	142,068267428569	173,741901454194	0			1857,93173257143	173,741901454194
2786	387,759982112156	185,301408331561	1	1612,24001788784	185,301408331561
2830	363,728090551679	203,027173883766	1	1636,27190944832	203,027173883766
2888	364,23196759576	195,145399684724	1	1635,76803240424	195,145399684724
2924	364,452413910801	191,697121779282	1	1635,5475860892	191,697121779282
2971	146,08233306786	447,733380664518	0			1853,91766693214	447,733380664518
2978	146,08233306786	447,733380664518	0			1853,91766693214	447,733380664518
3020	425,038767897539	380,351471636068	0			1574,96123210246	380,351471636068
3066	441,336733259085	375,013291523567	0			1558,66326674092	375,013291523567
3073	456,74055852918	389,102739712972	0			1543,25944147082	389,102739712972
3121	404,45135972183	544,498522326933	0			1595,54864027817	544,498522326933
3142	305,860809520433	508,856905066352	0			1694,13919047957	508,856905066352
3234	-46,1350721834547	377,959190051131	0			2046,13507218345	377,959190051131
3248	463,513894682949	311,938120292322	1	1536,48610531705	311,938120292322
3278	304,183836748182	346,418665263691	0			1695,81616325182	346,418665263691
3295	448,110425196275	344,826320422411	0			1551,88957480373	344,826320422411
3335	311,283403562956	368,734094417707	0			1688,71659643704	368,734094417707
3372	114,50412357922	399,380433761118	0			1885,49587642078	399,380433761118
3401	138,311623100184	411,483647396806	0			1861,68837689982	411,483647396806
3414	157,513969348935	405,951392132964	0			1842,48603065106	405,951392132964
3458	153,839592683112	410,705839325987	0			1846,16040731689	410,705839325987
3471	305,578440685343	451,291325317796	0			1694,42155931466	451,291325317796
3502	84,8925872488818	398,676767673604	0			1915,10741275112	398,676767673604
3554	86,4393210459992	398,209066377147	0			1913,560678954	398,209066377147
3591	71,7432691149163	419,981234412453	0			1928,25673088508	419,981234412453
3682	190,040603193265	390,933008529358	0			1809,95939680674	390,933008529358
3726	134,092460558252	214,205447098592	0			1865,90753944175	214,205447098592
4112	1166,17032640574	297,761594935105	1	833,829673594256	297,761594935105
4149	1153,51961500051	209,463023196602	1	846,480384999494	209,463023196602
4197	1156,10094082067	237,65951716507	1	843,899059179333	237,65951716507
4225	1157,23505606543	250,047753244689	1	842,764943934567	250,047753244689
4267	835,981177666426	672,559638249581	0			1164,01882233357	672,559638249581
4293	997,184881715983	545,76524258678	0			1002,81511828402	545,76524258678
4333	1067,98933811754	466,784592597946	0			932,010661882458	466,784592597946
4359	980,421704925891	563,435866993554	0			1019,57829507411	563,435866993554
4374	1007,66243016708	522,882838579035	0			992,33756983292	522,882838579035
4404	1019,08750044407	574,130716943675	0			980,912499555933	574,130716943675
4419	1065,82395506968	613,520964697632	0			934,176044930325	613,520964697632
4449	1075,90193109598	645,131082625601	0			924,098068904023	645,131082625601
4462	1085,18578731438	645,428199401061	0			914,814212685615	645,428199401061
4496	1026,14537204627	638,40940176878	0			973,854627953735	638,40940176878
4510	964,060842356251	631,653898794315	0			1035,93915764375	631,653898794315
4551	1000,84446604714	486,551049184713	0			999,15553395286	486,551049184713
4584	999,466956799623	493,79737653848	0			1000,53304320038	493,79737653848
4601	957,321150773992	596,721809160214	0			1042,67884922601	596,721809160214
4629	947,763182583077	630,163842096351	0			1052,23681741692	630,163842096351
4646	978,411828562047	553,225811868991	0			1021,58817143795	553,225811868991
4673	984,459059703369	586,255361326931	0			1015,54094029663	586,255361326931
4722	1128,19965537204	689,922698596843	0			871,800344627956	689,922698596843
4733	1192,21403940349	716,812647341435	0			807,785960596507	716,812647341435
4784	1145,23712823526	508,573578031092	0			854,762871764737	508,573578031092
4809	1125,47713860616	464,77238251916	0			874,522861393844	464,77238251916
4823	1109,77576201072	591,415580706116	0			890,224237989275	591,415580706116
4859	1087,5326614048	646,947064840226	0			912,467338595204	646,947064840226
4872	1085,74838153643	672,990167091329	0			914,251618463566	672,990167091329
4885	1068,76062349113	580,544782751624	0			931,239376508873	580,544782751624
4900	1067,61004445824	514,609970344233	0			932,389955541759	514,609970344233
4949	1133,45576704896	603,441578984903	0			866,544232951039	603,441578984903
4976	1172,99392124518	666,550270828756	0			827,006078754816	666,550270828756
4978	1076,83364304372	504,881158379388	0			923,166356956279	504,881158379388
5005	1103,53556238466	438,774678566261	0			896,46443761534	438,774678566261
5034	1098,23742983895	441,065498963818	0			901,762570161054	441,065498963818
5047	1092,39777649227	442,306558591208	0			907,602223507732	442,306558591208
5081	1052,42161331191	496,831965160054	0			947,578386688091	496,831965160054
5094	928,775367088951	567,072149739782	0			1071,22463291105	567,072149739782
5122	938,784170167186	557,439271561063	0			1061,21582983281	557,439271561063
5167	1082,82180231163	431,031323679463	0			917,178197688374	431,031323679463
5194	1101,64986082329	436,96897088713	0			898,350139176713	436,96897088713
5273	1114,20454170303	409,216113645514	0			885,795458296975	409,216113645514
5275	1146,6902724568	255,2462738107	1	853,309727543204	255,2462738107
5277	1145,85841375438	260,054346906081	1	854,141586245623	260,054346906081
5279	1128,90584651495	287,601910397437	1	871,094153485052	287,601910397437
5712	312,53820129197	114,217940438708	1	1687,46179870803	114,217940438708
5760	222,25535371157	224,107756394346	1	1777,74464628843	224,107756394346
5796	248,615192503007	262,390826999721	1	1751,38480749699	262,390826999721
5847	263,923463697693	301,822469170785	1	1736,07653630231	301,822469170785
5907	912,859821010948	-20,5113190848846	1	1087,14017898905	-20,5113190848846
5932	494,844822617886	100,610536955396	1	1505,15517738211	100,610536955396
5980	39,183305652994	244,189578351999	0			1960,81669434701	244,189578351999
6019	30,5370565640804	205,180127222112	0			1969,46294343592	205,180127222112
6068	-83,2766561759542	202,409898207609	0			2083,27665617595	202,409898207609
6113	-59,0039293962617	191,256739720111	0			2059,00392939626	191,256739720111
6170	29,1546079475398	235,593818884435	0			1970,84539205246	235,593818884435
6203	-66,5943279004223	202,327133059105	0			2066,59432790042	202,327133059105
6290	-80,4799694073625	231,413001877884	0			2080,47996940736	231,413001877884
6383	215,634797228964	426,05179704574	0			1784,36520277104	426,05179704574
6425	171,585586695995	409,297480097873	0			1828,414413304	409,297480097873
6471	42,537120986552	370,873580668941	0			1957,46287901345	370,873580668941
6514	79,6961723407192	371,590246888334	0			1920,30382765928	371,590246888334
6563	254,074841325959	433,471667944715	0			1745,92515867404	433,471667944715
6575	293,541454189233	435,133806312683	0			1706,45854581077	435,133806312683
6607	486,964753177896	455,359496257497	0			1513,0352468221	455,359496257497
6654	475,732336213918	461,314273575282	0			1524,26766378608	461,314273575282
6673	608,673458468234	454,601166946736	0			1391,32654153177	454,601166946736
6696	178,37178658916	142,295244852369	1	1821,62821341084	142,295244852369
6772	624,713668082524	78,339760164398	1	1375,28633191748	78,339760164398
7120	297,291579755765	276,72362137482	1	1702,70842024424	276,72362137482
7327	452,533926855785	495,33139344842	0			1547,46607314422	495,33139344842
7373	370,673496283374	519,645405887567	0			1629,32650371663	519,645405887567
7423	413,663586319354	542,221563296681	0			1586,33641368065	542,221563296681
7429	413,480657038357	542,125498360808	0			1586,51934296164	542,125498360808
7460	592,962580073843	246,014402629476	1	1407,03741992616	246,014402629476
7506	649,770003219369	80,8846174068471	1	1350,22999678063	80,8846174068471
7523	689,373926135426	121,413226469155	1	1310,62607386457	121,413226469155
7569	462,928698083905	461,202490117316	0			1537,0713019161	461,202490117316
7595	670,701818400839	287,485616565608	1	1329,29818159916	287,485616565608
7602	775,89191728559	147,563286463609	1	1224,10808271441	147,563286463609
7644	759,063651796549	101,787962162725	1	1240,93634820345	101,787962162725
7732	556,388213024942	224,880310985016	1	1443,61178697506	224,880310985016
7776	621,24365649177	154,967780791079	1	1378,75634350823	154,967780791079
7824	445,703585321031	375,593738178073	0			1554,29641467897	375,593738178073
7868	229,597692937461	498,12650152026	0			1770,40230706254	498,12650152026
7921	281,741461064421	491,991312067839	0			1718,25853893558	491,991312067839
7956	432,696533854256	502,779797356759	0			1567,30346614574	502,779797356759
8012	425,550735419841	508,994322905653	0			1574,44926458016	508,994322905653
8056	370,320591713754	514,893453064287	0			1629,67940828625	514,893453064287
8093	361,250226305788	533,583706339414	0			1638,74977369421	533,583706339414
8183	299,993086632787	553,784200409472	0			1700,00691336721	553,784200409472
8225	228,023353749494	498,821904945874	0			1771,97664625051	498,821904945874
8243	228,023353749494	498,821904945874	0			1771,97664625051	498,821904945874
8279	502,200409566142	464,766759617818	0			1497,79959043386	464,766759617818
8317	556,668739663134	456,918091133583	0			1443,33126033687	456,918091133583
8336	566,403211842296	470,994361026386	0			1433,5967881577	470,994361026386
8360	533,397343862315	560,993155867904	0			1466,60265613769	560,993155867904
8376	595,178714082556	634,068030700599	0			1404,82128591744	634,068030700599
8782	982,714270928145	5,80278685598391	1	1017,28572907185	5,80278685598391
8831	1203,70597962808	360,48586502167	0			796,294020371915	360,48586502167
8854	1114,80126676744	402,075561461115	0			885,198733232561	402,075561461115
8871	1100,39334247117	336,114190649912	1	899,606657528831	336,114190649912
8917	1034,18731028511	342,956797682948	0			965,812689714892	342,956797682948
8967	987,716300803077	378,316925750389	0			1012,28369919692	378,316925750389
8971	1033,28188256183	418,014285644592	0			966,718117438169	418,014285644592
9016	1052,02402994509	379,667501096496	0			947,975970054911	379,667501096496
9056	1149,74572269866	342,584188061691	0			850,25427730134	342,584188061691
9097	1189,24887467009	353,162428364533	0			810,751125329907	353,162428364533
9144	1286,43131207565	200,571575499443	1	713,568687924351	200,571575499443
9235	1543,83936020934	572,491741859066	0			456,160639790655	572,491741859066
9260	1327,14721284638	138,429519447777	1	672,852787153621	138,429519447777
9277	1256,78998866722	186,148801163074	1	743,210011332783	186,148801163074
9307	1184,08449406173	126,090433850986	1	815,915505938265	126,090433850986
9327	1141,3346012901	87,8382827924156	1	858,665398709898	87,8382827924156
9356	1059,5599742494	-29,0946179480311	1	940,440025750596	-29,0946179480311
9396	1032,6556258217	-51,29177330086	1	967,344374178297	-51,29177330086
9426	1032,6556258217	-51,29177330086	1	967,344374178297	-51,29177330086
9451	1032,6556258217	-51,29177330086	1	967,344374178297	-51,29177330086
9507	1199,91069601886	301,436844186101	1	800,089303981137	301,436844186101
9533	728,749328025686	470,966650859858	0			1271,25067197431	470,966650859858
9547	778,877558925224	485,627276205591	0			1221,12244107478	485,627276205591
9578	699,390037202791	555,873757259264	0			1300,60996279721	555,873757259264
9596	747,001196079736	444,210858738646	0			1252,99880392026	444,210858738646
9625	868,205129678264	439,936437539107	0			1131,79487032174	439,936437539107
9666	1023,23136859042	251,15850612489	1	976,76863140958	251,15850612489
9682	1080,22626278432	242,813731810394	1	919,773737215676	242,813731810394
9713	1074,70174040869	394,852015743479	0			925,298259591314	394,852015743479
9730	1060,41411033943	435,645598615711	0			939,585889660568	435,645598615711
9757	1088,04781107089	486,509260424471	0			911,95218892911	486,509260424471
9801	1107,25441616311	522,734771612604	0			892,745583836888	522,734771612604
9820	1092,94916395299	501,143906960454	0			907,050836047006	501,143906960454
9849	1137,81243318374	-8,56870825682437	1	862,187566816258	-8,56870825682437
9881	1148,30119927861	1,98204356922372	1	851,698800721392	1,98204356922372
9894	1007,33883355097	236,917969014496	1	992,661166449034	236,917969014496
9919	959,204109086341	268,991878496728	1	1040,79589091366	268,991878496728
9955	917,032496869815	379,768217383565	0			1082,96750313018	379,768217383565
9980	962,844830669652	460,582355192383	0			1037,15516933035	460,582355192383
9997	1009,72861420093	589,568848215471	0			990,271385799073	589,568848215471
