50	864,38790564767	784,789220615664	0			1135,61209435233	784,789220615664
73	827,033616346834	464,065755237637	0			1172,96638365317	464,065755237637
101	842,855338385446	630,874254521986	0			1157,14466161455	630,874254521986
115	721,127075291197	792,595871514503	0			1278,8729247088	792,595871514503
147	755,559562227583	737,199969189739	0			1244,44043777242	737,199969189739
163	729,418307728943	772,10787387603	0			1270,58169227106	772,10787387603
234	685,886765760897	829,186482407928	0			1314,1132342391	829,186482407928
247	916,831948684676	850,706534003262	0			1083,16805131532	850,706534003262
555	603,491408462277	678,041800691491	0			1396,50859153772	678,041800691491
569	685,948274976613	1023,75639543527	0			1314,05172502339	1023,75639543527
605	830,929640156227	713,186648654389	0			1169,07035984377	713,186648654389
641	881,13701121839	579,533270394774	0			1118,86298878161	579,533270394774
670	641,376731496465	567,183583963474	0			1358,62326850353	567,183583963474
716	402,068340387918	466,223746448592	0			1597,93165961208	466,223746448592
729	473,848260962599	499,26307299545	0			1526,1517390374	499,26307299545
745	773,218398194799	242,70912356048	1	1226,7816018052	242,70912356048
785	805,144926583924	267,781087885991	1	1194,85507341608	267,781087885991
822	810,841941801989	483,79247776708	0			1189,15805819801	483,79247776708
831	796,029669268738	523,570153666591	0			1203,97033073126	523,570153666591
863	821,755486872957	488,728830172256	0			1178,24451312704	488,728830172256
880	814,603840927144	500,155503687767	0			1185,39615907286	500,155503687767
906	770,786010524916	563,034705385307	0			1229,21398947508	563,034705385307
921	750,569654701862	593,970468298634	0			1249,43034529814	593,970468298634
990	751,083917993042	609,328624967993	0			1248,91608200696	609,328624967993
1005	853,62792668121	451,502317086498	0			1146,37207331879	451,502317086498
1015	840,585308154192	475,992173738168	0			1159,41469184581	475,992173738168
1040	848,570097542604	461,521669361232	0			1151,4299024574	461,521669361232
1061	851,067454924503	459,5551730422	0			1148,9325450755	459,5551730422
1067	866,641284876843	459,62888698616	0			1133,35871512316	459,62888698616
1090	876,632233211606	463,45500003709	0			1123,36776678839	463,45500003709
1134	867,818050925738	496,098402599885	0			1132,18194907426	496,098402599885
1152	860,646064993128	514,100007271168	0			1139,35393500687	514,100007271168
1166	873,342761554363	514,641963679936	0			1126,65723844564	514,641963679936
1177	879,322478048223	524,312849800552	0			1120,67752195178	524,312849800552
1194	897,752061107342	515,514660481443	0			1102,24793889266	515,514660481443
1224	891,254610324737	534,547441886302	0			1108,74538967526	534,547441886302
1241	898,797010511241	519,441459647883	0			1101,20298948876	519,441459647883
1269	933,193477264503	473,826746427915	0			1066,8065227355	473,826746427915
1292	918,449621712554	451,98214069985	0			1081,55037828745	451,98214069985
1303	907,059035898009	439,184746671939	0			1092,94096410199	439,184746671939
1314	937,556330370089	456,615958366433	0			1062,44366962991	456,615958366433
1330	955,301184196204	463,647182450922	0			1044,6988158038	463,647182450922
1363	970,989123283003	439,172796690686	0			1029,010876717	439,172796690686
1375	941,028901142425	419,16638581013	0			1058,97109885757	419,16638581013
1472	1015,52794650532	445,486906252404	0			984,47205349468	445,486906252404
1498	1118,90555076229	454,459228742662	0			881,094449237712	454,459228742662
1545	1227,30646947066	333,431661474044	1	772,693530529344	333,431661474044
1583	1466,05135524435	288,519852235338	1	533,948644755652	288,519852235338
1600	1331,08737016554	302,918484549118	1	668,912629834462	302,918484549118
1636	1302,6801656209	329,319208315317	1	697,319834379102	329,319208315317
1680	997,719676713696	392,640291409178	0			1002,2803232863	392,640291409178
1715	829,50105636251	431,555001819004	0			1170,49894363749	431,555001819004
1765	944,507916913156	364,998152222704	0			1055,49208308684	364,998152222704
1805	1012,75596222505	337,99542919102	0			987,244037774947	337,99542919102
1867	1017,41733983111	311,022719947387	1	982,582660168892	311,022719947387
1899	1017,41733983111	311,022719947387	1	982,582660168892	311,022719947387
1920	945,405860086089	359,982600671612	0			1054,59413991391	359,982600671612
1950	1072,82058266195	371,501223077841	0			927,179417338047	371,501223077841
1962	1062,46982409086	348,445673496747	0			937,530175909137	348,445673496747
1976	1029,18519288475	369,736354886979	0			970,814807115252	369,736354886979
1992	870,24545791819	433,557539979452	0			1129,75454208181	433,557539979452
2023	858,754372720084	449,833509625916	0			1141,24562727992	449,833509625916
2037	894,286995755214	469,847370984767	0			1105,71300424479	469,847370984767
2044	861,230462771199	516,00589730617	0			1138,7695372288	516,00589730617
2081	941,893539633644	529,142179868106	0			1058,10646036636	529,142179868106
2090	947,354340774523	496,784742407517	0			1052,64565922548	496,784742407517
2140	951,303139766797	496,334747856837	0			1048,6968602332	496,334747856837
2147	942,120103542302	469,473201763401	0			1057,8798964577	469,473201763401
2172	947,240447708544	482,111550112841	0			1052,75955229146	482,111550112841
2189	936,424926389478	475,25448302849	0			1063,57507361052	475,25448302849
2206	942,811515321762	489,711359657016	0			1057,18848467824	489,711359657016
2215	925,158742698699	515,357938994261	0			1074,8412573013	515,357938994261
2260	926,290258080271	515,593984563112	0			1073,70974191973	515,593984563112
2347	916,065171621378	521,902566625602	0			1083,93482837862	521,902566625602
2396	884,949115642066	625,375501217998	0			1115,05088435793	625,375501217998
2416	912,804458659571	581,109085562399	0			1087,19554134043	581,109085562399
2434	913,582927292641	599,49081988639	0			1086,41707270736	599,49081988639
2457	959,453290308601	537,988035394266	0			1040,5467096914	537,988035394266
2469	928,226233177303	552,277925570176	0			1071,7737668227	552,277925570176
2486	943,377962620212	538,390876590944	0			1056,62203737979	538,390876590944
2514	943,695833079137	530,776137170596	0			1056,30416692086	530,776137170596
2530	965,198736948491	499,157564785523	0			1034,80126305151	499,157564785523
2564	926,692882404351	530,717441626999	0			1073,30711759565	530,717441626999
2576	969,960975257357	496,199284733945	0			1030,03902474264	496,199284733945
2589	994,353456748256	393,854804908659	0			1005,64654325174	393,854804908659
2620	988,115912032835	391,812207814849	0			1011,88408796716	391,812207814849
2635	986,404331665608	369,963369080858	0			1013,59566833439	369,963369080858
2649	927,960862415008	455,474492555573	0			1072,03913758499	455,474492555573
2668	928,126200300598	442,556990682117	0			1071,8737996994	442,556990682117
2680	961,784867433118	398,479929294838	0			1038,21513256688	398,479929294838
2709	959,914488923974	399,297001704966	0			1040,08551107603	399,297001704966
2723	981,638046607471	389,129303773814	0			1018,36195339253	389,129303773814
2768	942,636803435702	374,901077471403	0			1057,3631965643	374,901077471403
2799	896,021584193705	394,684297196274	0			1103,9784158063	394,684297196274
2817	898,020171114908	387,225512413496	0			1101,97982888509	387,225512413496
2842	898,471553651034	394,928110167051	0			1101,52844634897	394,928110167051
2859	854,680944701657	362,570818608687	0			1145,31905529834	362,570818608687
2904	864,560634810105	355,794120681851	0			1135,43936518989	355,794120681851
3293	1056,62851673114	231,744857723816	1	943,371483268861	231,744857723816
3341	1191,39595895909	302,523075286991	1	808,604041040908	302,523075286991
3381	1100,52812812767	318,692652141375	1	899,471871872332	318,692652141375
3396	1034,50892721328	351,253244535802	0			965,49107278672	351,253244535802
3433	1010,25676671901	386,738050192146	0			989,743233280989	386,738050192146
3441	1028,88969063407	395,562535347495	0			971,110309365931	395,562535347495
3469	1037,36231083178	418,156281596064	0			962,637689168216	418,156281596064
3482	1027,37375088194	422,428330313872	0			972,626249118062	422,428330313872
3518	1015,41978844155	423,295447857523	0			984,580211558455	423,295447857523
3537	990,864830275854	425,510391702647	0			1009,13516972415	425,510391702647
3564	1042,19448720594	341,876517629863	0			957,80551279406	341,876517629863
3608	1136,83233581351	222,092660464352	1	863,167664186488	222,092660464352
3701	1338,52383017926	305,411061707769	1	661,476169820742	305,411061707769
3742	1092,89327578251	391,273961030958	0			907,106724217486	391,273961030958
3810	1216,04735817142	359,22219584863	0			783,952641828585	359,22219584863
3840	1170,38439043524	507,806404411629	0			829,615609564757	507,806404411629
3878	1247,4535755776	421,583375504087	0			752,546424422396	421,583375504087
3927	1273,77314808897	351,84835613055	0			726,226851911035	351,84835613055
3971	1228,52947833817	339,49773370836	0			771,470521661834	339,49773370836
3980	1153,30640448141	334,993223692799	1	846,693595518587	334,993223692799
4017	1117,25969685671	460,906078218501	0			882,740303143293	460,906078218501
4030	1080,60802902039	366,443656777724	0			919,391970979613	366,443656777724
4062	1104,49955535317	398,187925583216	0			895,500444646832	398,187925583216
4076	1077,83744107284	391,360814353801	0			922,16255892716	391,360814353801
4147	989,474341681414	362,001198885562	0			1010,52565831859	362,001198885562
4164	974,561080125712	342,883214587596	0			1025,43891987429	342,883214587596
4201	940,67388145829	300,738990063772	1	1059,32611854171	300,738990063772
4225	949,154445977417	342,7395837484	0			1050,84555402258	342,7395837484
4238	961,525204677934	425,913528356633	0			1038,47479532207	425,913528356633
4301	969,936238696848	352,552011861668	0			1030,06376130315	352,552011861668
4344	981,582776630413	268,37020573286	1	1018,41722336959	268,37020573286
4346	986,079791911597	270,711459255779	1	1013,9202080884	270,711459255779
4376	1004,47188230019	255,316563135459	1	995,528117699806	255,316563135459
4390	1015,30630777221	235,358476337533	1	984,693692227792	235,358476337533
4418	1029,38953944191	223,827170014233	1	970,610460558088	223,827170014233
4435	1006,12785860278	216,686223658246	1	993,872141397222	216,686223658246
4465	1006,35986344358	213,476377195897	1	993,640136556423	213,476377195897
4518	977,551023922348	218,185523785264	1	1022,44897607765	218,185523785264
4522	983,679519201466	238,825283263992	1	1016,32048079853	238,825283263992
4569	990,932389258339	218,688057445098	1	1009,06761074166	218,688057445098
4602	985,388541398708	224,442646492803	1	1014,61145860129	224,442646492803
4615	970,804799652762	225,098412268461	1	1029,19520034724	225,098412268461
4655	957,764177543747	231,920169968824	1	1042,23582245625	231,920169968824
4691	934,081205535897	221,937644585912	1	1065,9187944641	221,937644585912
4776	967,75569977498	234,258770450731	1	1032,24430022502	234,258770450731
4798	957,244591362247	232,706270212233	1	1042,75540863775	232,706270212233
4823	880,138790928295	226,485530566482	1	1119,86120907171	226,485530566482
4870	851,295179995302	316,521669487883	1	1148,7048200047	316,521669487883
4911	814,231115657955	384,402416204207	0			1185,76888434205	384,402416204207
4924	816,519297480682	343,334159733309	0			1183,48070251932	343,334159733309
4961	811,03048551349	270,690852388153	1	1188,96951448651	270,690852388153
4976	780,398280727291	292,764896243877	1	1219,60171927271	292,764896243877
5046	874,415095982143	257,189723569543	1	1125,58490401786	257,189723569543
5134	973,881338175061	200,553590877298	1	1026,11866182494	200,553590877298
5180	1001,44767884683	115,442731475416	1	998,552321153166	115,442731475416
5201	1001,44767884683	115,442731475416	1	998,552321153166	115,442731475416
5236	1207,88018782833	-77,5415712866302	0			792,119812171672	-77,5415712866302
5268	1303,05004174918	-155,200425067755	0			696,949958250822	-155,200425067755
5285	1303,39688835658	-155,917118751697	0			696,603111643418	-155,917118751697
5317	1137,52781870834	-130,160751652644	0			862,47218129166	-130,160751652644
5333	1100,32345382939	-125,10179916112	0			899,676546170609	-125,10179916112
5365	1109,96643131733	-126,691618901021	0			890,033568682666	-126,691618901021
5407	1068,1018065472	-60,3812641655857	0			931,898193452803	-60,3812641655857
5572	1169,15587391282	-34,6164030143902	1	830,844126087176	-34,6164030143902
5632	1136,56357453479	51,8162626477233	1	863,43642546521	51,8162626477233
5684	1155,08519638703	11,3093025622448	1	844,914803612965	11,3093025622448
5701	1111,46392845777	18,0638779917438	1	888,536071542225	18,0638779917438
5721	1089,80738191528	63,5809700938525	1	910,192618084722	63,5809700938525
5736	1074,18772952787	82,242537828312	1	925,812270472127	82,242537828312
5809	1040,83067502986	47,8267415578685	1	959,169324970141	47,8267415578685
5856	1100,14419308758	21,4585498832454	1	899,855806912419	21,4585498832454
5945	965,717599615696	375,962458063889	0			1034,2824003843	375,962458063889
6029	1022,32970203782	663,758731894449	0			977,670297962176	663,758731894449
6081	1166,25490651547	8,51425675190636	1	833,745093484527	8,51425675190636
6099	1093,82337430937	42,4841366750071	1	906,176625690631	42,4841366750071
6155	1038,50708887244	87,2016305610942	1	961,492911127564	87,2016305610942
6182	1024,55733216195	51,7324213729243	1	975,442667838055	51,7324213729243
6492	925,855252657893	-20,5805318642316	1	1074,14474734211	-20,5805318642316
6581	963,059617323397	-151,358911072894	0			1036,9403826766	-151,358911072894
6629	994,162273715615	-160,66168424602	0			1005,83772628439	-160,66168424602
6668	994,162273715615	-160,66168424602	0			1005,83772628439	-160,66168424602
6710	990,486231738477	-76,1246376642531	0			1009,51376826152	-76,1246376642531
6724	930,03355791191	-27,6171290557202	1	1069,96644208809	-27,6171290557202
6765	944,622800161201	-50,779840075399	1	1055,3771998388	-50,779840075399
6780	944,677794797711	-52,0331817811473	1	1055,32220520229	-52,0331817811473
6982	928,683284031149	-64,8402284334413	0			1071,31671596885	-64,8402284334413
6996	973,210623040554	-48,9275271284367	1	1026,78937695945	-48,9275271284367
7027	926,090255591054	18,2233612130141	1	1073,90974440895	18,2233612130141
7055	933,666590962233	-4,99533090221538	1	1066,33340903777	-4,99533090221538
7077	954,353638563726	-21,4333398941142	1	1045,64636143627	-21,4333398941142
7145	929,167288063952	1,30044636577287	1	1070,83271193605	1,30044636577287
7165	903,887188586148	67,1707239645576	1	1096,11281141385	67,1707239645576
7206	902,363623130431	48,0754178070145	1	1097,63637686957	48,0754178070145
7224	910,358196480222	25,3691721490252	1	1089,64180351978	25,3691721490252
7301	953,185353843977	9,4525884439977	1	1046,81464615602	9,4525884439977
7348	1055,45626643406	87,237014164325	1	944,543733565939	87,237014164325
7386	1066,36894190621	84,816782090467	1	933,631058093794	84,816782090467
7433	1059,99071570603	2,09657318423692	1	940,00928429397	2,09657318423692
7476	1146,39889057845	-29,8846911344206	1	853,601109421552	-29,8846911344206
7522	1186,48985828782	-28,1899925825995	1	813,510141712176	-28,1899925825995
7558	1127,27468496225	5,36856006452425	1	872,72531503775	5,36856006452425
7594	1081,83383460976	54,2084856452489	1	918,166165390239	54,2084856452489
7604	1036,27942384259	63,6878933841993	1	963,720576157414	63,6878933841993
7612	1025,21946942718	219,14257250219	1	974,780530572822	219,14257250219
7632	1019,56133576324	183,088451359884	1	980,43866423676	183,088451359884
7657	994,839357237554	157,167590382049	1	1005,16064276245	157,167590382049
7880	919,893737595444	458,532819451735	0			1080,10626240456	458,532819451735
7971	982,000357124798	403,222076358772	0			1017,9996428752	403,222076358772
8050	982,000357124798	403,222076358772	0			1017,9996428752	403,222076358772
8069	1029,23656648069	289,779316880434	1	970,76343351931	289,779316880434
8091	1103,68632591272	110,980334751384	1	896,313674087278	110,980334751384
8112	1076,97197342582	109,735939321978	1	923,028026574177	109,735939321978
8166	814,495392663253	175,580235531897	1	1185,50460733675	175,580235531897
8209	745,613004320262	210,390052282588	1	1254,38699567974	210,390052282588
8228	745,613004320262	210,390052282588	1	1254,38699567974	210,390052282588
8247	745,473530930417	213,199501878289	1	1254,52646906958	213,199501878289
8254	741,376263417171	235,268219985743	1	1258,62373658283	235,268219985743
8286	699,087931400765	241,011584883998	1	1300,91206859923	241,011584883998
8337	692,457324972293	244,118656634046	1	1307,54267502771	244,118656634046
8348	655,981529677492	248,812506984462	1	1344,01847032251	248,812506984462
8376	805,223182549419	237,57374585009	1	1194,77681745058	237,57374585009
8394	817,289816608385	233,252782120879	1	1182,71018339162	233,252782120879
8429	782,13063425061	222,782005862008	1	1217,86936574939	222,782005862008
8471	683,637266739781	214,051146413771	1	1316,36273326022	214,051146413771
8490	676,952986862139	213,355216389186	1	1323,04701313786	213,355216389186
8521	994,975940380283	51,0960584459389	1	1005,02405961972	51,0960584459389
8531	1197,68053502312	-33,4434592315886	1	802,319464976877	-33,4434592315886
8562	1132,66919424318	72,2781846132346	1	867,33080575682	72,2781846132346
8648	1071,35276424075	48,4826532281832	1	928,647235759254	48,4826532281832
8697	1093,82515817784	25,4588178032255	1	906,174841822158	25,4588178032255
8735	1091,21952325097	82,8313335242246	1	908,780476749032	82,8313335242246
8782	1154,72781334859	72,1881411389178	1	845,272186651405	72,1881411389178
8830	1166,51720442915	38,5618909780585	1	833,482795570847	38,5618909780585
9202	1177,07365461924	216,523077143849	1	822,926345380765	216,523077143849
9236	1395,34607921218	11,9674712983415	1	604,653920787824	11,9674712983415
9275	1317,74213980772	100,705200105253	1	682,257860192276	100,705200105253
9323	1332,27638211694	12,805032880505	1	667,723617883056	12,805032880505
9369	1466,41299503829	38,1077264276096	1	533,587004961712	38,1077264276096
9412	1342,64005929286	200,927058532679	1	657,359940707138	200,927058532679
9478	1294,15166539658	252,618978415823	1	705,848334603421	252,618978415823
9537	450,672848402104	758,972527209877	0			1549,3271515979	758,972527209877
9559	623,994404966531	681,774918724406	0			1376,00559503347	681,774918724406
9600	883,153844303463	553,444125162921	0			1116,84615569654	553,444125162921
9642	914,606676320603	542,195209941301	0			1085,3933236794	542,195209941301
9696	1041,89248319488	429,194057361198	0			958,107516805117	429,194057361198
9744	1100,485642	361,665107485467	0			899,514358000004	361,665107485467
9781	1245,85749528415	314,59543656802	1	754,142504715845	314,59543656802
9818	1369,7684396041	324,407604530663	1	630,231560395902	324,407604530663
9865	1369,73679786056	300,102672247131	1	630,26320213944	300,102672247131
9913	1327,34277379757	271,521687863394	1	672,657226202427	271,521687863394
