24	163,259057773008	305,461470365337	0			1836,74094222699	305,461470365337
32	181,56505665138	310,463614372081	1	1818,43494334862	310,463614372081
86	245,076263138558	332,70990646736	1	1754,92373686144	332,70990646736
105	218,285505926684	328,840711444642	1	1781,71449407332	328,840711444642
125	255,246627743056	332,794715144227	1	1744,75337225694	332,794715144227
150	151,69267577224	296,086994519565	0			1848,30732422776	296,086994519565
171	158,257999830619	301,950791160596	0			1841,74200016938	301,950791160596
211	182,313095701304	265,608997131584	1	1817,6869042987	265,608997131584
259	230,661821426363	200,087796905925	1	1769,33817857364	200,087796905925
266	249,682024099355	162,855639366569	1	1750,31797590065	162,855639366569
294	146,1549153528	178,920634924074	0			1853,8450846472	178,920634924074
306	259,290156723298	77,9331732327938	1	1740,7098432767	77,9331732327938
330	453,470598981747	72,7595551214492	1	1546,52940101825	72,7595551214492
350	395,683051494164	192,143208674589	1	1604,31694850584	192,143208674589
376	183,936671561675	257,61532350801	1	1816,06332843832	257,61532350801
394	313,945062385643	239,476066541675	1	1686,05493761436	239,476066541675
421	483,797325534055	272,265009205666	1	1516,20267446595	272,265009205666
435	734,688099905003	256,208017099082	1	1265,311900095	256,208017099082
480	1085,77539818977	186,172650524845	1	914,224601810231	186,172650524845
530	1201,09244826009	141,040774987493	1	798,907551739912	141,040774987493
570	1214,20577693353	113,576896358106	1	785,794223066473	113,576896358106
620	1217,93050732335	121,336809594602	1	782,069492676651	121,336809594602
703	1044,65217219973	284,662126002968	1	955,347827800269	284,662126002968
735	1089,89900755651	331,488347876288	1	910,100992443492	331,488347876288
754	1089,89900755651	331,488347876288	1	910,100992443492	331,488347876288
780	919,843201442611	507,491794846672	0			1080,15679855739	507,491794846672
798	1059,096134036	412,824188271358	0			940,903865964001	412,824188271358
840	989,321365776691	461,597108780235	0			1010,67863422331	461,597108780235
871	1322,27198143257	242,115370754564	1	677,728018567428	242,115370754564
887	1321,98967657652	242,552663406878	1	678,010323423479	242,552663406878
919	1404,68705139694	314,478612568219	1	595,312948603064	314,478612568219
935	1364,33579603947	307,127023789714	1	635,664203960531	307,127023789714
981	1159,20878801007	64,7542776475133	1	840,791211989929	64,7542776475133
1047	1287,33034545621	194,374000108232	1	712,669654543793	194,374000108232
1068	768,019220737442	263,592937213169	1	1231,98077926256	263,592937213169
1099	751,12236999993	393,594352053418	0			1248,87763000007	393,594352053418
1161	1243,08207576875	108,761829026684	1	756,917924231252	108,761829026684
1187	1168,75294605259	206,546895975382	1	831,247053947408	206,546895975382
1276	937,438579670434	347,625921590755	0			1062,56142032957	347,625921590755
1320	711,862804820237	268,511595121507	1	1288,13719517976	268,511595121507
1337	911,070985220958	253,020881581397	1	1088,92901477904	253,020881581397
1363	588,543898311694	173,002832916006	1	1411,45610168831	173,002832916006
1381	1056,5439037079	170,216084779754	1	943,456096292098	170,216084779754
1426	748,152725601808	180,516052969749	1	1251,84727439819	180,516052969749
1463	1251,03767335624	227,24183549486	1	748,962326643757	227,24183549486
1475	1213,14849239025	245,383593009603	1	786,851507609751	245,383593009603
1499	1037,1738448132	291,951126833916	1	962,826155186801	291,951126833916
1518	1020,0659393689	303,593503230154	1	979,934060631104	303,593503230154
1548	852,119978509961	217,232541678602	1	1147,88002149004	217,232541678602
1597	931,532332011358	172,809142572707	1	1068,46766798864	172,809142572707
1648	1232,3237383703	209,07659363114	1	767,676261629704	209,07659363114
1653	1262,30333991683	220,345205917114	1	737,696660083174	220,345205917114
1655	1186,88319854764	274,671216954757	1	813,116801452365	274,671216954757
1686	1127,00726733283	202,908658124246	1	872,992732667166	202,908658124246
1701	1104,80167088426	236,982110735019	1	895,198329115736	236,982110735019
1727	1108,2210009023	252,451193396852	1	891,778999097702	252,451193396852
1746	1115,9586437577	207,304136829706	1	884,041356242296	207,304136829706
2054	1096,7181258217	-73,435101352842	0			903,281874178297	-73,435101352842
2062	1329,36511981063	15,7049275698525	1	670,634880189371	15,7049275698525
2112	1352,46147243632	52,8082727759465	1	647,53852756368	52,8082727759465
2143	1361,39310175365	120,579473399427	1	638,606898246346	120,579473399427
2176	1230,94315686059	396,832980616939	0			769,056843139415	396,832980616939
2192	1169,94298922159	501,611205098185	0			830,057010778414	501,611205098185
2224	1183,51501228559	498,057622678018	0			816,484987714413	498,057622678018
2236	1285,38455081291	417,387305809743	0			714,615449187094	417,387305809743
2262	1328,12720552045	407,072142603431	0			671,872794479553	407,072142603431
2279	1318,00989921348	394,564695661643	0			681,990100786525	394,564695661643
2328	1275,20724966557	408,81300993772	0			724,792750334434	408,81300993772
2360	1142,90185072832	497,842191863548	0			857,098149271683	497,842191863548
2366	1087,38584112164	548,53149401819	0			912,614158878362	548,53149401819
2397	1104,17397758233	569,08773539501	0			895,826022417667	569,08773539501
2419	1184,37378376557	456,656945030824	0			815,626216234425	456,656945030824
2445	1225,78273545163	494,072119808853	0			774,217264548365	494,072119808853
2487	1243,66850033048	566,70608447378	0			756,331499669519	566,70608447378
2503	1321,37409987629	377,860778816032	0			678,625900123712	377,860778816032
2554	1246,95327644458	580,406169061845	0			753,04672355542	580,406169061845
2560	1316,12421036769	458,845454225121	0			683,875789632309	458,845454225121
2594	1283,4853572854	524,385201190947	0			716,514642714604	524,385201190947
2612	1243,73185809827	444,979794489463	0			756,268141901729	444,979794489463
2625	1224,41258231945	483,365629077831	0			775,587417680551	483,365629077831
2638	1222,88313934726	530,011250229789	0			777,116860652743	530,011250229789
2668	1227,69004890429	529,775273812207	0			772,309951095714	529,775273812207
2689	1245,57411743747	413,920464551979	0			754,425882562535	413,920464551979
2721	1229,11169291771	413,483283377333	0			770,88830708229	413,483283377333
2732	1240,63070724153	343,673109985314	0			759,369292758466	343,673109985314
2781	1101,45334632593	312,175267166134	1	898,546653674071	312,175267166134
2805	1141,14666467798	-18,8457346672196	1	858,853335322023	-18,8457346672196
2824	1138,21579940803	-15,9091897994696	1	861,784200591974	-15,9091897994696
2856	1148,06927430977	-50,1964123128496	1	851,93072569023	-50,1964123128496
2870	1207,48222563624	-48,7574983458339	1	792,517774363755	-48,7574983458339
2905	1232,88944588904	83,0685809730056	1	767,110554110957	83,0685809730056
2945	1054,43281765392	101,453043359959	1	945,567182346076	101,453043359959
2961	1064,76280100798	103,040731101332	1	935,23719899202	103,040731101332
2986	1153,36665067736	118,908721067503	1	846,633349322644	118,908721067503
3007	1211,21385722995	119,03362001637	1	788,786142770048	119,03362001637
3079	1315,09381636833	114,056581064065	1	684,906183631675	114,056581064065
3095	1207,67153645134	138,564559662414	1	792,328463548665	138,564559662414
3122	708,417419134818	222,108890424827	1	1291,58258086518	222,108890424827
3144	866,745788571777	217,884572994991	1	1133,25421142822	217,884572994991
3166	795,471115897004	224,366032410231	1	1204,528884103	224,366032410231
3187	770,695448380218	223,887728085879	1	1229,30455161978	223,887728085879
3257	1160,48726202215	172,835370500322	1	839,512737977852	172,835370500322
3299	705,226525365342	238,954273101336	1	1294,77347463466	238,954273101336
3343	947,567654069212	203,758333291859	1	1052,43234593079	203,758333291859
3502	743,475292415681	278,013424141376	1	1256,52470758432	278,013424141376
3535	743,475292415681	278,013424141376	1	1256,52470758432	278,013424141376
3547	871,412880290644	221,468079380718	1	1128,58711970936	221,468079380718
3571	829,672729014414	450,332367267548	0			1170,32727098559	450,332367267548
3589	911,853993684916	296,670094137637	1	1088,14600631508	296,670094137637
3619	969,617581887573	269,859472939847	1	1030,38241811243	269,859472939847
3636	1028,78042322295	223,908160506353	1	971,219576777052	223,908160506353
3680	1074,43906022675	252,413852739959	1	925,560939773253	252,413852739959
3704	1069,19070012753	312,142942057746	1	930,809299872471	312,142942057746
3721	1082,9190661511	303,163772529948	1	917,080933848897	303,163772529948
3750	950,321342084001	530,410652311113	0			1049,678657916	530,410652311113
3767	966,636279625263	517,430099502397	0			1033,36372037474	517,430099502397
3796	984,736430193684	502,21206165212	0			1015,26356980632	502,21206165212
3839	1075,50339460933	411,195228225513	0			924,496605390668	411,195228225513
3859	1081,53568117821	397,341101322821	0			918,464318821793	397,341101322821
3887	953,112721425224	469,548385782908	0			1046,88727857478	469,548385782908
3902	963,889152495909	452,031567986076	0			1036,11084750409	452,031567986076
3927	902,650739744977	481,152391332865	0			1097,34926025502	481,152391332865
3964	1038,69476227685	387,690956767893	0			961,305237723149	387,690956767893
3992	1014,7602972042	454,047233682543	0			985,239702795797	454,047233682543
3995	1148,44828163632	317,962318085853	1	851,551718363675	317,962318085853
4025	1234,82021773663	308,495097750381	1	765,179782263372	308,495097750381
4052	1227,43455569576	253,618212504382	1	772,565444304244	253,618212504382
4066	1168,39899378842	415,480215590038	0			831,601006211579	415,480215590038
4082	1276,46210145218	233,826780238369	1	723,537898547815	233,826780238369
4127	1332,09113695172	213,386223828853	1	667,908863048279	213,386223828853
4153	1147,16457205462	478,596874552955	0			852,835427945383	478,596874552955
4168	1268,69241150958	398,583418349129	0			731,307588490417	398,583418349129
4198	1265,18860175816	406,681231997918	0			734,811398241842	406,681231997918
4216	1270,78731388035	262,264733882554	1	729,212686119652	262,264733882554
4250	1257,89229891984	320,324282213317	1	742,107701080161	320,324282213317
4290	1242,3204044222	351,355091713389	0			757,6795955778	351,355091713389
4324	1241,31113978389	310,163707227648	1	758,688860216109	310,163707227648
4339	1195,57021232308	287,815406519916	1	804,429787676925	287,815406519916
4351	1001,17946896749	304,638226808902	1	998,820531032511	304,638226808902
4387	989,526216802803	386,885723815588	0			1010,4737831972	386,885723815588
4451	815,936018882071	203,353782413896	1	1184,06398111793	203,353782413896
4487	1197,2821380714	237,899973491604	1	802,7178619286	237,899973491604
4530	961,89935959608	199,391440758615	1	1038,10064040392	199,391440758615
4894	1027,02322654354	37,7162159283296	1	972,976773456462	37,7162159283296
4937	717,387439517913	-42,1801714315527	1	1282,61256048209	-42,1801714315527
4965	802,479213720878	175,427991454655	1	1197,52078627912	175,427991454655
5027	1133,04298408854	180,679732818998	1	866,957015911461	180,679732818998
5057	1100,5336687413	214,207185691537	1	899,466331258698	214,207185691537
5078	1001,14630747402	134,594076250838	1	998,853692525982	134,594076250838
5098	1135,33369107715	226,706851191414	1	864,666308922851	226,706851191414
5116	1157,71264830707	238,139248794648	1	842,287351692926	238,139248794648
5150	1184,9128147934	279,538128755921	1	815,087185206603	279,538128755921
5235	1030,77935771263	545,304610192662	0			969,220642287368	545,304610192662
5373	686,467024423544	486,598816504943	0			1313,53297557646	486,598816504943
5429	684,196230200116	468,106715332574	0			1315,80376979988	468,106715332574
5475	1190,54590120285	155,028743198585	1	809,454098797153	155,028743198585
5507	1282,69110354279	42,306724628937	1	717,308896457205	42,306724628937
5529	1315,23758477586	-6,76133662681115	1	684,762415224138	-6,76133662681115
5557	1258,12012916167	46,7789973705241	1	741,879870838335	46,7789973705241
5572	1205,36406733575	102,051832237949	1	794,635932664254	102,051832237949
5593	1166,48728575841	140,602087897008	1	833,512714241589	140,602087897008
5646	1072,75092826357	233,454710680655	1	927,249071736433	233,454710680655
5688	1095,42541312976	220,643978104086	1	904,574586870242	220,643978104086
5705	1153,33420061168	133,707438422403	1	846,665799388318	133,707438422403
5732	1102,59421220593	135,817005694817	1	897,40578779407	135,817005694817
5755	1242,56532839393	63,9351349515667	1	757,434671606067	63,9351349515667
5778	1117,55435886289	183,588527115704	1	882,445641137115	183,588527115704
5929	1165,10523330047	-37,8398141485299	1	834,894766699535	-37,8398141485299
5977	1165,10523330047	-37,8398141485299	1	834,894766699535	-37,8398141485299
5983	1239,08622199523	-60,8448918720727	0			760,913778004771	-60,8448918720727
6001	1230,08979520118	-35,8025349479405	1	769,910204798821	-35,8025349479405
6019	868,523590174909	142,4092693304	1	1131,47640982509	142,4092693304
6045	789,838936122009	269,199870319342	1	1210,16106387799	269,199870319342
6087	718,848126529723	360,739974315755	0			1281,15187347028	360,739974315755
6136	751,514860272209	417,055528503973	0			1248,48513972779	417,055528503973
6152	745,950587761426	429,048594229471	0			1254,04941223857	429,048594229471
6180	969,340008462778	252,906345135529	1	1030,65999153722	252,906345135529
6205	1125,53563017957	131,739204903361	1	874,464369820427	131,739204903361
6325	813,178635878084	35,0712277921399	1	1186,82136412192	35,0712277921399
6349	1223,8008665807	-21,7597991816179	1	776,199133419296	-21,7597991816179
6406	835,90112566932	66,6129339509577	1	1164,09887433068	66,6129339509577
6450	1000,42510912256	179,34745905848	1	999,574890877437	179,34745905848
6504	793,005501355217	136,23110884677	1	1206,99449864478	136,23110884677
6542	627,302533364529	424,871819433118	0			1372,69746663547	424,871819433118
6589	1010,33960649963	154,542327866572	1	989,660393500369	154,542327866572
6683	48,5188011984223	175,35777299158	0			1951,48119880158	175,35777299158
6695	418,709773780826	104,963077833841	1	1581,29022621917	104,963077833841
6728	782,969052999761	96,0227502084504	1	1217,03094700024	96,0227502084504
6744	709,904284624238	130,704641686734	1	1290,09571537576	130,704641686734
6780	751,434998832542	63,24247131752	1	1248,56500116746	63,24247131752
6794	752,960877637682	68,1122984902992	1	1247,03912236232	68,1122984902992
6826	682,077142525457	66,3802407972435	1	1317,92285747454	66,3802407972435
6854	421,688636152681	130,568303050228	1	1578,31136384732	130,568303050228
6875	479,175679624421	121,297164323068	1	1520,82432037558	121,297164323068
6901	749,287267634511	85,5077215697804	1	1250,71273236549	85,5077215697804
6920	801,591887574129	59,0973006117336	1	1198,40811242587	59,0973006117336
6949	830,342721817976	55,5410732890395	1	1169,65727818202	55,5410732890395
6998	978,572551809696	123,768198077271	1	1021,4274481903	123,768198077271
7016	989,153783379977	94,9631910653657	1	1010,84621662002	94,9631910653657
7037	505,463450208812	133,786016472101	1	1494,53654979119	133,786016472101
7063	751,755379521643	-38,3356589998754	1	1248,24462047836	-38,3356589998754
7084	459,674638288306	92,9150305643462	1	1540,32536171169	92,9150305643462
7101	369,632356107508	132,59403458712	1	1630,36764389249	132,59403458712
7125	325,229121524015	142,906301534393	1	1674,77087847599	142,906301534393
7156	275,774760028636	151,998603376766	1	1724,22523997136	151,998603376766
7170	235,960254275568	178,014281162339	1	1764,03974572443	178,014281162339
7222	252,646119177178	172,14814023928	1	1747,35388082282	172,14814023928
7239	344,609096092711	142,089251576777	1	1655,39090390729	142,089251576777
7286	384,290380385316	130,845089695703	1	1615,70961961468	130,845089695703
7305	350,849984372134	160,141443967918	1	1649,15001562787	160,141443967918
7324	355,653267975501	155,933398762391	1	1644,3467320245	155,933398762391
7346	363,737572047556	203,722934724061	1	1636,26242795244	203,722934724061
7370	385,393939815646	202,841807608695	1	1614,60606018435	202,841807608695
7393	369,273277561915	189,82011370722	1	1630,72672243808	189,82011370722
7440	408,403981231668	88,9760416559346	1	1591,59601876833	88,9760416559346
7487	359,190743218506	121,251473295116	1	1640,80925678149	121,251473295116
7506	310,56180787318	154,752028640825	1	1689,43819212682	154,752028640825
7530	386,417851863467	177,192153415968	1	1613,58214813653	177,192153415968
7549	611,742132597955	189,091246384477	1	1388,25786740204	189,091246384477
7590	718,117376101473	151,128076108568	1	1281,88262389853	151,128076108568
7604	736,806481495175	134,75150479794	1	1263,19351850482	134,75150479794
7622	740,163228698103	105,263871636368	1	1259,8367713019	105,263871636368
7636	761,399882069382	124,372714204625	1	1238,60011793062	124,372714204625
7665	770,348315611795	108,784928196496	1	1229,65168438821	108,784928196496
7684	794,857743594706	101,446319878582	1	1205,14225640529	101,446319878582
7738	958,245598206266	127,25984626516	1	1041,75440179373	127,25984626516
7762	983,52551131157	131,665760824265	1	1016,47448868843	131,665760824265
7769	1034,64842928366	135,740516611205	1	965,351570716341	135,740516611205
7801	1101,99030395291	49,0169170659611	1	898,009696047094	49,0169170659611
7820	1045,92583124219	26,7450186125162	1	954,07416875781	26,7450186125162
7851	999,606238749441	9,72645111744377	1	1000,39376125056	9,72645111744377
7888	1185,10033395296	77,9180695292728	1	814,899666047044	77,9180695292728
7905	1218,75146985847	52,2796189543486	1	781,248530141527	52,2796189543486
7937	1075,44189751568	36,2260329482199	1	924,558102484317	36,2260329482199
7985	676,682057413692	16,2101649316378	1	1323,31794258631	16,2101649316378
8024	467,456807343897	37,7418917328824	1	1532,5431926561	37,7418917328824
8042	401,362644430117	47,0664818475045	1	1598,63735556988	47,0664818475045
8070	471,442580802434	81,7623011279856	1	1528,55741919757	81,7623011279856
8088	954,431594056715	99,8822922390015	1	1045,56840594329	99,8822922390015
8119	843,786231976758	104,33155398346	1	1156,21376802324	104,33155398346
8137	844,931601905475	120,30006212519	1	1155,06839809453	120,30006212519
8206	734,960296845357	157,514886998046	1	1265,03970315464	157,514886998046
8226	818,459642925169	150,092855891516	1	1181,54035707483	150,092855891516
8254	733,421407159104	150,275224836835	1	1266,5785928409	150,275224836835
8295	627,298293294736	153,882010564905	1	1372,70170670526	153,882010564905
8341	616,765750033184	154,819390393845	1	1383,23424996682	154,819390393845
8668	941,188241903064	159,169987304572	1	1058,81175809694	159,169987304572
8676	635,137593784764	254,123110689147	1	1364,86240621524	254,123110689147
8689	828,715981477179	276,081307249659	1	1171,28401852282	276,081307249659
8701	814,36787547787	309,841260542175	1	1185,63212452213	309,841260542175
8715	647,901614442348	354,875828018306	0			1352,09838555765	354,875828018306
8749	567,492234619875	405,001990275481	0			1432,50776538012	405,001990275481
8788	469,467455924256	481,737118068179	0			1530,53254407574	481,737118068179
8838	480,636694659485	525,502487799269	0			1519,36330534051	525,502487799269
8875	486,45745010442	534,86609230419	0			1513,54254989558	534,86609230419
8895	486,847242186983	534,908577811361	0			1513,15275781302	534,908577811361
8934	505,564035731961	636,05757435458	0			1494,43596426804	636,05757435458
8971	618,439127309564	579,82010371641	0			1381,56087269044	579,82010371641
8986	1112,60000564213	403,245199368514	0			887,399994357872	403,245199368514
9018	891,471292461608	476,022411918398	0			1108,52870753839	476,022411918398
9031	1040,91274961829	393,599770111425	0			959,087250381708	393,599770111425
9082	920,170078293001	479,85069409009	0			1079,829921707	479,85069409009
9112	787,081674890688	529,276437864552	0			1212,91832510931	529,276437864552
9155	724,089301034088	553,427158077751	0			1275,91069896591	553,427158077751
9163	767,885784086618	530,123551262554	0			1232,11421591338	530,123551262554
9195	880,881119145266	440,597960676073	0			1119,11888085473	440,597960676073
9242	891,708101523232	438,374050645337	0			1108,29189847677	438,374050645337
9259	943,007613370799	417,102777030224	0			1056,9923866292	417,102777030224
9281	817,134972448578	439,003171117892	0			1182,86502755142	439,003171117892
9303	912,700981770012	405,721421143533	0			1087,29901822999	405,721421143533
9344	940,359033098742	387,465834159376	0			1059,64096690126	387,465834159376
9360	1038,40700106258	334,327682373857	1	961,592998937417	334,327682373857
9377	983,592855276163	378,72850033241	0			1016,40714472384	378,72850033241
9397	1023,88460776081	353,850329899274	0			976,115392239194	353,850329899274
9419	952,071893081655	376,194774484164	0			1047,92810691835	376,194774484164
9438	1060,05602308761	493,873407703228	0			939,943976912387	493,873407703228
9465	973,593110130028	478,223937680317	0			1026,40688986997	478,223937680317
9482	920,858390766274	462,201723519152	0			1079,14160923373	462,201723519152
9587	987,078414660988	731,716703728957	0			1012,92158533901	731,716703728957
9617	930,770301201583	756,642340801404	0			1069,22969879842	756,642340801404
9632	930,770301201583	756,642340801404	0			1069,22969879842	756,642340801404
9648	655,704383509006	602,156917920309	0			1344,29561649099	602,156917920309
9687	1022,02092207467	305,448959710887	1	977,979077925326	305,448959710887
9716	1181,483734087	398,561898833793	0			818,516265913	398,561898833793
9737	1114,5720144874	333,02570528995	1	885,427985512602	333,02570528995
9755	1256,35811273803	417,738425301803	0			743,64188726197	417,738425301803
9780	1231,61103365765	423,738527684242	0			768,388966342355	423,738527684242
9804	1214,75457153101	463,649140641902	0			785,245428468988	463,649140641902
9825	1199,38424594603	466,353359068157	0			800,615754053968	466,353359068157
9872	1074,728446097	490,767698791722	0			925,271553902997	490,767698791722
9888	864,803865452422	474,523427940642	0			1135,19613454758	474,523427940642
9912	875,628329537663	456,863375145933	0			1124,37167046234	456,863375145933
9933	1041,14680397726	383,309433760694	0			958,853196022745	383,309433760694
9978	1040,97157214368	390,272029643723	0			959,028427856317	390,272029643723
