20	829,470428101845	438,085495748113	0			1170,52957189815	438,085495748113
50	1056,99626557865	293,784205078104	1	943,003734421351	293,784205078104
74	1047,36126399699	263,507855408033	1	952,638736003007	263,507855408033
94	999,542487024827	258,230081589012	1	1000,45751297517	258,230081589012
109	979,189774322517	175,67235451878	1	1020,81022567748	175,67235451878
127	1021,84184470994	184,091705613265	1	978,158155290056	184,091705613265
333	1474,06795958485	217,12928066964	1	525,93204041515	217,12928066964
434	985,012432209496	-131,777790945031	0			1014,9875677905	-131,777790945031
872	-8,4546925566343	-28,8229617705174	0			2008,45469255663	-28,8229617705174
923	31,4775880486448	148,172495725907	0			1968,52241195136	148,172495725907
932	74,5373849982111	93,1776997465386	0			1925,46261500179	93,1776997465386
956	77,5270489567451	88,0499468575814	0			1922,47295104325	88,0499468575814
976	42,0685064487239	205,690936385904	0			1957,93149355128	205,690936385904
1009	114,661020688405	256,356465098074	0			1885,3389793116	256,356465098074
1043	220,654441426006	379,890411270234	0			1779,34555857399	379,890411270234
1067	390,031770134344	457,586670844148	0			1609,96822986566	457,586670844148
1110	506,622116928348	577,677283652382	0			1493,37788307165	577,677283652382
3930	470,689061235841	623,145309285683	0			1529,31093876416	623,145309285683
3947	571,23409135442	797,253339526974	0			1428,76590864558	797,253339526974
3962	545,629203387642	838,321989948949	0			1454,37079661236	838,321989948949
3985	488,837874437045	778,416602686915	0			1511,16212556296	778,416602686915
3995	491,774903032985	779,68478788291	0			1508,22509696702	779,68478788291
4003	514,392736998565	810,127854775969	0			1485,60726300143	810,127854775969
4187	449,615379753236	323,991875463135	1	1550,38462024676	323,991875463135
4235	348,357976524575	694,036083593442	0			1651,64202347542	694,036083593442
4255	269,772502708848	510,291375184264	0			1730,22749729115	510,291375184264
4271	157,475448138853	489,658932826681	0			1842,52455186115	489,658932826681
4303	119,396209132109	480,845303770293	0			1880,60379086789	480,845303770293
4308	160,103215017342	446,43850346443	0			1839,89678498266	446,43850346443
4326	102,402313518324	352,567466056677	0			1897,59768648168	352,567466056677
4371	105,050028100108	207,530691223729	0			1894,94997189989	207,530691223729
4408	73,1547288152772	325,888053634966	0			1926,84527118472	325,888053634966
4460	86,2169238508793	329,304328694638	0			1913,78307614912	329,304328694638
4471	86,1114108807627	329,523744428634	0			1913,88858911924	329,523744428634
4521	290,78132110892	249,481299525964	1	1709,21867889108	249,481299525964
4542	195,273410456357	173,87662139889	1	1804,72658954364	173,87662139889
4561	141,453046958341	217,848557839204	0			1858,54695304166	217,848557839204
4588	168,716835653848	186,636597429371	1	1831,28316434615	186,636597429371
4609	144,530517335553	211,795594451111	0			1855,46948266445	211,795594451111
4638	133,825011422536	206,276646725044	0			1866,17498857746	206,276646725044
4665	21,4679238653944	230,912112198248	0			1978,53207613461	230,912112198248
4679	10,7655909731447	226,335321389328	0			1989,23440902686	226,335321389328
4695	-38,3598306100931	220,782748232543	0			2038,35983061009	220,782748232543
4711	-91,1539433375176	279,814974886957	0			2091,15394333752	279,814974886957
4734	-92,8212170146159	264,888537295657	0			2092,82121701462	264,888537295657
4743	-58,9999614891759	238,583646813264	0			2058,99996148918	238,583646813264
4768	-69,5765569546462	247,211048707974	0			2069,57655695465	247,211048707974
4791	-46,7295463090493	301,036790000495	0			2046,72954630905	301,036790000495
4794	-24,7966457383094	362,103535702651	0			2024,79664573831	362,103535702651
4818	7,40614993913304	397,171382662253	0			1992,59385006087	397,171382662253
4832	10,9343656291443	363,268210032763	0			1989,06563437086	363,268210032763
4846	1,18808888958198	396,144188667719	0			1998,81191111042	396,144188667719
4859	-6,34120467689584	392,871604160386	0			2006,3412046769	392,871604160386
4875	15,8040840762231	358,593389880612	0			1984,19591592378	358,593389880612
4891	9,94436338058952	391,133566788276	0			1990,05563661941	391,133566788276
4903	23,5199273123207	409,960557138354	0			1976,48007268768	409,960557138354
4922	21,7424571386324	394,599737601162	0			1978,25754286137	394,599737601162
4935	34,6780651073257	387,601209836076	0			1965,32193489267	387,601209836076
4967	40,434492107856	392,409296008679	0			1959,56550789214	392,409296008679
4997	54,0559975912939	375,372137006881	0			1945,94400240871	375,372137006881
5014	70,258985499397	373,448352703809	0			1929,7410145006	373,448352703809
5039	88,6039025663458	378,230723424938	0			1911,39609743365	378,230723424938
5058	95,9900816932682	373,527239051964	0			1904,00991830673	373,527239051964
5625	6,21942316444175	927,390635614922	0			1993,78057683556	927,390635614922
5642	6,21942316444175	927,390635614922	0			1993,78057683556	927,390635614922
5664	6,0825905387483	956,94910043925	0			1993,91740946125	956,94910043925
5726	30,7311958875833	963,26818041616	0			1969,26880411242	963,26818041616
5750	231,887053210737	903,894247610001	0			1768,11294678926	903,894247610001
5763	246,167858289856	904,777510898877	0			1753,83214171014	904,777510898877
5775	291,792738322056	888,518101663988	0			1708,20726167794	888,518101663988
5801	329,140191699614	816,688104728868	0			1670,85980830039	816,688104728868
8435	345,725761339502	381,010209854983	0			1654,2742386605	381,010209854983
8450	345,725761339502	381,010209854983	0			1654,2742386605	381,010209854983
8462	439,404722167371	506,955131675713	0			1560,59527783263	506,955131675713
8484	556,920722403748	671,569067041887	0			1443,07927759625	671,569067041887
8501	592,214968277854	725,152059281008	0			1407,78503172215	725,152059281008
8517	655,595058315413	942,635798827224	0			1344,40494168459	942,635798827224
8539	664,971976117346	974,807227783842	0			1335,02802388265	974,807227783842
8566	679,084563772104	987,026444402192	0			1320,9154362279	987,026444402192
8591	579,148798319727	997,593909547374	0			1420,85120168027	997,593909547374
8617	589,139560391016	998,03864274206	0			1410,86043960898	998,03864274206
8629	578,482323849806	998,091721107451	0			1421,51767615019	998,091721107451
8636	577,675075674232	1002,04344487094	0			1422,32492432577	1002,04344487094
8668	576,513793581442	1000,79404608879	0			1423,48620641856	1000,79404608879
8685	698,372043385062	1021,43443436942	0			1301,62795661494	1021,43443436942
8722	758,901921181851	1031,62521247597	0			1241,09807881815	1031,62521247597
8729	775,370146987857	1034,64530398285	0			1224,62985301214	1034,64530398285
8747	783,669835976469	1046,62765179977	0			1216,33016402353	1046,62765179977
8764	783,807124236794	1047,27307060555	0			1216,19287576321	1047,27307060555
8775	783,977063770855	1046,36303944213	0			1216,02293622914	1046,36303944213
8792	791,920500672244	1050,31417340657	0			1208,07949932776	1050,31417340657
8806	789,573580740061	1052,06955559038	0			1210,42641925994	1052,06955559038
8824	792,010803208684	1053,62993461946	0			1207,98919679132	1053,62993461946
8835	799,550646784374	1057,17612219246	0			1200,44935321563	1057,17612219246
8864	805,184398851121	1052,63207630504	0			1194,81560114888	1052,63207630504
8885	803,604601849482	1044,72623672446	0			1196,39539815052	1044,72623672446
8896	802,598099535716	1024,66917096835	0			1197,40190046428	1024,66917096835
9198	833,832646342157	838,671208634848	0			1166,16735365784	838,671208634848
9237	850,794217501643	933,026062987502	0			1149,20578249836	933,026062987502
9258	800,432987766718	950,588954533506	0			1199,56701223328	950,588954533506
9268	815,025252435706	947,267677905114	0			1184,97474756429	947,267677905114
9295	778,655532251844	985,822415651038	0			1221,34446774816	985,822415651038
9316	768,598196535289	992,051964764951	0			1231,40180346471	992,051964764951
9329	768,424869380898	992,671252789956	0			1231,5751306191	992,671252789956
9361	781,950856357324	984,996584247096	0			1218,04914364268	984,996584247096
9372	768,537407352804	997,273845579802	0			1231,4625926472	997,273845579802
9393	779,936979926942	998,730566646533	0			1220,06302007306	998,730566646533
9412	783,935238053127	1002,13088512337	0			1216,06476194687	1002,13088512337
9421	787,940536912928	1020,48634999738	0			1212,05946308707	1020,48634999738
9466	808,826899573578	991,34448756883	0			1191,17310042642	991,34448756883
