43	262,614817719315	515,615300819538	0			1737,38518228069	515,615300819538
118	335,456132117213	490,157782163263	0			1664,54386788279	490,157782163263
209	-281,157716423948	688,867258332772	0			2281,15771642395	688,867258332772
262	-216,214334926173	647,147371969734	0			2216,21433492617	647,147371969734
279	-216,214334926173	647,147371969734	0			2216,21433492617	647,147371969734
324	59,1394428650539	533,169539269388	0			1940,86055713495	533,169539269388
350	202,706074412401	506,527146347843	0			1797,2939255876	506,527146347843
408	342,136489973248	457,418890302021	0			1657,86351002675	457,418890302021
800	152,832347289644	219,889020472025	0			1847,16765271036	219,889020472025
811	745,610668589768	239,009771782411	1	1254,38933141023	239,009771782411
848	746,620335046297	314,640909133523	1	1253,3796649537	314,640909133523
860	759,386249203743	378,525331124924	0			1240,61375079626	378,525331124924
887	702,669514318109	410,157100873344	0			1297,33048568189	410,157100873344
915	822,64497965854	431,806322223718	0			1177,35502034146	431,806322223718
956	744,605209565494	437,436981816653	0			1255,39479043451	437,436981816653
985	767,645572005898	659,601404898574	0			1232,3544279941	659,601404898574
988	800,143906449472	614,819437008562	0			1199,85609355053	614,819437008562
1025	761,10745698071	642,759774327988	0			1238,89254301929	642,759774327988
1051	660,037312465412	513,448732222238	0			1339,96268753459	513,448732222238
1090	673,936790722595	564,82120273505	0			1326,0632092774	564,82120273505
1105	623,965458962548	576,541634169853	0			1376,03454103745	576,541634169853
1121	613,022517220288	579,458658752029	0			1386,97748277971	579,458658752029
1152	622,870801079648	591,772038214805	0			1377,12919892035	591,772038214805
1171	682,989827555785	623,563116856359	0			1317,01017244421	623,563116856359
1198	721,021490860446	666,307110025921	0			1278,97850913955	666,307110025921
1240	746,187389128665	679,066332372788	0			1253,81261087133	679,066332372788
1292	748,889492981941	687,491143883697	0			1251,11050701806	687,491143883697
1310	749,291804077511	694,111616869175	0			1250,70819592249	694,111616869175
1331	690,847938922646	721,420907217232	0			1309,15206107735	721,420907217232
1404	573,252370081603	563,416720555812	0			1426,7476299184	563,416720555812
1408	519,6284957942	482,450445200645	0			1480,3715042058	482,450445200645
1432	506,207755261561	447,30036813869	0			1493,79224473844	447,30036813869
1481	529,018731289845	444,254635757824	0			1470,98126871015	444,254635757824
1486	580,770113443424	432,739176598556	0			1419,22988655658	432,739176598556
1528	649,289039192076	474,834077273276	0			1350,71096080792	474,834077273276
1583	972,495208258538	347,170461679016	0			1027,50479174146	347,170461679016
1600	1131,82899314714	491,024984289158	0			868,171006852863	491,024984289158
1617	1034,90278894332	478,267680843657	0			965,097211056678	478,267680843657
1689	1002,42460076744	574,241354015194	0			997,575399232556	574,241354015194
1705	1187,38717534396	498,933255081155	0			812,612824656035	498,933255081155
1761	1207,19373929338	483,351365425848	0			792,806260706616	483,351365425848
1799	1177,49498335484	473,095472519399	0			822,505016645156	473,095472519399
1853	1170,07465090373	465,264165568433	0			829,925349096269	465,264165568433
1887	1171,25487096101	462,787837459362	0			828,745129038987	462,787837459362
1902	910,893086165948	499,310091799876	0			1089,10691383405	499,310091799876
1918	868,085746581086	473,436622249675	0			1131,91425341891	473,436622249675
2020	876,468468329667	421,931802624058	0			1123,53153167033	421,931802624058
2030	491,104076595368	238,857070753995	1	1508,89592340463	238,857070753995
2061	481,792404131018	271,581621382949	1	1518,20759586898	271,581621382949
2073	607,958708190693	311,05685485591	1	1392,04129180931	311,05685485591
2094	608,972421777219	315,060886232782	1	1391,02757822278	315,060886232782
2140	365,049216479759	531,828682302428	0			1634,95078352024	531,828682302428
2187	389,100330847516	520,059885976135	0			1610,89966915248	520,059885976135
2239	423,408957444393	349,373037819725	0			1576,59104255561	349,373037819725
2331	-218,061507635518	119,994152655472	0			2218,06150763552	119,994152655472
2668	920,497896756169	287,298469290549	1	1079,50210324383	287,298469290549
2732	-210,996836443163	248,915864047355	0			2210,99683644316	248,915864047355
2740	508,42838225627	151,645781570657	1	1491,57161774373	151,645781570657
2793	720,365676039169	280,415957814832	1	1279,63432396083	280,415957814832
2851	567,335501636533	166,947167478603	1	1432,66449836347	166,947167478603
2854	634,190740415412	209,448753713977	1	1365,80925958459	209,448753713977
2889	531,791059518292	121,407462629324	1	1468,20894048171	121,407462629324
2908	539,573852144013	123,355315020767	1	1460,42614785599	123,355315020767
2935	493,640228399263	107,81500763605	1	1506,35977160074	107,81500763605
2954	721,0849894291	381,846852722883	0			1278,9150105709	381,846852722883
2968	838,28000644864	141,451835318568	1	1161,71999355136	141,451835318568
3018	1069,78122794813	125,90363160077	1	930,218772051872	125,90363160077
3068	1379,02067722719	-73,4553623368901	0			620,979322772811	-73,4553623368901
3089	1103,31314327292	106,406349670816	1	896,686856727084	106,406349670816
3105	1162,15782374446	166,652226012334	1	837,842176255538	166,652226012334
3136	928,230383195063	302,609635137131	1	1071,76961680494	302,609635137131
3192	1194,63707450689	115,323459571068	1	805,362925493109	115,323459571068
3204	1033,10520611631	244,502247993087	1	966,894793883687	244,502247993087
3222	963,342554708003	226,620460056876	1	1036,657445292	226,620460056876
3259	1092,80631533274	132,446927994913	1	907,193684667258	132,446927994913
3302	1194,38882251744	135,928196671361	1	805,611177482558	135,928196671361
3331	1293,76466988406	80,6240620086079	1	706,235330115938	80,6240620086079
3372	950,090245074269	232,948116318178	1	1049,90975492573	232,948116318178
3376	916,009680421892	257,322598779852	1	1083,99031957811	257,322598779852
3820	1867,74918145732	132,962229260994	0			132,250818542678	132,962229260994
3854	-235,963336240898	225,804002160061	0			2235,9633362409	225,804002160061
3866	524,776371181105	226,063826721029	1	1475,2236288189	226,063826721029
3893	3,48857343507171	237,217431410475	0			1996,51142656493	237,217431410475
3942	698,16846299429	365,119808622677	0			1301,83153700571	365,119808622677
3964	739,189000707506	361,457408475396	0			1260,81099929249	361,457408475396
3984	506,164959352569	388,331971282454	0			1493,83504064743	388,331971282454
4000	499,765641912776	331,527270170317	1	1500,23435808722	331,527270170317
4030	614,593937510637	357,989972223198	0			1385,40606248936	357,989972223198
4044	804,613221769628	320,814613170007	1	1195,38677823037	320,814613170007
4097	694,82559082589	365,322270279803	0			1305,17440917411	365,322270279803
4125	578,300828475251	394,858033346408	0			1421,69917152475	394,858033346408
4134	563,480496528824	399,757217547004	0			1436,51950347118	399,757217547004
4164	562,967697563293	399,928465478528	0			1437,03230243671	399,928465478528
4182	558,595374698549	443,378294480819	0			1441,40462530145	443,378294480819
8687	1209,56126586519	260,947696893526	1	790,43873413481	260,947696893526
8695	993,84212555623	478,732501799774	0			1006,15787444377	478,732501799774
8731	948,943736129929	569,280872827484	0			1051,05626387007	569,280872827484
8739	940,276736268816	615,390198985079	0			1059,72326373118	615,390198985079
8763	901,974125956653	653,821942113496	0			1098,02587404335	653,821942113496
8772	802,231171527526	837,439844717008	0			1197,76882847247	837,439844717008
8790	767,125208874069	902,2687196503	0			1232,87479112593	902,2687196503
8805	740,273478617655	950,443815236173	0			1259,72652138234	950,443815236173
8817	745,170286861655	949,000357289635	0			1254,82971313834	949,000357289635
8830	696,897662421015	962,567847712142	0			1303,10233757899	962,567847712142
8846	690,876354142822	982,058589165778	0			1309,12364585718	982,058589165778
8893	727,415380038056	994,772371324734	0			1272,58461996194	994,772371324734
8898	711,325281990182	1004,16641371684	0			1288,67471800982	1004,16641371684
8923	715,838918579992	1011,89354442887	0			1284,16108142001	1011,89354442887
8925	727,549316261561	1005,47170894531	0			1272,45068373844	1005,47170894531
8958	733,748075823059	999,169622106589	0			1266,25192417694	999,169622106589
8963	731,028221918518	972,928174179061	0			1268,97177808148	972,928174179061
8986	741,349287665836	964,53267874408	0			1258,65071233416	964,53267874408
9000	738,752529598688	944,385539568229	0			1261,24747040131	944,385539568229
9050	738,085259229339	882,720137599788	0			1261,91474077066	882,720137599788
9056	748,335169429074	860,228459336039	0			1251,66483057093	860,228459336039
9076	790,161825577431	584,815057978746	0			1209,83817442257	584,815057978746
9091	776,643400778885	562,271423110132	0			1223,35659922112	562,271423110132
9103	764,437259479019	579,377952971854	0			1235,56274052098	579,377952971854
9119	791,731723996154	607,139323050394	0			1208,26827600385	607,139323050394
9141	791,675949603701	610,866259129237	0			1208,3240503963	610,866259129237
9146	746,994678811877	636,01939150637	0			1253,00532118812	636,01939150637
9179	720,278781045537	663,699488189762	0			1279,72121895446	663,699488189762
9194	717,704405496467	663,773269661528	0			1282,29559450353	663,773269661528
9231	767,072963376232	665,14263882074	0			1232,92703662377	665,14263882074
9258	758,177140274922	663,753753531827	0			1241,82285972508	663,753753531827
9274	763,707529551706	670,464441777955	0			1236,29247044829	670,464441777955
9280	767,523248620323	668,289525548869	0			1232,47675137968	668,289525548869
9298	760,775351353397	669,322471112402	0			1239,2246486466	669,322471112402
9302	735,208402119527	659,104162182696	0			1264,79159788047	659,104162182696
9358	724,142821254829	654,993393871107	0			1275,85717874517	654,993393871107
9421	736,295606358	646,03450939908	0			1263,704393642	646,03450939908
9423	793,826654374651	635,750639537281	0			1206,17334562535	635,750639537281
9425	802,38211095606	660,397186913932	0			1197,61788904394	660,397186913932
9428	788,157055440646	654,488739873889	0			1211,84294455935	654,488739873889
9430	761,685958297792	623,281297467776	0			1238,31404170221	623,281297467776
9462	775,250209049853	602,374837084254	0			1224,74979095015	602,374837084254
9465	777,274166556812	598,518889971093	0			1222,72583344319	598,518889971093
9498	763,985124844862	574,691210750082	0			1236,01487515514	574,691210750082
9523	779,76529034905	592,865704879455	0			1220,23470965095	592,865704879455
9543	778,609216604799	627,979308783802	0			1221,3907833952	627,979308783802
9564	762,801730413529	630,822993248181	0			1237,19826958647	630,822993248181
9587	763,724127124999	621,613761309375	0			1236,275872875	621,613761309375
9596	764,276017432055	619,626269590715	0			1235,72398256795	619,626269590715
9635	761,998073791924	615,229045235188	0			1238,00192620808	615,229045235188
9650	759,497449347098	613,762252114695	0			1240,5025506529	613,762252114695
9683	758,6818269667	573,878423496894	0			1241,3181730333	573,878423496894
9693	748,956058944046	599,377899969857	0			1251,04394105595	599,377899969857
9703	752,62293133755	609,80912972098	0			1247,37706866245	609,80912972098
9722	756,897557795036	616,627294214018	0			1243,10244220496	616,627294214018
9729	730,836331115668	615,920061598861	0			1269,16366888433	615,920061598861
9787	745,511129102895	615,928544346468	0			1254,4888708971	615,928544346468
9819	726,004959864993	616,21862801939	0			1273,99504013501	616,21862801939
9826	746,226210473656	616,886988418157	0			1253,77378952634	616,886988418157
9850	746,916708200743	614,692281472418	0			1253,08329179926	614,692281472418
9856	755,834654848299	616,224128152791	0			1244,1653451517	616,224128152791
9861	768,016717104137	616,37092029308	0			1231,98328289586	616,37092029308
9867	719,59422618068	610,589622865948	0			1280,40577381932	610,589622865948
9883	733,165322621393	611,849934228685	0			1266,83467737861	611,849934228685
9900	736,480038352161	609,490741782606	0			1263,51996164784	609,490741782606
9939	716,46193026167	639,619112653054	0			1283,53806973833	639,619112653054
9984	723,284659371695	692,984111594838	0			1276,71534062831	692,984111594838
