8	281,538738949576	384,2100696067	0			1718,46126105042	384,2100696067
25	-60,8313895489863	84,4792896044974	0			2060,83138954899	84,4792896044974
53	-165,614650137206	-6,47331159246647	0			2165,61465013721	-6,47331159246647
73	153,772237028077	272,10378864769	0			1846,22776297192	272,10378864769
96	-22,970592713985	115,189535650536	0			2022,97059271399	115,189535650536
207	478,293231853004	654,818482903471	0			1521,706768147	654,818482903471
250	557,763000290757	619,498254790421	0			1442,23699970924	619,498254790421
295	675,828195313934	524,686379664761	0			1324,17180468607	524,686379664761
336	827,531099122378	523,344224961738	0			1172,46890087762	523,344224961738
386	802,30969850456	794,531159870409	0			1197,69030149544	794,531159870409
428	770,565395669275	906,252123854714	0			1229,43460433072	906,252123854714
470	769,946861884355	906,411255675331	0			1230,05313811565	906,411255675331
503	152,995739785599	369,040482388352	0			1847,0042602144	369,040482388352
519	226,997415270451	445,654414336268	0			1773,00258472955	445,654414336268
553	258,274596097723	268,992802440136	1	1741,72540390228	268,992802440136
596	82,0100134977322	215,351890258281	0			1917,98998650227	215,351890258281
625	99,1731528126926	222,08619303805	0			1900,82684718731	222,08619303805
643	-215,263841565244	193,9721333631	0			2215,26384156524	193,9721333631
652	-247,716112062074	184,76858377095	0			2247,71611206207	184,76858377095
683	-232,275055946246	214,734943459422	0			2232,27505594625	214,734943459422
705	236,638074581993	288,900787009991	1	1763,36192541801	288,900787009991
733	-105,295189438217	181,187981071064	0			2105,29518943822	181,187981071064
752	101,500832610451	258,144168401385	0			1898,49916738955	258,144168401385
776	114,44433083045	274,941320067001	0			1885,55566916955	274,941320067001
788	175,589353636832	328,303005860727	1	1824,41064636317	328,303005860727
825	320,506651686399	386,924491211778	0			1679,4933483136	386,924491211778
831	339,381971554513	402,966920996408	0			1660,61802844549	402,966920996408
879	594,373631795095	644,96609550127	0			1405,6263682049	644,96609550127
892	598,72594200112	607,489907400422	0			1401,27405799888	607,489907400422
925	567,228672909017	661,608614782239	0			1432,77132709098	661,608614782239
955	864,175916802285	815,584179432896	0			1135,82408319772	815,584179432896
968	800,974858473377	863,787788520066	0			1199,02514152662	863,787788520066
998	1005,50307208847	888,834728276388	0			994,496927911531	888,834728276388
1059	919,862312243422	840,578285735556	0			1080,13768775658	840,578285735556
1097	948,407294847264	805,760996988723	0			1051,59270515274	805,760996988723
1103	794,059436168422	686,310031262105	0			1205,94056383158	686,310031262105
1107	820,258267621759	742,406139147123	0			1179,74173237824	742,406139147123
1113	804,378034576393	707,222379094273	0			1195,62196542361	707,222379094273
1120	789,556146726771	627,637840245747	0			1210,44385327323	627,637840245747
1133	821,13641954543	716,713238906117	0			1178,86358045457	716,713238906117
1159	939,864006391339	729,34002772643	0			1060,13599360866	729,34002772643
1182	965,437091242227	729,855542519628	0			1034,56290875777	729,855542519628
1193	975,361047414902	738,81599051599	0			1024,6389525851	738,81599051599
1241	1021,03219896636	747,766037601959	0			978,967801033639	747,766037601959
1255	934,649216333852	675,439553524181	0			1065,35078366615	675,439553524181
1284	928,284580381705	672,041418497242	0			1071,7154196183	672,041418497242
1334	878,492319169633	646,161883089582	0			1121,50768083037	646,161883089582
1374	928,957175004664	592,132089638903	0			1071,04282499534	592,132089638903
1420	1200,45864111285	546,460810148986	0			799,541358887149	546,460810148986
1450	1235,37219246805	518,882781021453	0			764,627807531945	518,882781021453
1507	845,071361829521	600,297147395002	0			1154,92863817048	600,297147395002
1572	729,786874715564	631,543299363615	0			1270,21312528444	631,543299363615
1897	366,288327707828	226,057501381192	1	1633,71167229217	226,057501381192
1944	282,452293815736	286,90411694542	1	1717,54770618426	286,90411694542
1962	252,96865249507	242,490314451456	1	1747,03134750493	242,490314451456
1994	274,726506944641	173,748432446445	1	1725,27349305536	173,748432446445
2037	289,991812991779	230,18699220025	1	1710,00818700822	230,18699220025
2048	303,731914100624	228,820365413247	1	1696,26808589938	228,820365413247
2121	34,3353446084931	119,461849336332	0			1965,66465539151	119,461849336332
2173	65,9753299453884	241,795747915024	0			1934,02467005461	241,795747915024
2234	760,45536917776	517,024437226364	0			1239,54463082224	517,024437226364
2409	769,953441928506	472,255483231472	0			1230,04655807149	472,255483231472
2458	831,41870591247	609,00169270617	0			1168,58129408753	609,00169270617
2525	831,41870591247	609,00169270617	0			1168,58129408753	609,00169270617
2572	764,073800886333	705,616264124964	0			1235,92619911367	705,616264124964
2613	799,934515819773	654,169646111007	0			1200,06548418023	654,169646111007
2707	-8,49941216626214	109,401671129947	0			2008,49941216626	109,401671129947
2724	296,217323028825	237,699174503378	1	1703,78267697118	237,699174503378
2751	326,269369512164	262,836195139901	1	1673,73063048784	262,836195139901
2767	307,048822878851	255,275861530831	1	1692,95117712115	255,275861530831
2799	251,070893089643	233,140144124646	1	1748,92910691036	233,140144124646
2955	910,416414822575	375,499091873646	0			1089,58358517742	375,499091873646
2994	954,472543660877	92,5635321436469	1	1045,52745633912	92,5635321436469
3024	905,601648150985	80,0475748620148	1	1094,39835184901	80,0475748620148
3038	915,076818872068	108,508804600058	1	1084,92318112793	108,508804600058
3080	893,759906120595	108,598521349712	1	1106,24009387941	108,598521349712
3154	897,029306356189	542,426834751735	0			1102,97069364381	542,426834751735
3702	-230,774123306028	148,441190868316	0			2230,77412330603	148,441190868316
3847	813,420772861123	826,631625679082	0			1186,57922713888	826,631625679082
3895	759,561490549625	671,051160127733	0			1240,43850945038	671,051160127733
3934	770,924917852991	774,020327837835	0			1229,07508214701	774,020327837835
3962	766,352066353494	800,527350890188	0			1233,64793364651	800,527350890188
3997	757,193306041968	783,961483548162	0			1242,80669395803	783,961483548162
4043	750,278156336399	741,29404866489	0			1249,7218436636	741,29404866489
4081	741,251851927137	614,740361623623	0			1258,74814807286	614,740361623623
4106	767,851293724818	641,647300124043	0			1232,14870627518	641,647300124043
4122	748,131053228949	604,993171920015	0			1251,86894677105	604,993171920015
4138	757,349165027169	622,243368775176	0			1242,65083497283	622,243368775176
4151	738,173395001506	603,241087344489	0			1261,82660499849	603,241087344489
4178	757,271611340024	631,13251752215	0			1242,72838865998	631,13251752215
4194	734,961511801548	668,961669702858	0			1265,03848819845	668,961669702858
4212	720,259413739822	709,798646111404	0			1279,74058626018	709,798646111404
4227	765,546023873319	670,762719455779	0			1234,45397612668	670,762719455779
4240	777,466067125351	717,678960614528	0			1222,53393287465	717,678960614528
4255	812,456148908567	692,468626234982	0			1187,54385109143	692,468626234982
4286	875,580451684842	667,545693775032	0			1124,41954831516	667,545693775032
4300	918,09786532309	639,759318417478	0			1081,90213467691	639,759318417478
4361	979,809491850945	629,596215007448	0			1020,19050814905	629,596215007448
4384	929,215250558564	601,439581969825	0			1070,78474944144	601,439581969825
4388	969,37735341901	599,886657888249	0			1030,62264658099	599,886657888249
4405	950,966196558689	589,706764168808	0			1049,03380344131	589,706764168808
4426	920,658293811418	601,348562714365	0			1079,34170618858	601,348562714365
4479	941,42536073223	604,126616663771	0			1058,57463926777	604,126616663771
4495	914,652942838374	634,809329913725	0			1085,34705716163	634,809329913725
4518	918,775296664924	641,420771456907	0			1081,22470333508	641,420771456907
4528	950,261248862754	663,485509570448	0			1049,73875113725	663,485509570448
4555	962,22633909777	674,143400385762	0			1037,77366090223	674,143400385762
4568	964,182784446324	674,221322672397	0			1035,81721555368	674,221322672397
4599	1041,41638994964	685,819609950673	0			958,583610050364	685,819609950673
4659	1040,29218096047	686,546885056188	0			959,707819039525	686,546885056188
4674	940,39669560106	689,330410363882	0			1059,60330439894	689,330410363882
4688	908,643490525371	694,082515315783	0			1091,35650947463	694,082515315783
4705	935,189632365888	729,625974905911	0			1064,81036763411	729,625974905911
4717	910,662968420964	695,619060572862	0			1089,33703157904	695,619060572862
4737	904,856054181887	651,74024665364	0			1095,14394581811	651,74024665364
4754	901,156060499242	643,95456128792	0			1098,84393950076	643,95456128792
4783	900,205343168138	623,497096379448	0			1099,79465683186	623,497096379448
4803	898,029240122084	632,897718781657	0			1101,97075987792	632,897718781657
4832	899,579121285476	661,879143395016	0			1100,42087871452	661,879143395016
4849	897,517113444121	693,047759101121	0			1102,48288655588	693,047759101121
4855	894,172287390693	701,335711830176	0			1105,82771260931	701,335711830176
4859	891,251281173741	716,236892618202	0			1108,74871882626	716,236892618202
4885	887,438422715781	727,420094014935	0			1112,56157728422	727,420094014935
4898	885,298738049388	733,655748104746	0			1114,70126195061	733,655748104746
4933	893,283553308533	732,41707671337	0			1106,71644669147	732,41707671337
4943	894,034874512495	734,596491144109	0			1105,96512548751	734,596491144109
4979	895,810927712078	734,899960185483	0			1104,18907228792	734,899960185483
4988	895,958275738019	732,503580106265	0			1104,04172426198	732,503580106265
5020	945,668408862573	677,826120196685	0			1054,33159113743	677,826120196685
5038	931,978376950475	683,725153344299	0			1068,02162304952	683,725153344299
5084	942,559493620583	623,877432560182	0			1057,44050637942	623,877432560182
5105	1012,44843697131	540,881797597997	0			987,551563028692	540,881797597997
5120	1163,69073604737	488,02828346435	0			836,309263952632	488,02828346435
5154	1122,69458179339	494,527591405013	0			877,305418206612	494,527591405013
5161	963,908418121905	494,379643653123	0			1036,09158187809	494,379643653123
5203	899,772021167784	505,394862648001	0			1100,22797883222	505,394862648001
5244	1033,36180384448	541,066676356162	0			966,638196155517	541,066676356162
5308	1145,91579446562	310,006713313972	1	854,084205534382	310,006713313972
5340	1225,63153834235	385,286075509823	0			774,368461657648	385,286075509823
5377	1694,9122158327	529,792282226384	0			305,087784167298	529,792282226384
5427	1582,6974748946	421,143142700032	0			417,302525105403	421,143142700032
5474	1286,20057550909	483,430723797902	0			713,799424490912	483,430723797902
5560	1297,96796801792	454,559681335596	0			702,032031982076	454,559681335596
5618	1452,21348240923	381,169729996422	0			547,786517590767	381,169729996422
5654	1269,79978873655	461,29445612829	0			730,200211263449	461,29445612829
5681	1123,36462393467	416,443653307918	0			876,635376065334	416,443653307918
5697	1085,50887351392	459,388356201858	0			914,49112648608	459,388356201858
5745	1045,39954471712	442,011713957717	0			954,600455282882	442,011713957717
5753	944,926644809652	468,876405789353	0			1055,07335519035	468,876405789353
5773	1016,91446180355	374,336395670763	0			983,085538196451	374,336395670763
5870	961,428546596885	459,988678264873	0			1038,57145340311	459,988678264873
5904	1000,09489090311	515,229959080067	0			999,905109096885	515,229959080067
5993	449,74681274019	725,214303076816	0			1550,25318725981	725,214303076816
6039	473,338836373635	596,879335021741	0			1526,66116362637	596,879335021741
6152	590,42459136074	599,689207567331	0			1409,57540863926	599,689207567331
6175	402,189246119033	576,623961807204	0			1597,81075388097	576,623961807204
6192	475,310080472449	585,583756326036	0			1524,68991952755	585,583756326036
6223	461,356113920737	537,668679793034	0			1538,64388607926	537,668679793034
6249	519,251733909359	573,359820607795	0			1480,74826609064	573,359820607795
6282	531,549607817899	525,610302085428	0			1468,4503921821	525,610302085428
6289	558,843652435556	610,514181771203	0			1441,15634756444	610,514181771203
6310	571,992906393344	593,813839166534	0			1428,00709360666	593,813839166534
6325	535,511239657477	599,824761399365	0			1464,48876034252	599,824761399365
6335	528,420456262262	603,191403130619	0			1471,57954373774	603,191403130619
6369	518,705335679073	598,21586552914	0			1481,29466432093	598,21586552914
6372	509,77974054612	594,345858163501	0			1490,22025945388	594,345858163501
6387	501,55732576068	596,30121343655	0			1498,44267423932	596,30121343655
6400	499,218416922063	583,209683988905	0			1500,78158307794	583,209683988905
6427	536,774823474177	593,039790377427	0			1463,22517652582	593,039790377427
6447	531,037308648515	593,878058919644	0			1468,96269135149	593,878058919644
6456	524,775081050912	607,896998217361	0			1475,22491894909	607,896998217361
6470	526,428017615553	613,224815066252	0			1473,57198238445	613,224815066252
6489	549,466478773386	604,915423411515	0			1450,53352122661	604,915423411515
6515	547,079423975054	609,226332710291	0			1452,92057602495	609,226332710291
6518	541,387127864403	613,025141236028	0			1458,6128721356	613,025141236028
6533	525,108285148631	610,496560653742	0			1474,89171485137	610,496560653742
6548	523,681422034574	612,491612279107	0			1476,31857796543	612,491612279107
6581	535,484568231051	629,187618615496	0			1464,51543176895	629,187618615496
6603	542,432863992112	644,378230863652	0			1457,56713600789	644,378230863652
6606	520,182899985091	655,272654233126	0			1479,81710001491	655,272654233126
6619	525,732816379247	657,510783533652	0			1474,26718362075	657,510783533652
6638	554,408279223643	676,514275470597	0			1445,59172077636	676,514275470597
6689	557,619011220165	682,430490415629	0			1442,38098877984	682,430490415629
6699	561,078780589307	705,782257248461	0			1438,92121941069	705,782257248461
6713	568,43647575489	713,713067917585	0			1431,56352424511	713,713067917585
6716	572,155593345768	720,127189338525	0			1427,84440665423	720,127189338525
6730	586,087106119287	721,934718945602	0			1413,91289388071	721,934718945602
6740	588,292117357132	718,065343614202	0			1411,70788264287	718,065343614202
6758	595,621653645079	702,810603107	0			1404,37834635492	702,810603107
6778	592,92250319742	709,405083560669	0			1407,07749680258	709,405083560669
6791	596,161162667247	701,963813648402	0			1403,83883733275	701,963813648402
6807	591,530005472159	699,496651606825	0			1408,46999452784	699,496651606825
6821	579,275329990314	699,13506750335	0			1420,72467000969	699,13506750335
6829	580,697947580261	699,124963435412	0			1419,30205241974	699,124963435412
6848	588,216298141579	698,248932493473	0			1411,78370185842	698,248932493473
6876	593,189760441355	690,825378737935	0			1406,81023955864	690,825378737935
6892	593,294922363156	688,54055824715	0			1406,70507763684	688,54055824715
6909	594,889261128654	686,586202291788	0			1405,11073887135	686,586202291788
6924	592,975565040837	684,907523313474	0			1407,02443495916	684,907523313474
6941	597,626408840267	685,868871739922	0			1402,37359115973	685,868871739922
6959	599,28094408429	688,293887411127	0			1400,71905591571	688,293887411127
6969	598,215730876452	686,858469535523	0			1401,78426912355	686,858469535523
6982	599,683147804051	684,72153547182	0			1400,31685219595	684,72153547182
6996	602,901901651064	682,452296751285	0			1397,09809834894	682,452296751285
7044	604,393391273122	675,785672375681	0			1395,60660872688	675,785672375681
7046	605,233692660566	675,072789384026	0			1394,76630733943	675,072789384026
7058	609,837016107042	672,487171255347	0			1390,16298389296	672,487171255347
7074	609,244031666411	672,694022552526	0			1390,75596833359	672,694022552526
7090	612,049610821605	670,338732592335	0			1387,95038917839	670,338732592335
7099	613,741753114183	664,081860515434	0			1386,25824688582	664,081860515434
7124	610,235925041303	665,034724292003	0			1389,7640749587	665,034724292003
7137	584,692758407472	671,935739164325	0			1415,30724159253	671,935739164325
7160	587,029963753071	671,17237946887	0			1412,97003624693	671,17237946887
7183	596,741041645213	662,596084189972	0			1403,25895835479	662,596084189972
7197	604,72259031315	670,393589982154	0			1395,27740968685	670,393589982154
7211	611,963142806773	670,524792703434	0			1388,03685719323	670,524792703434
7223	612,625191549718	670,030821169531	0			1387,37480845028	670,030821169531
7238	608,973461893065	663,054351173922	0			1391,02653810694	663,054351173922
7266	607,972935333287	649,851148579748	0			1392,02706466671	649,851148579748
7277	607,738561490411	650,799221762214	0			1392,26143850959	650,799221762214
7289	609,29285241716	645,289241802467	0			1390,70714758284	645,289241802467
7298	609,034652564855	645,348944611877	0			1390,96534743514	645,348944611877
7329	586,534896833615	652,822307385906	0			1413,46510316638	652,822307385906
7348	596,121023857853	647,795988673906	0			1403,87897614215	647,795988673906
7360	603,395296244113	662,597389203222	0			1396,60470375589	662,597389203222
7375	599,971807082251	659,044352213426	0			1400,02819291775	659,044352213426
7388	572,899970849619	630,640431988762	0			1427,10002915038	630,640431988762
7407	568,567275556157	618,767078494704	0			1431,43272444384	618,767078494704
7415	575,426968429736	615,632699433543	0			1424,57303157026	615,632699433543
7434	561,067891885389	611,023668994229	0			1438,93210811461	611,023668994229
7449	559,411522957419	608,197130996823	0			1440,58847704258	608,197130996823
7486	559,344676225452	601,726973515116	0			1440,65532377455	601,726973515116
7499	562,075491925114	604,677067985866	0			1437,92450807489	604,677067985866
7504	566,007813479358	605,321689973884	0			1433,99218652064	605,321689973884
7522	569,090442392226	608,721165057117	0			1430,90955760777	608,721165057117
7539	590,374093615632	616,168049857765	0			1409,62590638437	616,168049857765
7554	595,067615569156	623,214403508505	0			1404,93238443084	623,214403508505
7569	616,711710647511	639,937704058388	0			1383,28828935249	639,937704058388
7587	620,734356942276	643,178297301186	0			1379,26564305772	643,178297301186
7601	612,689996631422	643,066149007443	0			1387,31000336858	643,066149007443
7640	593,198881359609	644,609435403181	0			1406,80111864039	644,609435403181
7652	594,001098405865	687,420812274706	0			1405,99890159414	687,420812274706
7676	599,538211202495	733,375930524428	0			1400,46178879751	733,375930524428
7703	596,144063776652	707,762883379023	0			1403,85593622335	707,762883379023
7706	597,747020676643	704,165331261877	0			1402,25297932336	704,165331261877
7712	601,518523359381	705,739145319023	0			1398,48147664062	705,739145319023
7722	612,114420283761	703,079273409328	0			1387,88557971624	703,079273409328
7742	609,507259967198	723,435349613351	0			1390,4927400328	723,435349613351
7758	601,273053274678	738,342787949666	0			1398,72694672532	738,342787949666
7783	598,901448444565	744,807725466385	0			1401,09855155544	744,807725466385
7794	610,782605415798	716,341452376505	0			1389,2173945842	716,341452376505
7809	602,719410616946	696,569001598508	0			1397,28058938305	696,569001598508
7819	597,716350521846	698,384018164332	0			1402,28364947815	698,384018164332
7841	597,646080269534	668,887103850802	0			1402,35391973047	668,887103850802
7856	597,407960517998	658,787258192485	0			1402,592039482	658,787258192485
7865	592,396270753532	660,420311071355	0			1407,60372924647	660,420311071355
7900	597,375820290292	668,112475186109	0			1402,62417970971	668,112475186109
7925	641,635557677546	674,606834832704	0			1358,36444232245	674,606834832704
7943	615,028295053905	693,218303512083	0			1384,9717049461	693,218303512083
7956	602,612677828913	674,066656187347	0			1397,38732217109	674,066656187347
7979	612,485801652047	688,420520780472	0			1387,51419834795	688,420520780472
7995	587,239455707678	722,187147901636	0			1412,76054429232	722,187147901636
8000	579,421446738527	781,837168275742	0			1420,57855326147	781,837168275742
8024	595,050335553169	783,948297282342	0			1404,94966444683	783,948297282342
8031	585,414948341607	765,290730585814	0			1414,58505165839	765,290730585814
8049	576,013862190851	744,585269948599	0			1423,98613780915	744,585269948599
8098	409,155420654771	463,877759349418	0			1590,84457934523	463,877759349418
8418	793,827676618755	423,876122655541	0			1206,17232338124	423,876122655541
8456	911,94181473124	348,82324397265	0			1088,05818526876	348,82324397265
8467	972,934930399734	356,53733426786	0			1027,06506960027	356,53733426786
8496	937,642634766683	361,644116362514	0			1062,35736523332	361,644116362514
8593	955,081176757813	428,515701795954	0			1044,91882324219	428,515701795954
8629	958,426663790706	459,367378276274	0			1041,57333620929	459,367378276274
8675	963,568221655983	478,963036523778	0			1036,43177834402	478,963036523778
8831	879,922964349148	505,393332467297	0			1120,07703565085	505,393332467297
8864	843,998525675061	535,997983257022	0			1156,00147432494	535,997983257022
8876	838,787289969292	529,145515869946	0			1161,21271003071	529,145515869946
8900	821,002048357825	538,384581990681	0			1178,99795164218	538,384581990681
8921	831,646515747462	542,917908048286	0			1168,35348425254	542,917908048286
9007	776,444881492074	638,326614535008	0			1223,55511850793	638,326614535008
9017	743,6439997287	663,936022350057	0			1256,3560002713	663,936022350057
9056	714,666658708055	660,395117688689	0			1285,33334129194	660,395117688689
9066	703,709082946766	651,760879484605	0			1296,29091705323	651,760879484605
9097	697,783103237942	651,0865544603	0			1302,21689676206	651,0865544603
