13	647,287323096809	659,137651189592	0			1352,71267690319	659,137651189592
60	-161,962811615089	491,765161931623	0			2161,96281161509	491,765161931623
72	83,8232911043162	491,01440944092	0			1916,17670889568	491,01440944092
117	816,568549531747	337,265409952689	0			1183,43145046825	337,265409952689
144	800,199949840993	282,049808772387	1	1199,80005015901	282,049808772387
195	871,490105051863	205,019709998465	1	1128,50989494814	205,019709998465
206	888,273350034558	228,311581415313	1	1111,72664996544	228,311581415313
232	813,749469953642	293,902545779949	1	1186,25053004636	293,902545779949
282	808,765083002926	294,481457188257	1	1191,23491699707	294,481457188257
301	836,463864336831	325,918406014294	1	1163,53613566317	325,918406014294
323	806,781212624184	189,358878876724	1	1193,21878737582	189,358878876724
611	742,625140835166	80,9527110974532	1	1257,37485916483	80,9527110974532
643	-26,9969755006068	275,811285838863	0			2026,99697550061	275,811285838863
657	308,105939003892	261,731104784701	1	1691,89406099611	261,731104784701
687	129,042392695593	290,99901502965	0			1870,95760730441	290,99901502965
728	797,172854016555	395,659393828302	0			1202,82714598345	395,659393828302
746	789,285622205083	409,352705241953	0			1210,71437779492	409,352705241953
774	751,480065710704	427,803320339654	0			1248,5199342893	427,803320339654
791	722,734601076544	443,612120956337	0			1277,26539892346	443,612120956337
821	850,048966787288	409,404693541266	0			1149,95103321271	409,404693541266
839	869,526546775219	348,164809584005	0			1130,47345322478	348,164809584005
868	762,569457482873	319,023141598929	1	1237,43054251713	319,023141598929
887	667,690947543795	419,926695542331	0			1332,30905245621	419,926695542331
908	607,327024156592	407,124770253079	0			1392,67297584341	407,124770253079
929	599,168415764536	456,014083704378	0			1400,83158423546	456,014083704378
959	426,605291676717	456,431548622858	0			1573,39470832328	456,431548622858
970	482,80099319192	498,275706110132	0			1517,19900680808	498,275706110132
1038	602,693343470353	525,795988656802	0			1397,30665652965	525,795988656802
1087	511,185498557189	499,100815853234	0			1488,81450144281	499,100815853234
1092	220,078284474794	373,58792007027	0			1779,92171552521	373,58792007027
1099	180,225506669494	362,10779086899	0			1819,77449333051	362,10779086899
1137	185,169993762901	420,913785838395	0			1814,8300062371	420,913785838395
1182	527,984961510208	354,810009121374	0			1472,01503848979	354,810009121374
1195	502,111192586041	330,709675284862	1	1497,88880741396	330,709675284862
1228	681,277326484593	361,757518727598	0			1318,72267351541	361,757518727598
1242	672,110154770837	413,255648332821	0			1327,88984522916	413,255648332821
1269	565,8882976258	430,984114708639	0			1434,1117023742	430,984114708639
1285	487,638999243283	458,953060322305	0			1512,36100075672	458,953060322305
1316	317,658295653497	456,115030362167	0			1682,3417043465	456,115030362167
1333	353,92924415995	453,1709188473	0			1646,07075584005	453,1709188473
1365	271,694623144776	445,537940823937	0			1728,30537685522	445,537940823937
1403	283,245443962001	432,657193016118	0			1716,754556038	432,657193016118
1422	492,611642874815	397,715659866517	0			1507,38835712518	397,715659866517
1467	560,270004916246	439,461458760441	0			1439,72999508375	439,461458760441
1501	473,973916790752	374,035173280098	0			1526,02608320925	374,035173280098
1525	529,203305802349	407,410024895571	0			1470,79669419765	407,410024895571
1541	445,745083069044	449,222957336581	0			1554,25491693096	449,222957336581
1557	560,789232900074	559,866570931701	0			1439,21076709993	559,866570931701
1588	703,488522505681	516,956779125766	0			1296,51147749432	516,956779125766
2044	88,6270763804612	-99,2233277495405	0			1911,37292361954	-99,2233277495405
2083	-148,618985765574	91,3069061951494	0			2148,61898576557	91,3069061951494
2096	222,941674415307	107,883428105367	1	1777,05832558469	107,883428105367
2126	388,155227365833	139,220452860248	1	1611,84477263417	139,220452860248
2147	696,93041019215	609,461938320114	0			1303,06958980785	609,461938320114
2164	694,482514371024	592,882553701709	0			1305,51748562898	592,882553701709
2182	693,900786204705	310,054598023699	1	1306,09921379529	310,054598023699
2194	802,352409869952	310,955170613647	1	1197,64759013005	310,955170613647
2232	812,040815358743	297,272845416748	1	1187,95918464126	297,272845416748
2249	708,990562542341	338,732510881722	0			1291,00943745766	338,732510881722
2262	725,602192516691	325,69151191059	1	1274,39780748331	325,69151191059
2280	742,904608714298	318,224567021371	1	1257,0953912857	318,224567021371
2301	812,187774948927	561,051416615965	0			1187,81222505107	561,051416615965
2304	792,323865013766	557,786992418983	0			1207,67613498623	557,786992418983
2320	792,487841960362	592,003655471975	0			1207,51215803964	592,003655471975
2333	816,534878149267	604,659787378783	0			1183,46512185073	604,659787378783
2380	823,616886515788	640,653540758491	0			1176,38311348421	640,653540758491
2394	657,508375765671	532,762223840449	0			1342,49162423433	532,762223840449
2421	636,284653879727	511,143242288193	0			1363,71534612027	511,143242288193
2432	734,859562484666	560,299683312145	0			1265,14043751533	560,299683312145
2445	800,32900355686	544,375510622697	0			1199,67099644314	544,375510622697
2473	812,375200652729	605,364837430809	0			1187,62479934727	605,364837430809
2479	747,896688835962	573,628900454155	0			1252,10331116404	573,628900454155
2485	784,982549969214	590,282084564192	0			1215,01745003079	590,282084564192
2518	833,985826482544	639,751932741841	0			1166,01417351746	639,751932741841
2529	812,931367514464	647,924222713036	0			1187,06863248554	647,924222713036
2545	805,50401829753	622,629696984599	0			1194,49598170247	622,629696984599
2571	815,866287171912	593,386307492598	0			1184,13371282809	593,386307492598
2575	818,926241064974	602,41243523503	0			1181,07375893503	602,41243523503
2601	840,323038347265	590,882173251665	0			1159,67696165273	590,882173251665
2605	842,984019583501	589,292422333702	0			1157,0159804165	589,292422333702
2625	870,052325242354	602,328834643053	0			1129,94767475765	602,328834643053
2636	914,657606942713	614,684972755663	0			1085,34239305729	614,684972755663
2667	785,840681208506	580,082357349389	0			1214,15931879149	580,082357349389
2680	781,361488650246	551,419541520713	0			1218,63851134975	551,419541520713
2699	789,384412617902	550,110986042123	0			1210,6155873821	550,110986042123
2725	776,289254577692	556,369740679024	0			1223,71074542231	556,369740679024
2737	718,273036449575	565,238820252802	0			1281,72696355043	565,238820252802
2745	742,681934238774	556,935390147376	0			1257,31806576123	556,935390147376
2755	771,939835336977	545,760369342375	0			1228,06016466302	545,760369342375
2775	798,748941833192	536,439735320565	0			1201,25105816681	536,439735320565
2785	817,246423997659	525,47858640249	0			1182,75357600234	525,47858640249
2815	936,062387732312	474,506411028905	0			1063,93761226769	474,506411028905
2827	908,520393026554	489,021327782492	0			1091,47960697345	489,021327782492
2844	940,242222047773	477,009983528475	0			1059,75777795223	477,009983528475
2864	936,755460868154	480,850005253093	0			1063,24453913185	480,850005253093
2874	922,950770948502	476,454435737579	0			1077,0492290515	476,454435737579
2909	917,363880944689	473,996724633809	0			1082,63611905531	473,996724633809
2912	884,394067398204	475,380362499427	0			1115,6059326018	475,380362499427
2928	872,693411504202	484,471354029432	0			1127,3065884958	484,471354029432
2940	851,391524250851	508,797893523297	0			1148,60847574915	508,797893523297
2964	845,142224283385	516,529253664475	0			1154,85777571662	516,529253664475
2996	839,063650186679	512,06010420457	0			1160,93634981332	512,06010420457
3009	829,794641328654	513,563108354122	0			1170,20535867135	513,563108354122
3038	830,084927299549	517,125417868072	0			1169,91507270045	517,125417868072
3051	832,11357387604	526,293916034906	0			1167,88642612396	526,293916034906
3084	839,988944389645	534,786449546084	0			1160,01105561036	534,786449546084
3118	906,51181848583	548,155650067118	0			1093,48818151417	548,155650067118
3134	908,066372870239	552,036484210157	0			1091,93362712976	552,036484210157
3143	895,505493247912	571,768118252613	0			1104,49450675209	571,768118252613
3180	889,890045462797	558,34709234718	0			1110,1099545372	558,34709234718
3188	871,964757595583	602,89166512901	0			1128,03524240442	602,89166512901
3207	866,221441731671	603,371723224446	0			1133,77855826833	603,371723224446
3224	861,470503292809	616,616842205815	0			1138,52949670719	616,616842205815
3237	854,917659451589	621,717575834903	0			1145,08234054841	621,717575834903
3274	853,347740762577	625,241025826	0			1146,65225923742	625,241025826
3284	827,115174311656	659,439836315293	0			1172,88482568834	659,439836315293
3304	845,867052798662	635,80935866445	0			1154,13294720134	635,80935866445
3318	830,458556051272	660,027475835524	0			1169,54144394873	660,027475835524
3328	822,859822754257	675,705220686914	0			1177,14017724574	675,705220686914
3340	850,102306780165	641,467200139766	0			1149,89769321983	641,467200139766
3371	869,221838999705	637,256116725397	0			1130,7781610003	637,256116725397
3379	832,521387436995	648,172212604699	0			1167,478612563	648,172212604699
3397	831,339946936914	651,2264229088	0			1168,66005306309	651,2264229088
3418	828,017406133738	652,772039890344	0			1171,98259386626	652,772039890344
3434	865,517833690271	656,34883387309	0			1134,48216630973	656,34883387309
3450	847,085413669482	657,490228524352	0			1152,91458633052	657,490228524352
3463	846,054325842068	657,184952660647	0			1153,94567415793	657,184952660647
3475	833,654651666154	616,340833972177	0			1166,34534833385	616,340833972177
3498	819,429628045108	625,476469178338	0			1180,57037195489	625,476469178338
3505	817,992417408187	625,417114950828	0			1182,00758259181	625,417114950828
3525	814,944106969466	621,679911442569	0			1185,05589303053	621,679911442569
3538	812,432988298407	617,67759053445	0			1187,56701170159	617,67759053445
3569	845,424164903217	582,072570631726	0			1154,57583509678	582,072570631726
3592	835,677107451173	575,777189296806	0			1164,32289254883	575,777189296806
3596	836,144037884865	559,15648704495	0			1163,85596211513	559,15648704495
3612	834,165165403524	558,910151949043	0			1165,83483459648	558,910151949043
3630	838,015517769778	550,669061921077	0			1161,98448223022	550,669061921077
3639	840,075498928649	557,868144693968	0			1159,92450107135	557,868144693968
3660	839,196660008471	562,110993379499	0			1160,80333999153	562,110993379499
3676	828,095670811535	573,890009397875	0			1171,90432918847	573,890009397875
3686	819,700394160552	582,519950554275	0			1180,29960583945	582,519950554275
3723	775,298773810184	610,675032289261	0			1224,70122618982	610,675032289261
3734	769,066025161876	614,726610251525	0			1230,93397483812	614,726610251525
3748	775,771116727477	607,777844252065	0			1224,22888327252	607,777844252065
3765	765,526732896126	633,710705446479	0			1234,47326710387	633,710705446479
3778	799,179948217696	612,197629289222	0			1200,8200517823	612,197629289222
3799	792,613802334428	622,449741960839	0			1207,38619766557	622,449741960839
3821	797,511432298987	642,077901512168	0			1202,48856770101	642,077901512168
3829	799,206476314012	648,3338544502	0			1200,79352368599	648,3338544502
3839	803,547020334174	652,711029655323	0			1196,45297966583	652,711029655323
3876	824,056330102635	625,403203237671	0			1175,94366989737	625,403203237671
3888	819,734031099237	584,856146803256	0			1180,26596890076	584,856146803256
3900	767,563664304684	542,873811637266	0			1232,43633569532	542,873811637266
3910	770,340134643696	505,626195531308	0			1229,6598653563	505,626195531308
3928	768,697475492436	519,479423686441	0			1231,30252450756	519,479423686441
3945	765,401774843245	544,316247807832	0			1234,59822515675	544,316247807832
3954	769,012794556969	540,510167937811	0			1230,98720544303	540,510167937811
3972	805,708251864742	501,220481807	0			1194,29174813526	501,220481807
4358	670,973970974919	126,99777905137	1	1329,02602902508	126,99777905137
4361	670,973970974919	126,99777905137	1	1329,02602902508	126,99777905137
4391	656,99756876838	134,96838286197	1	1343,00243123162	134,96838286197
4396	655,172202924201	136,009370931599	1	1344,8277970758	136,009370931599
4410	661,063534390706	141,195348099454	1	1338,93646560929	141,195348099454
4439	1177,04288354294	122,752672239456	1	822,957116457064	122,752672239456
4468	954,001066586322	416,961712151749	0			1045,99893341368	416,961712151749
4478	939,954088883181	368,591631393851	0			1060,04591111682	368,591631393851
4493	889,755987038595	370,279798323806	0			1110,24401296141	370,279798323806
4526	980,267238208397	360,914068270399	0			1019,7327617916	360,914068270399
4536	882,901712483149	347,963035721683	0			1117,09828751685	347,963035721683
4570	1009,61708163374	279,102713143202	1	990,382918366258	279,102713143202
4619	1245,10666282969	142,19663592595	1	754,893337170311	142,19663592595
4639	984,690820935273	173,700025178557	1	1015,30917906473	173,700025178557
4662	1006,56892748822	170,647359905729	1	993,431072511782	170,647359905729
4678	852,967194697822	214,134730918597	1	1147,03280530218	214,134730918597
4705	1136,01171185089	217,026408951297	1	863,988288149113	217,026408951297
4727	1268,58635947291	237,578720275686	1	731,413640527092	237,578720275686
4763	1304,31506695136	211,219739238271	1	695,684933048638	211,219739238271
4801	1522,66481739464	85,8594117417816	1	477,335182605365	85,8594117417816
4838	1359,7828395242	133,427577018726	1	640,217160475796	133,427577018726
4843	1460,89930845176	126,487692115492	1	539,100691548238	126,487692115492
4893	1476,6179774719	133,143828234299	1	523,382022528103	133,143828234299
4917	1359,02814627183	208,522664288587	1	640,971853728168	208,522664288587
4933	1068,19125867302	378,683289721097	0			931,808741326977	378,683289721097
4943	1074,82035953767	337,106817345478	0			925,179640462335	337,106817345478
4975	1062,22666985044	342,382550634035	0			937,773330149564	342,382550634035
4987	1062,19732191098	340,759566856259	0			937,802678089025	340,759566856259
5002	1078,58189917334	359,640019512843	0			921,418100826662	359,640019512843
5021	1027,23357733698	520,913244086922	0			972,76642266302	520,913244086922
5033	1064,27421927476	530,358225254145	0			935,725780725237	530,358225254145
5065	943,372284371962	481,058570604598	0			1056,62771562804	481,058570604598
5078	986,641968421699	509,886071160981	0			1013,3580315783	509,886071160981
5096	982,926647777117	535,158200770517	0			1017,07335222288	535,158200770517
5110	948,677550608272	515,682012226801	0			1051,32244939173	515,682012226801
5158	1023,68593920717	521,906763437967	0			976,314060792834	521,906763437967
5185	1026,82243361856	508,44387932944	0			973,177566381437	508,44387932944
5213	1091,09181344654	380,220852694601	0			908,908186553458	380,220852694601
5232	1088,60024337873	298,590188548038	1	911,399756621269	298,590188548038
5249	1202,69086542034	258,141368694627	1	797,309134579664	258,141368694627
5286	1110,13700499186	298,596812064838	1	889,862995008142	298,596812064838
5306	1094,86187255476	264,461437144295	1	905,138127445238	264,461437144295
5333	1011,89431432547	332,527377229653	1	988,105685674525	332,527377229653
5339	909,934926138227	429,412902547993	0			1090,06507386177	429,412902547993
5379	885,285711737929	449,280337255491	0			1114,71428826207	449,280337255491
5415	941,428080887171	267,011362040815	1	1058,57191911283	267,011362040815
5431	826,411503745141	157,103359359325	1	1173,58849625486	157,103359359325
5771	295,495091904328	-145,11257253577	0			1704,50490809567	-145,11257253577
5788	868,982412591335	-104,423517573009	0			1131,01758740866	-104,423517573009
5820	878,714465006587	-26,2859467989162	1	1121,28553499341	-26,2859467989162
5833	884,529470595052	108,635384905189	1	1115,47052940495	108,635384905189
5861	874,400344611913	134,766857637559	1	1125,59965538809	134,766857637559
5878	981,609447991155	157,160899869961	1	1018,39055200885	157,160899869961
5904	839,625576271966	205,625297156777	1	1160,37442372803	205,625297156777
5925	926,361929386895	178,065819889801	1	1073,6380706131	178,065819889801
5937	992,106235304763	186,571073838445	1	1007,89376469524	186,571073838445
5984	733,792159164894	277,940931423147	1	1266,20784083511	277,940931423147
5988	765,392919640614	270,635352095797	1	1234,60708035939	270,635352095797
6011	1129,45463007927	219,817840151925	1	870,545369920734	219,817840151925
6033	1143,59462923827	218,952020454533	1	856,405370761732	218,952020454533
6052	1087,07614567762	239,96265462612	1	912,923854322384	239,96265462612
6057	897,040633786893	307,88700487291	1	1102,95936621311	307,88700487291
6075	869,131885846267	312,987717407014	1	1130,86811415373	312,987717407014
6113	798,719257078414	328,926576425715	1	1201,28074292159	328,926576425715
6134	815,233842466787	306,396104908836	1	1184,76615753321	306,396104908836
6148	812,042436565048	296,688722715956	1	1187,95756343495	296,688722715956
6163	770,2778685754	287,126166300564	1	1229,7221314246	287,126166300564
6191	739,054251942143	281,539633276883	1	1260,94574805786	281,539633276883
6210	696,055367396839	283,163459683474	1	1303,94463260316	283,163459683474
6246	698,772068105252	273,599161558848	1	1301,22793189475	273,599161558848
6270	738,433110443953	277,147674139756	1	1261,56688955605	277,147674139756
6327	737,559399581449	287,730625676239	1	1262,44060041855	287,730625676239
6345	738,973829586727	288,026032005649	1	1261,02617041327	288,026032005649
6362	709,666330317012	202,85394203643	1	1290,33366968299	202,85394203643
6372	760,632426880927	158,327553443748	1	1239,36757311907	158,327553443748
6412	768,215074537265	150,508152754443	1	1231,78492546274	150,508152754443
6428	752,615538309895	122,461984472379	1	1247,38446169011	122,461984472379
6462	783,794263621661	155,392795517385	1	1216,20573637834	155,392795517385
6517	779,103885662026	154,0146230939	1	1220,89611433797	154,0146230939
6589	825,035381625771	224,538812279492	1	1174,96461837423	224,538812279492
6598	834,015253143075	225,294994849534	1	1165,98474685693	225,294994849534
6613	785,250588919754	168,508343155637	1	1214,74941108025	168,508343155637
6641	817,26781929037	212,244191948271	1	1182,73218070963	212,244191948271
6655	773,27371732617	169,708273996675	1	1226,72628267383	169,708273996675
6696	760,24854100006	155,120190708873	1	1239,75145899994	155,120190708873
6701	822,298349493472	154,600367282953	1	1177,70165050653	154,600367282953
6723	1006,52851295315	156,713043880107	1	993,471487046847	156,713043880107
7130	546,980902909461	292,637732022306	1	1453,01909709054	292,637732022306
7139	941,220092773438	265,788528506792	1	1058,77990722656	265,788528506792
7182	585,522557445231	330,852311083241	1	1414,47744255477	330,852311083241
7194	689,87743326599	311,696895420868	1	1310,12256673401	311,696895420868
7226	322,121570906032	385,75574519738	0			1677,87842909397	385,75574519738
7235	689,484333745952	341,104287188239	0			1310,51566625405	341,104287188239
7270	893,615296490833	327,095162724789	1	1106,38470350917	327,095162724789
7316	985,294646076282	310,19398073443	1	1014,70535392372	310,19398073443
7334	824,54106441158	284,985712846023	1	1175,45893558842	284,985712846023
7365	1097,65020241799	306,218337031397	1	902,349797582007	306,218337031397
7379	971,706542285819	288,262489432972	1	1028,29345771418	288,262489432972
7409	964,412040429712	282,757690169828	1	1035,58795957029	282,757690169828
7419	1038,98344800434	288,409110939937	1	961,016551995659	288,409110939937
7495	969,234509386224	193,852076539451	1	1030,76549061378	193,852076539451
7536	970,661170737257	172,757850036136	1	1029,33882926274	172,757850036136
7555	970,661170737257	172,757850036136	1	1029,33882926274	172,757850036136
7586	956,850877019047	232,678482166235	1	1043,14912298095	232,678482166235
7644	960,345015893474	240,174096537274	1	1039,65498410653	240,174096537274
7648	961,490401793531	245,1705767163	1	1038,50959820647	245,1705767163
7669	973,579879436113	265,327172379384	1	1026,42012056389	265,327172379384
7672	873,029150677226	301,46265595436	1	1126,97084932277	301,46265595436
7688	768,828818214297	349,103558915573	0			1231,1711817857	349,103558915573
7707	758,049882585998	358,872031570596	0			1241,950117414	358,872031570596
7721	675,226233896371	332,009784459584	1	1324,77376610363	332,009784459584
7736	662,316584948645	335,062291423887	1	1337,68341505136	335,062291423887
7766	618,035640920721	402,420345500421	0			1381,96435907928	402,420345500421
7926	789,941501308799	334,007953598922	1	1210,0584986912	334,007953598922
9500	44,3329746283374	1020,59498179483	0			1955,66702537166	1020,59498179483
9518	34,9928575040453	923,224841628093	0			1965,00714249595	923,224841628093
9775	63,8149619488269	297,444439388012	0			1936,18503805117	297,444439388012
9796	254,897113293892	584,26836270461	0			1745,10288670611	584,26836270461
9822	131,640101118444	494,930728286795	0			1868,35989888156	494,930728286795
9842	213,395349838413	574,975441756299	0			1786,60465016159	574,975441756299
9869	163,743922777885	516,904235852638	0			1836,25607722211	516,904235852638
9887	196,829505420531	577,369019675419	0			1803,17049457947	577,369019675419
9913	139,395769525932	595,821207014026	0			1860,60423047407	595,821207014026
9934	49,7825895578023	652,890650252151	0			1950,2174104422	652,890650252151
9942	17,9449115359395	652,52119031782	0			1982,05508846406	652,52119031782
9962	19,7140305165849	641,353005827048	0			1980,28596948342	641,353005827048
9974	20,356379505773	641,489013473179	0			1979,64362049423	641,489013473179
