33	1232,43961272502	-139,747334782624	0			767,56038727498	-139,747334782624
69	208,59454009911	184,376729268746	1	1791,40545990089	184,376729268746
73	208,59454009911	184,376729268746	1	1791,40545990089	184,376729268746
104	92,2829848755885	174,717689636077	0			1907,71701512441	174,717689636077
121	200,17864654605	176,786563496958	1	1799,82135345395	176,786563496958
169	614,598018865992	74,3222558025282	1	1385,40198113401	74,3222558025282
193	304,337032586002	187,354134947251	1	1695,662967414	187,354134947251
212	609,766360207197	115,815692500983	1	1390,2336397928	115,815692500983
254	210,873273752036	242,679107108892	1	1789,12672624796	242,679107108892
271	421,55194971728	178,983188788152	1	1578,44805028272	178,983188788152
284	271,456262458895	192,266151134937	1	1728,5437375411	192,266151134937
338	16,8240246039807	229,992211333812	0			1983,17597539602	229,992211333812
347	50,7987415539233	222,783561041015	0			1949,20125844608	222,783561041015
377	1,15568129479038	294,237373471673	0			1998,84431870521	294,237373471673
394	648,546745436333	133,342417884678	1	1351,45325456367	133,342417884678
425	573,957569318842	157,61707405058	1	1426,04243068116	157,61707405058
439	517,694445361687	178,644657426635	1	1482,30555463831	178,644657426635
465	714,844395926454	120,807330459123	1	1285,15560407355	120,807330459123
479	738,05324400875	122,597574973079	1	1261,94675599125	122,597574973079
509	741,706174079077	194,328659585203	1	1258,29382592092	194,328659585203
528	748,766612616425	196,107849666835	1	1251,23338738358	196,107849666835
553	798,659129836343	236,612732607638	1	1201,34087016366	236,612732607638
576	970,925544082398	236,422962150654	1	1029,0744559176	236,422962150654
616	947,76807560148	317,540089822073	1	1052,23192439852	317,540089822073
661	1063,51791586975	323,876538142886	1	936,482084130251	323,876538142886
711	890,400860854176	372,955245216606	0			1109,59913914582	372,955245216606
798	1363,00062654859	274,404393176063	1	636,999373451406	274,404393176063
840	1142,85051166818	186,400211750588	1	857,149488331816	186,400211750588
895	1290,97839987003	245,203965384733	1	709,02160012997	245,203965384733
935	1453,86124390574	237,878117905866	1	546,138756094262	237,878117905866
974	1385,33982509892	231,802603090521	1	614,660174901082	231,802603090521
1008	1350,09647110133	234,837823943546	1	649,903528898665	234,837823943546
1024	787,766899908022	215,993725070266	1	1212,23310009198	215,993725070266
1227	1212,0784821248	195,347514185484	1	787,921517875202	195,347514185484
1244	1116,83474049985	194,498180894379	1	883,165259500152	194,498180894379
1274	1116,83474049985	194,498180894379	1	883,165259500152	194,498180894379
1294	1133,41290244238	201,180454066123	1	866,587097557623	201,180454066123
1324	1181,21683876296	220,449113781607	1	818,783161237042	220,449113781607
1334	1202,53419028232	199,638138814417	1	797,46580971768	199,638138814417
1685	320,713672823119	51,2186550935552	1	1679,28632717688	51,2186550935552
1699	943,009667257661	100,460248814587	1	1056,99033274234	100,460248814587
1724	866,829968785235	170,993778977602	1	1133,17003121477	170,993778977602
1737	865,652790437116	206,527786642952	1	1134,34720956288	206,527786642952
1769	841,559235775597	237,982483177046	1	1158,4407642244	237,982483177046
1786	967,586210997166	275,873479504045	1	1032,41378900283	275,873479504045
1829	897,211884015574	162,988156475509	1	1102,78811598443	162,988156475509
1856	899,974897060783	152,036588154358	1	1100,02510293922	152,036588154358
1874	904,226924703661	160,937140542073	1	1095,77307529634	160,937140542073
1904	781,248048801364	282,804744958626	1	1218,75195119864	282,804744958626
1925	780,305638842121	280,748377868918	1	1219,69436115788	280,748377868918
2015	659,127877498686	189,688477017577	1	1340,87212250131	189,688477017577
2060	671,984389221784	135,689741362023	1	1328,01561077822	135,689741362023
2090	807,896717459095	113,311103163643	1	1192,1032825409	113,311103163643
2155	1237,55672856393	66,0647417398863	1	762,443271436074	66,0647417398863
2266	1354,61370474312	54,6165142500583	1	645,386295256877	54,6165142500583
2280	1321,97731783475	67,4874879667092	1	678,022682165251	67,4874879667092
2332	1317,45804079264	64,0326580266804	1	682,541959207363	64,0326580266804
2361	1274,00192044081	90,7769325016022	1	725,998079559191	90,7769325016022
2375	1110,77365488101	195,546480972606	1	889,226345118992	195,546480972606
2432	1077,85899474716	222,527295228639	1	922,141005252837	222,527295228639
2463	1075,53945728144	212,303118799742	1	924,460542718556	212,303118799742
2510	1107,97206499886	194,446662859568	1	892,027935001141	194,446662859568
2613	1537,7882676603	99,5578663240472	1	462,211732339705	99,5578663240472
2940	165,416295320085	75,6677720351858	1	1834,58370467992	75,6677720351858
3044	686,656786477296	-7,83189766849488	1	1313,3432135227	-7,83189766849488
3076	1207,89727763451	-91,3315673721754	0			792,102722365493	-91,3315673721754
3087	803,141315220627	-26,492036012819	1	1196,85868477937	-26,492036012819
3118	1144,95018932994	-81,2478129988897	0			855,049810670065	-81,2478129988897
3135	759,319810036551	-19,472087887406	1	1240,68018996345	-19,472087887406
3166	699,953055106473	19,1049243827469	1	1300,04694489353	19,1049243827469
3182	392,416073105299	140,757815314462	1	1607,5839268947	140,757815314462
3211	273,119869649349	166,938919581133	1	1726,88013035065	166,938919581133
3229	321,616296390832	130,977569712152	1	1678,38370360917	130,977569712152
3261	542,51585776613	59,5769444016215	1	1457,48414223387	59,5769444016215
3273	581,784958891411	52,8474587808349	1	1418,21504110859	52,8474587808349
3319	559,740895871389	58,640341041906	1	1440,25910412861	58,640341041906
3345	75,6119786052231	223,217985164303	0			1924,38802139478	223,217985164303
3358	74,9933195137337	222,310853070555	0			1925,00668048627	222,310853070555
3376	87,2706342283576	240,312926192728	0			1912,72936577164	240,312926192728
3395	532,840233942483	158,42479909384	1	1467,15976605752	158,42479909384
3438	959,216707481628	96,926991269904	1	1040,78329251837	96,926991269904
3480	1048,01640448724	79,9591439198926	1	951,983595512763	79,9591439198926
3541	1103,92581098276	86,4441159062288	1	896,074189017238	86,4441159062288
3557	1201,08782691448	75,3279661906243	1	798,912173085525	75,3279661906243
3563	1249,4012045648	65,7334306129111	1	750,598795435199	65,7334306129111
3584	1189,33765988369	88,4383031370478	1	810,66234011631	88,4383031370478
3591	1240,43084762577	70,8295884649857	1	759,569152374233	70,8295884649857
3630	1263,00782526288	120,608393308736	1	736,992174737118	120,608393308736
3670	1188,60984852446	14,1598235518256	1	811,390151475544	14,1598235518256
3720	1209,92837799579	72,0997474945483	1	790,071622004213	72,0997474945483
3771	1355,93317027599	65,4167271756895	1	644,066829724006	65,4167271756895
3807	1403,70605476587	48,5150206364526	1	596,293945234133	48,5150206364526
3839	1416,97875581513	49,1451039303155	1	583,021244184871	49,1451039303155
3860	1405,90817493227	43,7828163492972	1	594,091825067727	43,7828163492972
3887	276,284416753328	251,36533165848	1	1723,71558324667	251,36533165848
3926	225,111636494867	282,480417113992	1	1774,88836350513	282,480417113992
3982	586,540112306262	196,082420336355	1	1413,45988769374	196,082420336355
4028	634,825435858785	207,523623706943	1	1365,17456414122	207,523623706943
4078	655,866908061912	240,602529284206	1	1344,13309193809	240,602529284206
4127	669,934002302646	238,730696145567	1	1330,06599769735	238,730696145567
4247	2,36539871561489	370,567442091027	0			1997,63460128439	370,567442091027
4263	1190,25096708131	60,6208643066995	1	809,749032918689	60,6208643066995
4297	607,631941475084	258,262298154262	1	1392,36805852492	258,262298154262
4306	1054,31025619014	116,564992032673	1	945,689743809862	116,564992032673
4333	533,314725184314	256,175631211041	1	1466,68527481569	256,175631211041
4400	599,036129026593	237,093879094223	1	1400,96387097341	237,093879094223
4438	1423,64833794751	43,4747136187595	1	576,351662052488	43,4747136187595
4488	1400,66075358856	44,9999726459632	1	599,339246411444	44,9999726459632
4527	1413,94934550557	31,8017720333681	1	586,050654494431	31,8017720333681
4571	1390,41091026901	24,9420210146571	1	609,589089730993	24,9420210146571
4621	1370,55865459179	23,7397548525207	1	629,441345408211	23,7397548525207
4695	-33,6124753489078	362,320976342723	0			2033,61247534891	362,320976342723
4722	-33,6124753489078	362,320976342723	0			2033,61247534891	362,320976342723
4741	2,45901722644859	362,417653678167	0			1997,54098277355	362,417653678167
4851	1464,01122256776	66,7125664981382	1	535,988777432241	66,7125664981382
4891	1349,14989286256	-15,5913317700692	1	650,850107137439	-15,5913317700692
4933	1400,5573963064	3,57307792889886	1	599,442603693602	3,57307792889886
5080	1226,01650201001	141,443033260456	1	773,983497989988	141,443033260456
5146	800,614261627197	165,999657926142	1	1199,3857383728	165,999657926142
5161	787,843161086109	225,733557906842	1	1212,15683891389	225,733557906842
5198	796,199084548613	254,378683600892	1	1203,80091545139	254,378683600892
5203	832,214871994547	381,111947320021	0			1167,78512800545	381,111947320021
5231	831,790618015172	376,809667682606	0			1168,20938198483	376,809667682606
5296	694,688534473601	273,124838350855	1	1305,3114655264	273,124838350855
5323	775,20109612068	231,994110395271	1	1224,79890387932	231,994110395271
5338	719,054462555446	251,826593141059	1	1280,94553744455	251,826593141059
5368	819,330651712503	219,967283049652	1	1180,6693482875	219,967283049652
5406	817,68938696675	199,189610068666	1	1182,31061303325	199,189610068666
5416	871,823080688657	235,916922981729	1	1128,17691931134	235,916922981729
5433	867,682704697547	224,845516451529	1	1132,31729530245	224,845516451529
5457	799,542221773179	431,389603635633	0			1200,45777822682	431,389603635633
5520	656,013289067112	622,035606493706	0			1343,98671093289	622,035606493706
5569	584,039405403014	615,276772680959	0			1415,96059459699	615,276772680959
5593	584,039405403014	615,276772680959	0			1415,96059459699	615,276772680959
5605	663,545843944371	596,136699971416	0			1336,45415605563	596,136699971416
5654	618,394147134386	554,827056920252	0			1381,60585286561	554,827056920252
5681	688,897594266538	611,658033778933	0			1311,10240573346	611,658033778933
5731	986,192504850221	699,040749459145	0			1013,80749514978	699,040749459145
5746	975,200500339326	699,879744546484	0			1024,79949966067	699,879744546484
5759	1001,25970848868	657,322356577866	0			998,740291511321	657,322356577866
5775	968,400829479924	534,797847047952	0			1031,59917052008	534,797847047952
5787	974,344956896316	521,462944725655	0			1025,65504310368	521,462944725655
5819	963,891462136841	483,341202877517	0			1036,10853786316	483,341202877517
5834	943,494035689707	436,744898671952	0			1056,50596431029	436,744898671952
6057	1285,97467416313	89,7056594191511	1	714,025325836873	89,7056594191511
6068	1061,71092801881	260,978732728567	1	938,289071981189	260,978732728567
6101	1096,6440651114	292,041749818424	1	903,355934888597	292,041749818424
6119	1112,10422761688	302,766849002523	1	887,895772383124	302,766849002523
6168	1110,15446823795	295,919050363264	1	889,845531762053	295,919050363264
6181	1113,44404610862	302,007106663865	1	886,555953891378	302,007106663865
6197	924,573316052869	405,383410155451	0			1075,42668394713	405,383410155451
6208	897,280063233625	419,161405904302	0			1102,71993676638	419,161405904302
6237	870,004886888169	440,414889477241	0			1129,99511311183	440,414889477241
6253	870,623313678326	448,127398724027	0			1129,37668632167	448,127398724027
6286	867,086968549549	449,512612671518	0			1132,91303145045	449,512612671518
6341	860,400869420737	457,985325023681	0			1139,59913057926	457,985325023681
6347	854,98826571357	458,228486490804	0			1145,01173428643	458,228486490804
6374	833,127842038271	461,661605007361	0			1166,87215796173	461,661605007361
6387	826,704726672097	468,30303104435	0			1173,2952733279	468,30303104435
6420	829,209607158922	462,937658714282	0			1170,79039284108	462,937658714282
6431	868,149532278439	370,76721733943	0			1131,85046772156	370,76721733943
6465	844,510297677894	371,251708709852	0			1155,48970232211	371,251708709852
6474	852,315479985829	386,857409457632	0			1147,68452001417	386,857409457632
6490	861,837976117559	400,952455554428	0			1138,16202388244	400,952455554428
6508	900,995732928593	460,728780488779	0			1099,00426707141	460,728780488779
6523	939,164302656432	495,645419785873	0			1060,83569734357	495,645419785873
6536	940,199940169287	509,064113005388	0			1059,80005983071	509,064113005388
6558	905,406155518023	539,538590940562	0			1094,59384448198	539,538590940562
6568	834,219151265339	534,259492815507	0			1165,78084873466	534,259492815507
6631	259,938116216373	170,306745884484	1	1740,06188378363	170,306745884484
6650	-86,1071178851541	-100,962696170791	0			2086,10711788515	-100,962696170791
6663	265,646702325329	59,1737910402329	1	1734,35329767467	59,1737910402329
6679	84,6415736478082	-29,2671422051681	0			1915,35842635219	-29,2671422051681
6700	278,163495016691	70,8974841574922	1	1721,83650498331	70,8974841574922
7133	736,061096191406	589,030116158458	0			1263,93890380859	589,030116158458
7139	977,733604653368	466,220855958272	0			1022,26639534663	466,220855958272
7168	942,637623894377	510,971328067267	0			1057,36237610562	510,971328067267
7185	832,026490520647	668,498063177252	0			1167,97350947935	668,498063177252
7242	778,187863880597	590,200357018243	0			1221,8121361194	590,200357018243
7260	800,73219225086	532,444674617193	0			1199,26780774914	532,444674617193
7272	807,131087393822	500,245922786893	0			1192,86891260618	500,245922786893
7288	819,54322949652	415,957436778535	0			1180,45677050348	415,957436778535
7316	770,359293185934	429,195364336922	0			1229,64070681407	429,195364336922
7330	766,344955954461	423,938452496659	0			1233,65504404554	423,938452496659
7370	765,760125035869	346,047623465057	0			1234,23987496413	346,047623465057
7376	771,734668857358	320,769222824185	1	1228,26533114264	320,769222824185
7413	776,650398937959	307,593294565743	1	1223,34960106204	307,593294565743
7428	780,525657063595	303,202264678069	1	1219,4743429364	303,202264678069
7454	805,489070915139	310,250754054207	1	1194,51092908486	310,250754054207
7469	791,803124621081	317,535514722398	1	1208,19687537892	317,535514722398
7679	982,066152628186	151,074634554398	1	1017,93384737181	151,074634554398
7697	933,406061956412	154,75950691386	1	1066,59393804359	154,75950691386
7737	924,254579289969	160,845780919006	1	1075,74542071003	160,845780919006
7745	919,673563919267	164,199445867421	1	1080,32643608073	164,199445867421
7779	876,034454491628	163,581973105068	1	1123,96554550837	163,581973105068
7785	867,117792533439	163,765679406964	1	1132,88220746656	163,765679406964
7812	774,442903269068	186,718368057977	1	1225,55709673093	186,718368057977
7826	778,964440168078	192,009700507722	1	1221,03555983192	192,009700507722
7855	727,160042752696	286,925273162207	1	1272,8399572473	286,925273162207
7878	717,296244947081	293,461947521116	1	1282,70375505292	293,461947521116
7904	724,888348220478	273,787183406026	1	1275,11165177952	273,787183406026
7919	713,397296861807	242,19573490969	1	1286,60270313819	242,19573490969
7967	790,481213630064	258,75600292555	1	1209,51878636994	258,75600292555
7976	959,090856368561	357,559721668425	0			1040,90914363144	357,559721668425
7999	935,841993682726	463,541542285924	0			1064,15800631727	463,541542285924
8022	950,968223927312	465,035948103784	0			1049,03177607269	465,035948103784
8069	842,804692714188	653,221841045886	0			1157,19530728581	653,221841045886
8086	832,642561542476	679,80350430687	0			1167,35743845752	679,80350430687
8144	888,746164068821	532,140631901925	0			1111,25383593118	532,140631901925
8186	887,047579373357	510,428814899261	0			1112,95242062664	510,428814899261
8236	880,072223159765	439,508328663405	0			1119,92777684023	439,508328663405
8274	1059,63644365208	778,809527813866	0			940,363556347918	778,809527813866
8280	1114,24165591056	888,008845570789	0			885,758344089437	888,008845570789
8311	1317,75904828827	500,509378071178	0			682,240951711732	500,509378071178
8340	1310,32267595436	592,592934536699	0			689,677324045637	592,592934536699
8358	1363,95928963461	580,894669739528	0			636,040710365392	580,894669739528
8380	1055,26892001493	279,489707720923	1	944,731079985073	279,489707720923
8446	995,388277457389	319,709117372882	1	1004,61172254261	319,709117372882
8494	1029,16050389361	394,283796394523	0			970,839496106392	394,283796394523
8516	1029,16050389361	394,283796394523	0			970,839496106392	394,283796394523
8537	973,118104022851	458,032981407997	0			1026,88189597715	458,032981407997
8595	946,848008239154	487,915663097195	0			1053,15199176085	487,915663097195
8680	770,935678327739	223,814627071048	1	1229,06432167226	223,814627071048
9108	690,306945603257	635,239340238349	0			1309,69305439674	635,239340238349
9201	334,344146629753	207,205947584464	1	1665,65585337025	207,205947584464
9216	1209,42163559997	84,4847947631524	1	790,57836440003	84,4847947631524
9241	1532,65411269079	52,6676096366088	1	467,345887309212	52,6676096366088
9265	1181,02164802699	92,6824497181126	1	818,978351973008	92,6824497181126
9274	1275,89342877849	84,7210937097215	1	724,106571221509	84,7210937097215
9295	1365,86553745229	73,8241631962235	1	634,134462547715	73,8241631962235
9416	822,248460096834	307,450692601997	1	1177,75153990317	307,450692601997
9495	709,712885884405	434,157999706642	0			1290,28711411559	434,157999706642
9581	684,898045610841	347,988813271727	0			1315,10195438916	347,988813271727
9650	641,750288781225	34,9784540763827	1	1358,24971121878	34,9784540763827
9700	835,320664686678	423,652694985221	0			1164,67933531332	423,652694985221
9850	854,246140760897	490,039181778866	0			1145,7538592391	490,039181778866
