28	167,373417219626	121,066196065468	1	1832,62658278037	121,066196065468
434	1707,50523045611	267,949381223346	0			292,494769543892	267,949381223346
472	360,142509682665	-32,2226348694832	1	1639,85749031734	-32,2226348694832
487	575,273728128401	-8,82586279007984	1	1424,7262718716	-8,82586279007984
521	259,914831476772	63,8009392477903	1	1740,08516852323	63,8009392477903
562	249,630086941969	72,7855829355988	1	1750,36991305803	72,7855829355988
577	-5,26079529743342	132,406337995823	0			2005,26079529743	132,406337995823
587	-34,3277257833438	126,182665661606	0			2034,32772578334	126,182665661606
612	-85,634884241833	210,093380565432	0			2085,63488424183	210,093380565432
623	271,007519688132	147,664225637676	1	1728,99248031187	147,664225637676
649	240,135753626596	159,166132550386	1	1759,8642463734	159,166132550386
674	601,134774176737	144,162291335326	1	1398,86522582326	144,162291335326
701	280,040989647026	211,366325600282	1	1719,95901035297	211,366325600282
710	302,762414528589	191,324281159186	1	1697,23758547141	191,324281159186
766	908,84168668796	161,091411705879	1	1091,15831331204	161,091411705879
791	688,202536600921	194,484667322639	1	1311,79746339908	194,484667322639
808	773,361200660814	188,094201261563	1	1226,63879933919	188,094201261563
839	669,081566273314	268,759353876289	1	1330,91843372669	268,759353876289
854	840,11772249174	230,486658813059	1	1159,88227750826	230,486658813059
878	826,562849630106	273,45725969121	1	1173,43715036989	273,45725969121
919	-35,2184548164868	241,161388853585	0			2035,21845481649	241,161388853585
942	170,79550058015	228,330359594009	1	1829,20449941985	228,330359594009
968	-140,405678838182	280,599657419574	0			2140,40567883818	280,599657419574
981	311,600256266297	202,172195211621	1	1688,3997437337	202,172195211621
1017	379,945089204317	257,838155384188	1	1620,05491079568	257,838155384188
1059	543,542290611662	243,773553895828	1	1456,45770938834	243,773553895828
1074	610,600220546866	205,248274218446	1	1389,39977945313	205,248274218446
1078	355,024463371145	183,131613716133	1	1644,97553662885	183,131613716133
1100	771,747149412103	79,7441623156917	1	1228,2528505879	79,7441623156917
1149	340,976505837572	119,612063383045	1	1659,02349416243	119,612063383045
1164	676,886501711448	89,7889217657236	1	1323,11349828855	89,7889217657236
1204	924,555374224464	124,9463568573	1	1075,44462577554	124,9463568573
1221	814,30727340839	35,5817309425767	1	1185,69272659161	35,5817309425767
1240	835,431513899265	64,2535466143379	1	1164,56848610073	64,2535466143379
1253	811,268988856882	84,9554256025179	1	1188,73101114312	84,9554256025179
1273	790,637979651885	-0,22866011937086	1	1209,36202034812	-0,22866011937086
1282	813,938221518533	-3,63061895415473	1	1186,06177848147	-3,63061895415473
1296	860,436356218698	114,534518800978	1	1139,5636437813	114,534518800978
1329	853,062182641499	82,8697877568202	1	1146,9378173585	82,8697877568202
1381	928,097630207481	123,719134452127	1	1071,90236979252	123,719134452127
1390	914,606321784394	52,770049124853	1	1085,39367821561	52,770049124853
1416	672,339839364452	274,860401673032	1	1327,66016063555	274,860401673032
1445	699,616775258526	205,421476903491	1	1300,38322474147	205,421476903491
1464	855,321899558269	57,3768225783877	1	1144,67810044173	57,3768225783877
1486	838,738206591722	86,8446733266107	1	1161,26179340828	86,8446733266107
1531	595,157284904662	202,982391245265	1	1404,84271509534	202,982391245265
1537	686,840995610769	171,202325621735	1	1313,15900438923	171,202325621735
1554	666,920924613219	236,95231442648	1	1333,07907538678	236,95231442648
1569	733,970475491457	297,295398969521	1	1266,02952450854	297,295398969521
1596	846,70878696862	367,385313533034	0			1153,29121303138	367,385313533034
1609	556,887140425137	280,853442009886	1	1443,11285957486	280,853442009886
1659	352,723875855748	203,515539344829	1	1647,27612414425	203,515539344829
1683	298,712096596028	178,019218067232	1	1701,28790340397	178,019218067232
1730	240,018977053643	175,224206175692	1	1759,98102294636	175,224206175692
1778	384,309571537562	240,661404496537	1	1615,69042846244	240,661404496537
1817	718,665730126571	245,639350177089	1	1281,33426987343	245,639350177089
1870	880,456021921325	216,417878671272	1	1119,54397807867	216,417878671272
1914	900,676532239204	207,335977792972	1	1099,3234677608	207,335977792972
1972	-87,0987086620146	135,355525369706	0			2087,09870866201	135,355525369706
2148	-141,15025788835	111,003430400409	0			2141,15025788835	111,003430400409
2155	841,167259833574	94,7356831862914	1	1158,83274016643	94,7356831862914
2185	832,266263227264	51,531869463952	1	1167,73373677274	51,531869463952
2199	827,620250079315	28,9809692138335	1	1172,37974992068	28,9809692138335
2225	847,172418128167	22,781402725049	1	1152,82758187183	22,781402725049
2269	895,788099515803	17,2186289309162	1	1104,2119004842	17,2186289309162
2718	-104,183574787621	-37,7919437804426	0			2104,18357478762	-37,7919437804426
2736	1171,46833598807	29,9995037331387	1	828,531664011934	29,9995037331387
2768	527,14816822557	-20,0261724912304	1	1472,85183177443	-20,0261724912304
2781	949,725323670317	11,1929062661559	1	1050,27467632968	11,1929062661559
2814	377,416538975128	-5,98912141548273	1	1622,58346102487	-5,98912141548273
2856	-183,155723554778	-9,90436801886951	0			2183,15572355478	-9,90436801886951
2908	-21,7591111525462	-107,768369512111	0			2021,75911115255	-107,768369512111
2919	28,9652704035194	-154,960881845479	0			1971,03472959648	-154,960881845479
2950	487,365976513549	-100,959259671762	0			1512,63402348645	-100,959259671762
3037	-223,158357984426	-114,069980998864	0			2223,15835798443	-114,069980998864
3078	522,31305069908	-78,2480866892564	0			1477,68694930092	-78,2480866892564
3126	191,081335686525	-54,3952433577916	1	1808,91866431347	-54,3952433577916
3174	196,308748093798	532,338039423093	0			1803,6912519062	532,338039423093
3187	300,082404018937	510,877383691934	0			1699,91759598106	510,877383691934
3218	484,919140307512	123,987545623521	1	1515,08085969249	123,987545623521
3261	96,6205610021428	41,5500912851652	0			1903,37943899786	41,5500912851652
3277	345,663040989625	187,967135584907	1	1654,33695901038	187,967135584907
3309	127,812689447191	195,950198827358	0			1872,18731055281	195,950198827358
3328	207,96444335746	229,378210232451	1	1792,03555664254	229,378210232451
3355	762,126496519201	429,21080965332	0			1237,8735034808	429,21080965332
3384	764,211459866378	428,72761274313	0			1235,78854013362	428,72761274313
3402	966,575471858637	555,598392810531	0			1033,42452814136	555,598392810531
3415	953,940185917883	489,620092302913	0			1046,05981408212	489,620092302913
3458	668,696828246546	397,308075243162	0			1331,30317175345	397,308075243162
3504	911,431753591436	179,119550170381	1	1088,56824640856	179,119550170381
3531	943,626775048702	295,386352275485	1	1056,3732249513	295,386352275485
3553	882,958255585386	226,121403889558	1	1117,04174441461	226,121403889558
3575	733,473088465825	283,576858113578	1	1266,52691153418	283,576858113578
3620	817,034219133794	383,538451223052	0			1182,96578086621	383,538451223052
3666	918,339460800157	401,940355246453	0			1081,66053919984	401,940355246453
3712	877,030282184455	436,684514136328	0			1122,96971781555	436,684514136328
3723	877,390834299438	433,799472539664	0			1122,60916570056	433,799472539664
3754	886,061884744448	409,084947146425	0			1113,93811525555	409,084947146425
3803	-99,5624444208302	-81,6492862540718	0			2099,56244442083	-81,6492862540718
3821	87,5761377613022	10,8122492797393	0			1912,4238622387	10,8122492797393
3854	-60,0610217484394	-118,786254072607	0			2060,06102174844	-118,786254072607
3874	-49,1840653875794	-120,921473266122	0			2049,18406538758	-120,921473266122
3907	-38,1330274069579	-123,09086584449	0			2038,13302740696	-123,09086584449
3936	-33,7255838866662	-125,108183936862	0			2033,72558388667	-125,108183936862
3957	-18,2124566813091	-132,208652050985	0			2018,21245668131	-132,208652050985
3983	-5,80130271541262	-137,889325059577	0			2005,80130271541	-137,889325059577
4002	-44,8823821831281	-69,0655423920789	0			2044,88238218313	-69,0655423920789
4039	10,984344290033	25,1584660231725	0			1989,01565570997	25,1584660231725
4113	-139,730054738066	10,7078243735385	0			2139,73005473807	10,7078243735385
4131	41,1753782143727	72,3603373823379	0			1958,82462178563	72,3603373823379
4160	221,030114626853	223,830919652133	1	1778,96988537315	223,830919652133
4179	167,92824604288	227,702507642681	1	1832,07175395712	227,702507642681
4207	332,43780735977	164,162114103812	1	1667,56219264023	164,162114103812
4229	234,145151642954	208,537851453986	1	1765,85484835705	208,537851453986
4252	299,166339421073	224,393981492007	1	1700,83366057893	224,393981492007
4270	383,943906780877	226,749898399748	1	1616,05609321912	226,749898399748
4310	414,550844557538	213,260831902996	1	1585,44915544246	213,260831902996
4316	429,501678219595	209,620927563277	1	1570,4983217804	209,620927563277
4361	477,649644565534	186,322823564334	1	1522,35035543447	186,322823564334
4388	526,535361646722	175,937958691458	1	1473,46463835328	175,937958691458
4404	576,228201090918	155,8857929862	1	1423,77179890908	155,8857929862
4432	740,774328017382	80,1566352384165	1	1259,22567198262	80,1566352384165
4445	779,149929835443	80,4764493211795	1	1220,85007016456	80,4764493211795
4482	760,70368585264	87,7948310817324	1	1239,29631414736	87,7948310817324
4518	819,022806155484	101,738704009683	1	1180,97719384452	101,738704009683
4580	937,459600109042	86,0867723678912	1	1062,54039989096	86,0867723678912
4590	1144,91904239979	83,5918718281106	1	855,080957600212	83,5918718281106
4615	1060,56646822822	24,8385284359798	1	939,433531771783	24,8385284359798
4633	1248,33276659502	72,9682411745039	1	751,667233404977	72,9682411745039
4656	954,34826201459	86,2217210736139	1	1045,65173798541	86,2217210736139
4671	792,444050638781	88,357885704546	1	1207,55594936122	88,357885704546
4706	615,969890436978	107,74197577993	1	1384,03010956302	107,74197577993
4719	591,76103565402	143,464843296061	1	1408,23896434598	143,464843296061
4748	358,702096702185	212,386288731096	1	1641,29790329782	212,386288731096
4773	337,984124899961	245,02787289866	1	1662,01587510004	245,02787289866
4806	258,363831103737	226,165335787088	1	1741,63616889626	226,165335787088
4835	351,040645011544	132,28375451925	1	1648,95935498846	132,28375451925
5136	1097,0227287811	99,1553344176947	1	902,977271218902	99,1553344176947
5156	459,21894554953	180,348119449476	1	1540,78105445047	180,348119449476
5172	724,78576720485	157,28267933621	1	1275,21423279515	157,28267933621
5201	526,94902860208	227,141238700994	1	1473,05097139792	227,141238700994
5214	801,730322014885	260,737977332444	1	1198,26967798511	260,737977332444
5260	697,035875946616	251,294732991461	1	1302,96412405338	251,294732991461
5292	312,796738408857	337,969545018152	0			1687,20326159114	337,969545018152
5301	-158,686051644662	380,726737566055	0			2158,68605164466	380,726737566055
5331	-96,5027128475167	372,651264292461	0			2096,50271284752	372,651264292461
5350	42,4944038059108	356,950302756453	0			1957,50559619409	356,950302756453
5376	98,9619707551058	338,147576885595	0			1901,03802924489	338,147576885595
5421	-211,442001039657	293,472405818639	0			2211,44200103966	293,472405818639
5434	-208,786682405525	301,774244363545	0			2208,78668240552	301,774244363545
5468	-208,581819503439	301,903353222758	0			2208,58181950344	301,903353222758
5481	104,123097642827	383,014887120946	0			1895,87690235717	383,014887120946
5519	571,411666032102	362,282533969283	0			1428,5883339679	362,282533969283
5526	421,01771278428	394,869885265071	0			1578,98228721572	394,869885265071
5567	437,68646489947	390,243402609366	0			1562,31353510053	390,243402609366
5574	387,36887631518	408,54802535969	0			1612,63112368482	408,54802535969
5605	344,659914896079	433,764589324979	0			1655,34008510392	433,764589324979
5617	362,519042155351	431,811577977835	0			1637,48095784465	431,811577977835
5646	-67,5315432862404	291,947766987131	0			2067,53154328624	291,947766987131
5663	-50,1439129054385	301,333700833755	0			2050,14391290544	301,333700833755
5719	-102,857630461165	272,02007907973	0			2102,85763046117	272,02007907973
5744	38,7939385713507	299,579956903092	0			1961,20606142865	299,579956903092
5766	871,030344375296	186,164971749066	1	1128,9696556247	186,164971749066
5783	887,623145441339	185,816455124938	1	1112,37685455866	185,816455124938
5799	909,069809363746	192,658777184406	1	1090,93019063625	192,658777184406
5829	968,446242040034	201,403706432313	1	1031,55375795997	201,403706432313
5874	857,453642197449	135,263445584486	1	1142,54635780255	135,263445584486
5885	834,344222563377	136,596885737618	1	1165,65577743662	136,596885737618
5917	786,894263073203	140,201244495111	1	1213,1057369268	140,201244495111
5942	756,206531016329	108,56348382622	1	1243,79346898367	108,56348382622
5966	785,2131800749	107,359907480774	1	1214,7868199251	107,359907480774
5982	860,033426630127	114,48333076256	1	1139,96657336987	114,48333076256
6010	833,141145494798	167,044753603743	1	1166,8588545052	167,044753603743
6025	795,086890559659	223,526271958829	1	1204,91310944034	223,526271958829
6055	801,032559918742	254,329702538638	1	1198,96744008126	254,329702538638
6077	782,578203555867	262,964258549388	1	1217,42179644413	262,964258549388
6099	894,962448562677	205,359003655871	1	1105,03755143732	205,359003655871
6115	944,803906738734	123,698432836048	1	1055,19609326127	123,698432836048
6160	1103,07179910072	137,6091670176	1	896,928200899284	137,6091670176
6214	1270,37580241103	121,922391365121	1	729,62419758897	121,922391365121
6236	1448,06483207897	12,4121027548756	1	551,935167921029	12,4121027548756
6254	1463,95944347474	17,0276115928761	1	536,040556525264	17,0276115928761
6281	1533,92364786951	82,6902390469574	1	466,076352130491	82,6902390469574
6318	1533,78282071703	85,8221442316454	1	466,217179282969	85,8221442316454
6338	1108,43643588518	459,803671333656	0			891,56356411482	459,803671333656
6365	928,79869896126	163,240763297868	1	1071,20130103874	163,240763297868
6692	349,982036356016	-24,5112936737688	1	1650,01796364398	-24,5112936737688
6701	897,391705065483	28,0650457073218	1	1102,60829493452	28,0650457073218
6727	418,455608744042	66,5107506108442	1	1581,54439125596	66,5107506108442
6773	354,54281600845	64,7871778626688	1	1645,45718399155	64,7871778626688
6814	323,570293581111	106,835674734732	1	1676,42970641889	106,835674734732
6861	321,366973762518	88,8811666468513	1	1678,63302623748	88,8811666468513
6910	425,200503310726	115,693680556881	1	1574,79949668927	115,693680556881
6955	105,619190206214	169,439728010088	0			1894,38080979379	169,439728010088
6963	365,465480925987	200,473456277873	1	1634,53451907401	200,473456277873
7012	-132,526863849859	192,909022561139	0			2132,52686384986	192,909022561139
7014	236,428551900877	207,627483740047	1	1763,57144809912	207,627483740047
7061	136,620048149967	186,8469659464	0			1863,37995185003	186,8469659464
7085	914,810777139157	255,102324156454	1	1085,18922286084	255,102324156454
7115	865,038822665905	283,679442439669	1	1134,9611773341	283,679442439669
7139	883,509512462545	298,892934627369	1	1116,49048753745	298,892934627369
7154	881,539216193007	234,411075027732	1	1118,46078380699	234,411075027732
7177	830,226271529445	196,190698325583	1	1169,77372847055	196,190698325583
7227	753,442247454818	148,120622492654	1	1246,55775254518	148,120622492654
7268	776,721768601206	151,741319270978	1	1223,27823139879	151,741319270978
7286	812,605129823098	152,223819791421	1	1187,3948701769	152,223819791421
7321	818,345193778587	144,13347387009	1	1181,65480622141	144,13347387009
7359	765,55410685464	187,559209557572	1	1234,44589314536	187,559209557572
7381	785,474452323969	188,368440682343	1	1214,52554767603	188,368440682343
7405	637,524525933322	213,034442884058	1	1362,47547406668	213,034442884058
7424	704,208238539757	218,838814833357	1	1295,79176146024	218,838814833357
7451	660,605333056707	207,009384048209	1	1339,39466694329	207,009384048209
7508	1034,86062318086	167,734063010169	1	965,139376819141	167,734063010169
7538	844,27068206286	103,542179216785	1	1155,72931793714	103,542179216785
7553	743,996142166071	86,6538704538469	1	1256,00385783393	86,6538704538469
7585	404,422473499089	134,250528920962	1	1595,57752650091	134,250528920962
7605	207,602701354676	222,897811464631	1	1792,39729864532	222,897811464631
7634	21,8344576769144	300,97702393064	0			1978,16554232309	300,97702393064
7673	32,9973626786715	237,817089809422	0			1967,00263732133	237,817089809422
7692	-50,1242204557031	280,627127704798	0			2050,1242204557	280,627127704798
7716	90,1017888268047	306,245522092656	0			1909,8982111732	306,245522092656
7736	91,8190157997998	303,564402595347	0			1908,1809842002	303,564402595347
7763	119,898983523509	248,050201303864	0			1880,10101647649	248,050201303864
7780	137,455166815708	233,654001449673	0			1862,54483318429	233,654001449673
7811	143,983192996555	220,218129454897	0			1856,01680700344	220,218129454897
7824	186,465087422701	271,882472367315	1	1813,5349125773	271,882472367315
7872	243,083037783422	298,515717279094	1	1756,91696221658	298,515717279094
7882	273,429327121931	344,250457363664	0			1726,57067287807	344,250457363664
7901	277,290576912003	247,419402570614	1	1722,709423088	247,419402570614
7911	298,269360916243	258,675014557349	1	1701,73063908376	258,675014557349
7960	185,693298411651	349,831630261232	0			1814,30670158835	349,831630261232
7985	241,983826466579	297,420116629322	1	1758,01617353342	297,420116629322
8032	366,808775567036	267,080714642007	1	1633,19122443296	267,080714642007
8046	329,549247275728	233,851692214822	1	1670,45075272427	233,851692214822
8094	409,384372995403	206,931693565725	1	1590,6156270046	206,931693565725
8129	216,741972188685	177,336395902112	1	1783,25802781131	177,336395902112
8139	241,144532061472	169,065219422193	1	1758,85546793853	169,065219422193
8169	50,1810277357606	98,1354389505803	0			1949,81897226424	98,1354389505803
8187	122,753714810222	67,4833679748672	0			1877,24628518978	67,4833679748672
8214	110,818577045065	72,2726146031945	0			1889,18142295493	72,2726146031945
8231	427,263572889991	9,22864963118845	1	1572,73642711001	9,22864963118845
8265	489,020447933332	-14,8987562567209	1	1510,97955206667	-14,8987562567209
8304	81,3573898783138	64,1798743346574	0			1918,64261012169	64,1798743346574
8317	112,629070771366	90,3529454614091	0			1887,37092922863	90,3529454614091
8346	115,482748528813	129,538994151001	0			1884,51725147119	129,538994151001
8363	165,09131096659	112,319969595713	0			1834,90868903341	112,319969595713
8424	338,796076906075	71,0357859006598	1	1661,20392309392	71,0357859006598
8443	576,226547453551	92,0939824389752	1	1423,77345254645	92,0939824389752
8461	631,204354122606	122,88377430134	1	1368,79564587739	122,88377430134
8495	467,358262449809	90,8280440503136	1	1532,64173755019	90,8280440503136
8596	484,512516750101	143,058811753408	1	1515,4874832499	143,058811753408
8633	480,194052291919	116,924541706404	1	1519,80594770808	116,924541706404
8670	480,194052291919	116,924541706404	1	1519,80594770808	116,924541706404
8686	917,352205360999	66,3021210794082	1	1082,647794639	66,3021210794082
8707	331,452740521074	75,8991757113712	1	1668,54725947893	75,8991757113712
8724	-9,51407606703822	89,3113027339873	0			2009,51407606704	89,3113027339873
8749	155,404459242555	80,5262266878351	0			1844,59554075745	80,5262266878351
8775	544,42517712182	74,469030328665	1	1455,57482287818	74,469030328665
8798	229,323918870968	124,379507156389	1	1770,67608112903	124,379507156389
8812	372,53155634324	111,743182162772	1	1627,46844365676	111,743182162772
8884	311,902470635116	-72,6478116835707	0			1688,09752936488	-72,6478116835707
8904	124,240635745348	-102,456900969251	0			1875,75936425465	-102,456900969251
9335	288,72026857049	-145,100819045509	0			1711,27973142951	-145,100819045509
9378	203,755183050162	-40,9868781428665	1	1796,24481694984	-40,9868781428665
9429	278,257619925093	23,6731944052394	1	1721,74238007491	23,6731944052394
9509	236,178412578219	28,4318846743701	1	1763,82158742178	28,4318846743701
9529	170,563000922836	7,69204482862994	1	1829,43699907716	7,69204482862994
9539	229,152010612294	-23,3800545493108	1	1770,84798938771	-23,3800545493108
9557	1190,01124817971	9,13060801609713	1	809,988751820287	9,13060801609713
9580	599,466067423206	28,3375440702591	1	1400,53393257679	28,3375440702591
9584	741,155919725928	25,4053245494443	1	1258,84408027407	25,4053245494443
9609	531,763037940183	23,8661461143684	1	1468,23696205982	23,8661461143684
9630	557,949907389314	49,6488385540715	1	1442,05009261069	49,6488385540715
9656	405,069094769475	25,9877640324999	1	1594,93090523053	25,9877640324999
9685	703,954415616151	80,2025967297378	1	1296,04558438385	80,2025967297378
9703	961,178794156982	92,6629131852292	1	1038,82120584302	92,6629131852292
9718	937,992203938879	101,691544763667	1	1062,00779606112	101,691544763667
9754	751,496186867189	119,656105067529	1	1248,50381313281	119,656105067529
9785	649,183896851824	103,710895952956	1	1350,81610314818	103,710895952956
9832	826,344639974832	132,050690892285	1	1173,65536002517	132,050690892285
9850	874,204855469381	96,4758119965386	1	1125,79514453062	96,4758119965386
9877	778,362163100991	124,467907399749	1	1221,63783689901	124,467907399749
9925	618,499233079537	169,507250424237	1	1381,50076692046	169,507250424237
9950	557,005767194985	213,650214001131	1	1442,99423280501	213,650214001131
9971	539,473468219152	272,778227562753	1	1460,52653178085	272,778227562753
9983	498,190453145189	238,855123621196	1	1501,80954685481	238,855123621196
10013	433,665824388678	251,848761541627	1	1566,33417561132	251,848761541627
10032	436,056160725215	252,831835823452	1	1563,94383927478	252,831835823452
