57	1209,76353123736	131,832012384888	1	790,236468762642	131,832012384888
174	775,60315178436	389,03072932791	0			1224,39684821564	389,03072932791
238	1033,18350585147	213,01847730049	1	966,816494148526	213,01847730049
356	605,49201841879	505,719645357462	0			1394,50798158121	505,719645357462
374	857,867481021819	302,021511923308	1	1142,13251897818	302,021511923308
418	722,394140701064	411,365210668039	0			1277,60585929894	411,365210668039
449	755,34975563912	494,51939636984	0			1244,65024436088	494,51939636984
461	860,482761704146	365,307603520628	0			1139,51723829585	365,307603520628
491	941,396134207907	447,911691838615	0			1058,60386579209	447,911691838615
508	1040,77518990504	316,248987054906	1	959,224810094963	316,248987054906
537	1040,22428553493	342,864095604796	0			959,775714465069	342,864095604796
585	971,617430527255	515,027134977099	0			1028,38256947275	515,027134977099
600	987,725035074651	494,097590235475	0			1012,27496492535	494,097590235475
627	988,517132679954	477,829085939418	0			1011,48286732005	477,829085939418
659	1038,09466063367	373,373566193583	0			961,905339366334	373,373566193583
677	1026,47712278963	391,747520135436	0			973,522877210368	391,747520135436
697	1041,50529736091	346,970561887481	0			958,494702639087	346,970561887481
720	920,153175189142	524,822029801062	0			1079,84682481086	524,822029801062
747	940,394689564155	480,800104888719	0			1059,60531043585	480,800104888719
770	988,838263537603	429,504505611641	0			1011,1617364624	429,504505611641
781	1006,8258884989	490,264951376324	0			993,174111501097	490,264951376324
843	1011,86296714529	481,735754256766	0			988,137032854712	481,735754256766
854	1087,5751313621	411,374462292066	0			912,424868637902	411,374462292066
868	1066,53338689111	414,364627444031	0			933,466613108889	414,364627444031
906	1063,01929108642	574,868008907841	0			936,980708913578	574,868008907841
973	1108,19455500398	320,788191399348	1	891,805444996025	320,788191399348
989	1101,31754286638	398,389575299579	0			898,682457133618	398,389575299579
1040	1255,29794939464	443,234716167688	0			744,702050605358	443,234716167688
1052	1157,33847374089	326,564484047228	1	842,661526259109	326,564484047228
1081	1259,42418602247	418,845005138308	0			740,575813977533	418,845005138308
1096	1202,64319151956	317,255164859011	1	797,356808480441	317,255164859011
1125	1228,82494821336	369,084322661822	0			771,175051786636	369,084322661822
1139	1217,6551757284	340,420910816735	0			782,344824271602	340,420910816735
1179	816,794909983444	253,036064710076	1	1183,20509001656	253,036064710076
1218	594,947528771086	237,942656096864	1	1405,05247122891	237,942656096864
1277	428,470472246956	255,694555379336	1	1571,52952775304	255,694555379336
1279	428,452424518757	255,691305691491	1	1571,54757548124	255,691305691491
1317	1160,83241681837	357,589378730629	0			839,167583181634	357,589378730629
1371	474,66750905661	274,62201105909	1	1525,33249094339	274,62201105909
1407	377,333545453712	313,091078846347	1	1622,66645454629	313,091078846347
1413	499,738407768461	278,710994942867	1	1500,26159223154	278,710994942867
1449	69,8051034518665	375,324769599869	0			1930,19489654813	375,324769599869
1496	442,014531708756	341,943637660282	0			1557,98546829124	341,943637660282
1528	540,159711029869	378,47491324953	0			1459,84028897013	378,47491324953
1539	538,597477209323	362,668253493301	0			1461,40252279068	362,668253493301
1568	471,714953911038	352,805729270401	0			1528,28504608896	352,805729270401
1587	555,943170934841	343,721939095476	0			1444,05682906516	343,721939095476
1615	508,213800193823	272,847795859955	1	1491,78619980618	272,847795859955
1629	680,826488903482	313,767764090948	1	1319,17351109652	313,767764090948
1667	764,971925965408	331,658911569031	1	1235,02807403459	331,658911569031
1706	799,764085296111	331,795843197211	1	1200,23591470389	331,795843197211
1726	746,429287961233	302,965716401954	1	1253,57071203877	302,965716401954
1767	605,114771853742	256,513422616052	1	1394,88522814626	256,513422616052
1794	689,565472258977	236,68176411053	1	1310,43452774102	236,68176411053
1813	693,494496507106	258,727723928594	1	1306,50550349289	258,727723928594
1840	619,655591371167	311,725230795036	1	1380,34440862883	311,725230795036
1856	671,843671637585	245,679001625392	1	1328,15632836242	245,679001625392
1890	651,734655483308	260,604368725385	1	1348,26534451669	260,604368725385
1929	732,906029517311	92,4308495784024	1	1267,09397048269	92,4308495784024
1976	753,564586870894	61,8542884780376	1	1246,43541312911	61,8542884780376
2022	888,018934703226	69,8056874153752	1	1111,98106529677	69,8056874153752
2063	833,865508960876	92,2728073877942	1	1166,13449103912	92,2728073877942
2117	171,584359180121	32,8898960464628	1	1828,41564081988	32,8898960464628
2170	35,389325648713	7,11448295267719	0			1964,61067435129	7,11448295267719
2215	1118,97697572183	130,354902200242	1	881,023024278165	130,354902200242
2246	641,786676311499	106,888658105672	1	1358,2133236885	106,888658105672
2271	660,258964067994	107,79704877081	1	1339,74103593201	107,79704877081
2293	374,062763338585	95,902061587206	1	1625,93723666142	95,902061587206
2333	326,676616769226	99,2651537606202	1	1673,32338323077	99,2651537606202
2425	1118,97697572183	130,354902200242	1	881,023024278165	130,354902200242
2457	1118,97697572183	130,354902200242	1	881,023024278165	130,354902200242
2477	468,541688681181	141,920397036363	1	1531,45831131882	141,920397036363
2495	133,961682536661	148,234035603744	0			1866,03831746334	148,234035603744
2522	381,427393272399	140,618420981954	1	1618,5726067276	140,618420981954
2539	545,561304966599	93,6856260915053	1	1454,4386950334	93,6856260915053
2565	1285,18073206374	-105,320732662809	0			714,819267936265	-105,320732662809
2578	1166,11412639955	18,0123230032176	1	833,885873600451	18,0123230032176
2628	1310,03128009328	-82,8427540130476	0			689,968719906724	-82,8427540130476
2638	1277,9881382302	-61,5740106197608	0			722,011861769797	-61,5740106197608
2665	1254,50789480988	28,0893357839749	1	745,492105190122	28,0893357839749
2716	1282,88738688356	-46,751800481286	1	717,112613116442	-46,751800481286
2720	1283,87948934314	-47,4153924738109	1	716,120510656857	-47,4153924738109
3110	1362,52204376517	159,887719228908	1	637,47795623483	159,887719228908
3183	895,186331048367	200,716116827515	1	1104,81366895163	200,716116827515
3189	906,736051081798	76,7918053112513	1	1093,2639489182	76,7918053112513
3210	954,483232572107	51,4432691163384	1	1045,51676742789	51,4432691163384
3300	1034,5151833346	221,437319211555	1	965,484816665403	221,437319211555
3328	867,540457024929	263,879489192522	1	1132,45954297507	263,879489192522
3354	944,252957521019	219,456345281602	1	1055,74704247898	219,456345281602
3400	924,013381747952	228,408510629752	1	1075,98661825205	228,408510629752
3422	1444,62813361331	122,093841875855	1	555,371866386688	122,093841875855
3436	1398,76588393606	102,571484179414	1	601,234116063939	102,571484179414
3487	1441,20318045537	90,7693048735379	1	558,79681954463	90,7693048735379
3522	1556,40089459799	73,8482065158949	1	443,599105402013	73,8482065158949
3661	1483,97885263799	67,8941978943244	1	516,021147362009	67,8941978943244
3694	1517,3207344011	54,1219370735459	1	482,6792655989	54,1219370735459
3702	1402,53313577863	30,1370180083131	1	597,466864221371	30,1370180083131
3706	1374,32446845426	5,44667151870905	1	625,675531545737	5,44667151870905
3743	1266,99185639959	-112,419562103387	0			733,008143600414	-112,419562103387
3750	1403,49176697302	-70,4767293040125	0			596,508233026985	-70,4767293040125
3803	1403,55860525226	-83,414571475775	0			596,441394747738	-83,414571475775
3807	1552,18172139465	48,5566925499711	1	447,818278605351	48,5566925499711
3825	1385,03703046019	-42,6198769531859	1	614,962969539807	-42,6198769531859
3837	1367,49102199882	40,7208623692527	1	632,508978001175	40,7208623692527
3901	1391,70870078321	57,2968814491923	1	608,291299216787	57,2968814491923
3945	1534,73263457863	212,611447729737	1	465,26736542137	212,611447729737
3965	1511,68390662925	243,336683007516	1	488,316093370752	243,336683007516
3973	1511,33392997607	221,359520956814	1	488,666070023931	221,359520956814
4030	1502,73847895141	270,746787498839	1	497,261521048588	270,746787498839
4080	606,184016514237	312,29518667043	1	1393,81598348576	312,29518667043
4118	51,2454051471915	458,192359461252	0			1948,75459485281	458,192359461252
4141	378,906015035594	383,086253666552	0			1621,09398496441	383,086253666552
4145	-94,2939828521816	513,608126545687	0			2094,29398285218	513,608126545687
4184	-127,356546946864	509,980149000684	0			2127,35654694686	509,980149000684
4196	129,896252893006	448,185261612854	0			1870,10374710699	448,185261612854
4228	383,078138593545	369,839992078005	0			1616,92186140645	369,839992078005
4239	805,326065724982	304,647009939492	1	1194,67393427502	304,647009939492
4272	825,247897195681	294,357780106263	1	1174,75210280432	294,357780106263
4287	754,729857673558	290,670422309819	1	1245,27014232644	290,670422309819
4337	524,073863679949	287,971751434885	1	1475,92613632005	287,971751434885
4373	520,619893535028	267,825980516529	1	1479,38010646497	267,825980516529
4376	345,028477480947	252,479905281599	1	1654,97152251905	252,479905281599
4415	351,676015653329	238,97924788487	1	1648,32398434667	238,97924788487
4469	344,51315673038	242,758981544183	1	1655,48684326962	242,758981544183
4528	396,729310662229	203,239111042572	1	1603,27068933777	203,239111042572
4537	467,701825241276	179,982564736993	1	1532,29817475872	179,982564736993
4554	509,432083427575	175,290470413829	1	1490,56791657242	175,290470413829
4593	642,219370786066	146,970475577348	1	1357,78062921393	146,970475577348
4631	619,361887317645	143,341826198213	1	1380,63811268235	143,341826198213
4671	391,370019402658	270,762008185888	1	1608,62998059734	270,762008185888
4680	532,09435185574	217,79414924016	1	1467,90564814426	217,79414924016
4698	590,027995386312	195,667525152199	1	1409,97200461369	195,667525152199
4724	620,635102332656	189,761300407408	1	1379,36489766734	189,761300407408
4743	604,208256709794	224,541982336729	1	1395,79174329021	224,541982336729
4777	496,197154081431	215,389782768086	1	1503,80284591857	215,389782768086
4828	439,980514702559	226,070072468495	1	1560,01948529744	226,070072468495
4841	490,292438536635	193,65020748356	1	1509,70756146336	193,65020748356
4861	645,17952194108	199,244922476802	1	1354,82047805892	199,244922476802
4870	644,010283865172	218,855601420472	1	1355,98971613483	218,855601420472
4928	538,134483497878	232,04672620529	1	1461,86551650212	232,04672620529
4951	492,386519145763	204,968776465076	1	1507,61348085424	204,968776465076
4968	474,478958184903	217,80514047026	1	1525,5210418151	217,80514047026
5010	541,191784331763	240,085678626259	1	1458,80821566824	240,085678626259
5015	518,781467216596	238,583997502662	1	1481,2185327834	238,583997502662
5039	614,851344329452	192,725866488077	1	1385,14865567055	192,725866488077
5335	1458,24211639108	144,772448379308	1	541,75788360892	144,772448379308
5368	1265,03303799429	316,281414260708	1	734,966962005714	316,281414260708
5448	914,909644265777	286,296846302525	1	1085,09035573422	286,296846302525
5461	1004,0728256282	277,674426826961	1	995,927174371796	277,674426826961
5488	1001,79474148576	262,439434951031	1	998,205258514237	262,439434951031
5532	928,94452307833	256,813111706349	1	1071,05547692167	256,813111706349
5549	1030,5696349815	247,39728485666	1	969,430365018498	247,39728485666
5579	916,781867820772	213,901088206124	1	1083,21813217923	213,901088206124
5600	948,996832656545	225,030430880318	1	1051,00316734346	225,030430880318
5628	906,41807714945	253,020731756755	1	1093,58192285055	253,020731756755
5638	381,397433829773	260,718817150479	1	1618,60256617023	260,718817150479
5681	517,642976766556	265,643818998022	1	1482,35702323344	265,643818998022
5744	1067,13504626085	244,540432654064	1	932,864953739151	244,540432654064
5777	1078,79116955724	225,524956401857	1	921,208830442763	225,524956401857
5813	1067,85488239838	206,384985526966	1	932,145117601623	206,384985526966
5846	969,974297106243	225,736304469272	1	1030,02570289376	225,736304469272
5866	926,512493560764	288,682195110011	1	1073,48750643924	288,682195110011
5897	908,975500703777	322,821914621902	1	1091,02449929622	322,821914621902
5947	1018,17393321676	394,386898082078	0			981,826066783242	394,386898082078
5969	949,296065935286	219,2759453637	1	1050,70393406471	219,2759453637
5990	908,659479571021	151,984749921171	1	1091,34052042898	151,984749921171
6033	891,711116139268	181,249089505988	1	1108,28888386073	181,249089505988
6070	917,00838215256	339,77089540938	0			1082,99161784744	339,77089540938
6087	952,105583726152	284,484307347173	1	1047,89441627385	284,484307347173
6122	869,469075072101	223,824029059419	1	1130,5309249279	223,824029059419
6168	889,387094195802	200,409531074163	1	1110,6129058042	200,409531074163
6210	859,609147662047	183,927624380881	1	1140,39085233795	183,927624380881
6267	780,504418036699	80,1562044680098	1	1219,4955819633	80,1562044680098
6315	805,201242987881	75,3761188275787	1	1194,79875701212	75,3761188275787
6340	795,758188308415	75,8580197578517	1	1204,24181169159	75,8580197578517
6362	806,594914744093	76,5675646931144	1	1193,40508525591	76,5675646931144
6404	892,664127786732	87,0831094678771	1	1107,33587221327	87,0831094678771
6436	731,205733890251	164,559119849309	1	1268,79426610975	164,559119849309
6454	437,770854299221	235,985545431542	1	1562,22914570078	235,985545431542
6477	490,538933173116	222,101184675672	1	1509,46106682688	222,101184675672
6495	539,774653860208	216,678938073593	1	1460,22534613979	216,678938073593
6527	533,515877547444	210,607915953191	1	1466,48412245256	210,607915953191
6537	524,31844591272	210,210951273791	1	1475,68155408728	210,210951273791
6581	590,905802344841	143,633828289049	1	1409,09419765516	143,633828289049
6613	525,857862371393	51,0573728676716	1	1474,14213762861	51,0573728676716
6635	516,150154536891	74,2153174221801	1	1483,84984546311	74,2153174221801
6673	731,20473099868	67,0918451933163	1	1268,79526900132	67,0918451933163
6717	932,938532451209	95,0697041340179	1	1067,06146754879	95,0697041340179
6767	968,580235818528	55,0242401062972	1	1031,41976418147	55,0242401062972
6802	860,862859851206	76,9551242002971	1	1139,13714014879	76,9551242002971
6814	822,901788732199	98,7929501359624	1	1177,0982112678	98,7929501359624
6917	843,51196474242	98,2824705252337	1	1156,48803525758	98,2824705252337
6950	762,58826147777	151,526264109109	1	1237,41173852223	151,526264109109
6987	1068,27223814569	69,6181151277784	1	931,727761854307	69,6181151277784
7036	1370,71177008883	68,9108744831758	1	629,288229911172	68,9108744831758
7075	1466,84036525319	142,265066437605	1	533,159634746814	142,265066437605
7122	1339,75697919023	85,4202157919683	1	660,243020809769	85,4202157919683
7168	1393,24995151652	64,8362466210329	1	606,750048483481	64,8362466210329
7211	1346,61881547761	73,7970747789778	1	653,381184522386	73,7970747789778
7256	1346,14059191201	81,9637617917403	1	653,859408087985	81,9637617917403
7344	1152,97430834724	148,798789091944	1	847,025691652761	148,798789091944
7403	1208,40750388729	160,896769908484	1	791,592496112712	160,896769908484
7439	1258,15119372591	123,26207926837	1	741,848806274086	123,26207926837
7478	1364,66773505055	123,187056024834	1	635,332264949449	123,187056024834
7527	1313,80879626239	117,902467238777	1	686,191203737607	117,902467238777
7569	1331,23078244168	85,1920399409526	1	668,769217558319	85,1920399409526
7945	1863,28369930724	447,81073254682	0			136,716300692759	447,81073254682
7970	958,053490104799	212,957985241977	1	1041,9465098952	212,957985241977
8009	922,847554327701	226,306323306102	1	1077,1524456723	226,306323306102
8034	857,644535570243	112,392155280274	1	1142,35546442976	112,392155280274
8065	1080,07480012456	90,2855177949729	1	919,925199875436	90,2855177949729
8095	971,124373131046	173,219412215216	1	1028,87562686895	173,219412215216
8112	974,185703444904	134,165060891626	1	1025,8142965551	134,165060891626
8144	946,680843471501	183,704328190561	1	1053,3191565285	183,704328190561
8160	966,448590401983	176,642187987445	1	1033,55140959802	176,642187987445
8188	946,065835906257	204,923736074268	1	1053,93416409374	204,923736074268
8233	950,812491060797	265,623671640918	1	1049,1875089392	265,623671640918
8249	946,693102204592	279,951842642189	1	1053,30689779541	279,951842642189
8284	1004,03960376121	279,036270274741	1	995,960396238793	279,036270274741
8326	1043,86862394696	258,710762841732	1	956,131376053036	258,710762841732
8329	1171,49341145246	321,23463718051	1	828,506588547544	321,23463718051
8346	1160,36355604364	313,276664697752	1	839,636443956358	313,276664697752
8373	1105,86262151824	282,891359934523	1	894,137378481762	282,891359934523
8392	992,200878463336	169,055964331438	1	1007,79912153666	169,055964331438
8413	697,698920514866	145,744789174659	1	1302,30107948513	145,744789174659
8428	696,657728841003	144,265426655365	1	1303,342271159	144,265426655365
8476	709,996871479322	138,538014864027	1	1290,00312852068	138,538014864027
8483	854,71354459882	103,484956379034	1	1145,28645540118	103,484956379034
8518	880,329243192507	167,130264411293	1	1119,67075680749	167,130264411293
8548	960,928203898728	156,012438580378	1	1039,07179610127	156,012438580378
8577	1007,36951151826	108,965293197475	1	992,630488481741	108,965293197475
8600	1050,20776949157	124,600525626015	1	949,792230508428	124,600525626015
8613	1063,76009381787	102,195963894299	1	936,239906182129	102,195963894299
8638	1037,42664358702	113,688987471782	1	962,573356412975	113,688987471782
8688	957,851156143298	122,609562278753	1	1042,1488438567	122,609562278753
8703	936,869580957315	102,626964589054	1	1063,13041904269	102,626964589054
8741	1088,3971708291	130,885120207605	1	911,602829170896	130,885120207605
8755	1052,13968093255	160,130647109048	1	947,860319067445	160,130647109048
8805	1066,13232406433	160,141447937064	1	933,867675935672	160,141447937064
8818	1079,59476340118	104,999785335689	1	920,405236598817	104,999785335689
8835	1116,40117761331	53,2359026701896	1	883,598822386686	53,2359026701896
8880	1331,91364260376	16,3792629216974	1	668,086357396244	16,3792629216974
8939	1270,16544204437	13,4527302796093	1	729,834557955632	13,4527302796093
8970	1060,30574344536	41,1613460476274	1	939,694256554639	41,1613460476274
9013	1347,23363666058	195,77801306229	1	652,766363339424	195,77801306229
9087	132,474574610639	-155,531368031818	0			1867,52542538936	-155,531368031818
9130	132,474574610639	-155,531368031818	0			1867,52542538936	-155,531368031818
9147	132,474574610639	-155,531368031818	0			1867,52542538936	-155,531368031818
9190	132,474574610639	-155,531368031818	0			1867,52542538936	-155,531368031818
9241	127,515310414877	-158,329408988744	0			1872,48468958512	-158,329408988744
9262	106,948431554845	-169,93334197858	0			1893,05156844516	-169,93334197858
9274	90,460275557024	-175,294280717549	0			1909,53972444298	-175,294280717549
9326	5,7373046875	-171,243147278931	0			1994,2626953125	-171,243147278931
9368	5,7373046875	-171,243147278931	0			1994,2626953125	-171,243147278931
9460	577,817532931331	-106,531705460976	0			1422,18246706867	-106,531705460976
9582	-10,9399493072411	-109,969096965673	0			2010,93994930724	-109,969096965673
9624	-75,3517521237864	-97,4148674646178	0			2075,35175212379	-97,4148674646178
9675	-46,8010006971837	-127,164419229073	0			2046,80100069718	-127,164419229073
9826	965,837378640777	53,0584377958048	1	1034,16262135922	53,0584377958048
9870	1219,72818220318	1,93749194046646	1	780,271817796825	1,93749194046646
9908	1206,01034290842	32,7520247614599	1	793,989657091584	32,7520247614599
9941	1199,93007622876	46,4101944727891	1	800,069923771238	46,4101944727891
9961	1208,90112991291	21,8531716615858	1	791,098870087091	21,8531716615858
9989	157,11868898255	-37,1449765805929	0			1842,88131101745	-37,1449765805929
