267	293,914656654531	34,0093335788789	1	1706,08534334547	34,0093335788789
284	994,197077581412	214,135559991707	1	1005,80292241859	214,135559991707
352	946,70254520689	250,891674167839	1	1053,29745479311	250,891674167839
377	908,187826841556	290,390516485932	1	1091,81217315844	290,390516485932
414	921,277641212402	357,940368935401	0			1078,7223587876	357,940368935401
443	851,415329893779	320,27347122147	1	1148,58467010622	320,27347122147
464	796,133729988748	254,371396607167	1	1203,86627001125	254,371396607167
489	791,547157325098	240,002553878856	1	1208,4528426749	240,002553878856
508	791,758400380044	236,61776973617	1	1208,24159961996	236,61776973617
539	793,285405142531	204,330846469242	1	1206,71459485747	204,330846469242
581	782,64672606063	187,566451164472	1	1217,35327393937	187,566451164472
596	797,428737738578	172,027279321556	1	1202,57126226142	172,027279321556
641	862,403092006157	379,980533770191	0			1137,59690799384	379,980533770191
672	751,967361852904	216,067063433001	1	1248,0326381471	216,067063433001
686	772,018483633067	256,792868363066	1	1227,98151636693	256,792868363066
726	933,623100545471	177,238060650114	1	1066,37689945453	177,238060650114
734	900,262574652282	185,54753846743	1	1099,73742534772	185,54753846743
763	11,898071431821	-30,4905659235202	0			1988,10192856818	-30,4905659235202
812	168,66011481661	56,5311003726999	1	1831,33988518339	56,5311003726999
838	106,025174013822	53,0244327911478	0			1893,97482598618	53,0244327911478
842	291,537130037355	167,756738910844	1	1708,46286996264	167,756738910844
864	286,517325034194	-1,72542277309864	1	1713,48267496581	-1,72542277309864
908	44,9429440382431	-36,2951203545345	0			1955,05705596176	-36,2951203545345
925	145,614092990432	-33,1714324346993	0			1854,38590700957	-33,1714324346993
938	356,743709504403	39,2662828600251	1	1643,2562904956	39,2662828600251
964	538,144307904908	27,6816571146412	1	1461,85569209509	27,6816571146412
1002	721,440842027336	60,5606358306058	1	1278,55915797266	60,5606358306058
1056	647,240681123353	62,4306773101713	1	1352,75931887665	62,4306773101713
1058	811,741445472694	54,143265031888	1	1188,25855452731	54,143265031888
1078	932,054388499662	112,418301951029	1	1067,94561150034	112,418301951029
1111	1001,66469389685	104,105976878314	1	998,33530610315	104,105976878314
1130	1001,68423757009	153,43152660944	1	998,31576242991	153,43152660944
1138	1077,12383352803	152,112739735548	1	922,876166471971	152,112739735548
1171	1067,92444144509	181,902355809137	1	932,075558554914	181,902355809137
1180	1184,73276907839	195,592643249284	1	815,267230921611	195,592643249284
1222	1201,5534896415	222,935186259112	1	798,446510358504	222,935186259112
1271	1228,45676935808	173,6328715467	1	771,543230641917	173,6328715467
1275	994,341210690958	229,601371270843	1	1005,65878930904	229,601371270843
1292	1004,51680316117	183,18640334511	1	995,483196838827	183,18640334511
1328	995,814007643796	145,044192861369	1	1004,1859923562	145,044192861369
1360	889,357729191521	137,241862922283	1	1110,64227080848	137,241862922283
1374	534,429981434756	132,490430808045	1	1465,57001856524	132,490430808045
1392	533,210232616468	131,271139936735	1	1466,78976738353	131,271139936735
1439	653,25166443074	130,108887036382	1	1346,74833556926	130,108887036382
1498	770,80712716118	152,648168649047	1	1229,19287283882	152,648168649047
1503	896,034480495478	93,2523309678502	1	1103,96551950452	93,2523309678502
1541	765,657268186649	89,7586919771717	1	1234,34273181335	89,7586919771717
1549	760,392012330167	91,2102653259915	1	1239,60798766983	91,2102653259915
1579	748,60648400597	101,636273608982	1	1251,39351599403	101,636273608982
1588	756,986496835554	98,0751268338391	1	1243,01350316445	98,0751268338391
1625	765,770200548591	80,6970880750916	1	1234,22979945141	80,6970880750916
1651	155,095199109211	54,246331496825	0			1844,90480089079	54,246331496825
1662	83,6403963991956	40,2334988598626	0			1916,3596036008	40,2334988598626
1684	199,91943443729	20,3694218925512	1	1800,08056556271	20,3694218925512
2207	824,183751078485	-120,12228908894	0			1175,81624892151	-120,12228908894
2246	1327,64062974059	107,338086509744	1	672,359370259405	107,338086509744
2269	1087,29124934474	108,880619914264	1	912,708750655264	108,880619914264
2290	815,144516582764	111,137950425402	1	1184,85548341724	111,137950425402
2322	933,717880357255	86,2491043991161	1	1066,28211964274	86,2491043991161
2347	784,761959154624	11,4839844268561	1	1215,23804084538	11,4839844268561
2380	785,830375750518	23,979570428697	1	1214,16962424948	23,979570428697
2453	849,939388290241	44,2364704979681	1	1150,06061170976	44,2364704979681
2461	943,082212887963	2,05396986416654	1	1056,91778711204	2,05396986416654
2501	1079,27933713847	88,6216218615005	1	920,720662861533	88,6216218615005
2521	919,656869201492	195,21843411146	1	1080,34313079851	195,21843411146
2535	905,208313165315	203,455091444463	1	1094,79168683469	203,455091444463
2579	897,769629245935	251,279497885288	1	1102,23037075407	251,279497885288
2581	1025,79286825352	186,887138736259	1	974,207131746481	186,887138736259
2611	1025,49927188113	203,234855022861	1	974,500728118871	203,234855022861
2651	973,321164518847	146,061513863823	1	1026,67883548115	146,061513863823
2673	819,843865421791	131,643282785099	1	1180,15613457821	131,643282785099
2725	696,693423723144	84,4833834165132	1	1303,30657627686	84,4833834165132
2730	258,095872581786	48,8291909427695	1	1741,90412741821	48,8291909427695
2740	252,034324926278	37,7451000640228	1	1747,96567507372	37,7451000640228
2760	400,246169129131	47,7949504418821	1	1599,75383087087	47,7949504418821
2791	457,249195744846	-14,0853807793606	1	1542,75080425515	-14,0853807793606
2830	605,85138609732	-41,4832173607847	1	1394,14861390268	-41,4832173607847
2857	683,764818927356	-26,1333492502888	1	1316,23518107264	-26,1333492502888
2884	885,967011205267	6,35650372208621	1	1114,03298879473	6,35650372208621
2921	951,947799261925	10,0603642958411	1	1048,05220073807	10,0603642958411
2944	1042,63035621777	32,0921271723742	1	957,369643782228	32,0921271723742
2983	1006,58404863382	15,9419261815364	1	993,415951366176	15,9419261815364
2993	962,035156912916	45,2978215671228	1	1037,96484308708	45,2978215671228
3013	762,093277984379	60,3385118649056	1	1237,90672201562	60,3385118649056
3027	783,065018040452	84,8911833092607	1	1216,93498195955	84,8911833092607
3060	776,421112660957	71,019163795136	1	1223,57888733904	71,019163795136
3068	749,288614425775	73,1586357445037	1	1250,71138557422	73,1586357445037
3114	832,723675496927	78,3470470728113	1	1167,27632450307	78,3470470728113
3147	953,365506594433	133,898309194035	1	1046,63449340557	133,898309194035
3165	951,259336407987	137,542715455601	1	1048,74066359201	137,542715455601
3219	948,959929891063	137,551327597351	1	1051,04007010894	137,551327597351
3221	1121,0010584904	101,599293947732	1	878,998941509599	101,599293947732
3238	1095,10900722948	102,46126689886	1	904,890992770523	102,46126689886
3291	1004,24127839756	117,789837997473	1	995,758721602441	117,789837997473
3295	930,136890466799	77,706214367521	1	1069,8631095332	77,706214367521
3326	811,816299940927	85,1452878043294	1	1188,18370005907	85,1452878043294
3347	176,319700988357	80,0575686657146	1	1823,68029901164	80,0575686657146
3374	66,8793351449915	6,27112951261735	0			1933,12066485501	6,27112951261735
3391	462,912026570464	26,9911874554699	1	1537,08797342954	26,9911874554699
3420	342,382583603578	-0,856531011907657	1	1657,61741639642	-0,856531011907657
3867	14,2918657716424	-123,82664945893	0			1985,70813422836	-123,82664945893
3907	32,2797361701052	-85,269764775258	0			1967,72026382989	-85,269764775258
3923	32,2797361701052	-85,269764775258	0			1967,72026382989	-85,269764775258
3953	347,312893231426	-13,0716793797775	1	1652,68710676857	-13,0716793797775
3978	584,018895087316	64,8168408310635	1	1415,98110491268	64,8168408310635
4015	476,977277738659	10,7972208735309	1	1523,02272226134	10,7972208735309
4088	1126,88398975694	71,0958894051252	1	873,116010243057	71,0958894051252
4116	1091,04623178475	70,3869590837816	1	908,953768215246	70,3869590837816
4190	1716,87185540554	142,795406693938	0			283,128144594458	142,795406693938
4237	1726,71206576153	105,740406913974	0			273,287934238471	105,740406913974
4288	1702,38134491206	68,0235347723363	0			297,61865508794	68,0235347723363
4333	1547,50319302479	96,4764792693689	1	452,496806975206	96,4764792693689
4362	1076,69654800098	87,4120633228567	1	923,303451999021	87,4120633228567
4381	1015,38697870488	94,7554916350985	1	984,613021295117	94,7554916350985
4414	969,037650208094	91,8608561306626	1	1030,96234979191	91,8608561306626
4427	951,451961278345	79,3669472916987	1	1048,54803872165	79,3669472916987
4468	895,042815548555	90,9194842828023	1	1104,95718445144	90,9194842828023
4495	832,138589228905	20,3564887326496	1	1167,8614107711	20,3564887326496
4517	852,763016001367	13,2306502821744	1	1147,23698399863	13,2306502821744
4541	847,468553223836	10,6743827743156	1	1152,53144677616	10,6743827743156
4562	879,148548443827	13,1345158161012	1	1120,85145155617	13,1345158161012
4589	878,368394814133	19,7739097240178	1	1121,63160518587	19,7739097240178
4646	1038,50053107651	29,4827217565337	1	961,499468923495	29,4827217565337
4653	1034,43040905661	30,4559471768626	1	965,569590943391	30,4559471768626
4673	883,206566621289	41,5413304434783	1	1116,79343337871	41,5413304434783
4725	680,406636129718	38,5348796311566	1	1319,59336387028	38,5348796311566
4741	640,782263751806	32,1893498858752	1	1359,21773624819	32,1893498858752
4765	645,282568361104	49,8486304975982	1	1354,7174316389	49,8486304975982
4784	662,83499963366	50,3270914323032	1	1337,16500036634	50,3270914323032
4812	686,398963332087	56,8139900828278	1	1313,60103666791	56,8139900828278
4826	765,079227442385	76,0876105332441	1	1234,92077255761	76,0876105332441
4856	878,867867594367	84,7482593412474	1	1121,13213240563	84,7482593412474
4917	901,827077196232	78,8534108053868	1	1098,17292280377	78,8534108053868
4952	904,025940138931	78,8852221332527	1	1095,97405986107	78,8852221332527
4958	1196,88558732807	84,1524399203765	1	803,114412671925	84,1524399203765
4991	1224,27348645702	83,5732197369756	1	775,726513542984	83,5732197369756
5007	1189,57770398482	78,5192963130082	1	810,422296015184	78,5192963130082
5060	1171,93216859974	30,4988282102242	1	828,06783140026	30,4988282102242
5110	1165,31474751574	-10,9911708885128	1	834,685252484257	-10,9911708885128
5114	1145,42755065124	37,8335157150991	1	854,572449348763	37,8335157150991
5156	1066,41396211209	172,282549039977	1	933,586037887914	172,282549039977
5171	1229,27963981141	22,6262365469218	1	770,720360188589	22,6262365469218
5195	1197,99916408004	40,0769490382778	1	802,000835919959	40,0769490382778
5228	1202,45489353984	41,7267779809072	1	797,545106460155	41,7267779809072
5266	747,711705366357	76,1167349008558	1	1252,28829463364	76,1167349008558
5277	443,569082308057	23,9233401331109	1	1556,43091769194	23,9233401331109
5310	457,983755037372	31,2902830194085	1	1542,01624496263	31,2902830194085
5319	721,618787002681	76,4798344717093	1	1278,38121299732	76,4798344717093
5362	511,323960598546	48,1070242096917	1	1488,67603940145	48,1070242096917
5401	307,696173320617	20,8204987791971	1	1692,30382667938	20,8204987791971
5418	313,525600672207	20,5093653079519	1	1686,47439932779	20,5093653079519
5444	368,101200443898	-15,325485522815	1	1631,8987995561	-15,325485522815
5452	542,780390495395	-13,0632565995351	1	1457,2196095046	-13,0632565995351
5493	571,610116318258	-26,4271816955507	1	1428,38988368174	-26,4271816955507
5538	355,282128317563	-83,6669983119664	0			1644,71787168244	-83,6669983119664
5559	372,553358648991	-73,3699239982098	0			1627,44664135101	-73,3699239982098
5576	378,814012490966	-50,410505478186	1	1621,18598750903	-50,410505478186
5627	382,159620705177	-57,8015519342838	0			1617,84037929482	-57,8015519342838
5665	363,16584395252	-72,4111426246942	0			1636,83415604748	-72,4111426246942
5687	363,136524599613	-72,4759064083935	0			1636,86347540039	-72,4759064083935
5715	925,430433519296	-8,48397704175832	1	1074,5695664807	-8,48397704175832
5739	759,922236163703	-32,0012351107269	1	1240,0777638363	-32,0012351107269
5763	666,145383493938	-4,07781597789758	1	1333,85461650606	-4,07781597789758
5779	621,217521279634	13,8264656913008	1	1378,78247872037	13,8264656913008
5825	585,145073439946	30,7669232081113	1	1414,85492656005	30,7669232081113
5909	1024,55043360639	133,863054056303	1	975,449566393608	133,863054056303
5996	1033,72944952215	136,202437844317	1	966,270550477852	136,202437844317
6018	1033,72944952215	136,202437844317	1	966,270550477852	136,202437844317
6055	1066,19653794372	111,084147171595	1	933,80346205628	111,084147171595
6060	1027,55401479959	125,50054120522	1	972,445985200414	125,50054120522
6086	1041,46884692544	126,413827952071	1	958,53115307456	126,413827952071
6127	996,50687401275	148,214242601631	1	1003,49312598725	148,214242601631
6159	963,331999128194	134,594478459439	1	1036,66800087181	134,594478459439
6180	965,959615907852	139,855260495691	1	1034,04038409215	139,855260495691
6208	1041,02136155908	172,977558906085	1	958,978638440923	172,977558906085
6234	1160,26331148217	192,713697862544	1	839,736688517826	192,713697862544
6267	1185,1771497963	198,892290618757	1	814,822850203699	198,892290618757
6299	1275,364976953	202,233617163851	1	724,635023046997	202,233617163851
6335	1370,13477585183	192,481612781705	1	629,865224148173	192,481612781705
6360	1317,89447290917	192,550951304624	1	682,105527090832	192,550951304624
6390	1215,66129375456	171,516905049343	1	784,338706245436	171,516905049343
6438	1087,01466308638	160,235853468792	1	912,985336913622	160,235853468792
6456	1063,81117817602	153,761859448893	1	936,18882182398	153,761859448893
6494	1023,42851272742	124,994980340592	1	976,571487272581	124,994980340592
6499	939,982441654336	57,6188328647017	1	1060,01755834566	57,6188328647017
6532	868,788412107645	40,1569216780701	1	1131,21158789236	40,1569216780701
6653	1011,46098016535	34,2262910930674	1	988,539019834648	34,2262910930674
6711	174,203935641687	-115,52096780937	0			1825,79606435831	-115,52096780937
6759	581,546672339578	36,1263483949591	1	1418,45332766042	36,1263483949591
6798	450,84547638686	37,8077915374758	1	1549,15452361314	37,8077915374758
6807	490,187805793295	41,2822430735928	1	1509,8121942067	41,2822430735928
6834	254,163578826829	-37,8532539169856	1	1745,83642117317	-37,8532539169856
6881	264,701423762871	-30,7146805377565	1	1735,29857623713	-30,7146805377565
6901	552,317618256036	17,0174610456766	1	1447,68238174396	17,0174610456766
6932	311,188507524873	-13,6893349480387	1	1688,81149247513	-13,6893349480387
6951	632,790174676422	24,3643476257089	1	1367,20982532358	24,3643476257089
6971	189,359334722347	44,4036718709258	1	1810,64066527765	44,4036718709258
6983	579,873937423804	41,0916526426528	1	1420,1260625762	41,0916526426528
7016	470,427025136989	44,6893897249957	1	1529,57297486301	44,6893897249957
7030	595,491375257025	58,5690520429329	1	1404,50862474297	58,5690520429329
7061	625,564610068964	87,4856252824345	1	1374,43538993104	87,4856252824345
7082	433,618779041731	93,014999408346	1	1566,38122095827	93,014999408346
7129	1055,45625587151	169,657968265945	1	944,54374412849	169,657968265945
7162	1045,37642086667	182,830506887387	1	954,623579133334	182,830506887387
7210	944,301846894644	126,81252091046	1	1055,69815310536	126,81252091046
7254	963,841653215606	124,723703865327	1	1036,15834678439	124,723703865327
7354	1297,23645059036	169,836553612076	1	702,763549409638	169,836553612076
7395	1371,5193566381	142,004443020261	1	628,480643361903	142,004443020261
7445	1310,8786046881	138,27900136296	1	689,121395311902	138,27900136296
7481	1227,99944004391	98,8732932667486	1	772,000559956086	98,8732932667486
7522	976,639515617228	101,02884345783	1	1023,36048438277	101,02884345783
7558	904,072262601664	23,1105990398292	1	1095,92773739834	23,1105990398292
7572	860,542415196115	-43,1812648541249	1	1139,45758480388	-43,1812648541249
7958	977,744290743831	85,4415683593937	1	1022,25570925617	85,4415683593937
8063	1651,47304102827	184,429749803034	0			348,526958971733	184,429749803034
8116	1451,78784614242	213,121156854586	1	548,21215385758	213,121156854586
8143	1220,70161062755	209,787109327525	1	779,298389372447	209,787109327525
8157	1076,36336542669	299,447722920722	1	923,636634573307	299,447722920722
8186	1011,60279586775	268,926444785837	1	988,39720413225	268,926444785837
8230	921,806948771914	188,619956701781	1	1078,19305122809	188,619956701781
8254	769,468873778412	163,389453862151	1	1230,53112622159	163,389453862151
8279	792,016137328705	161,270256895587	1	1207,9838626713	161,270256895587
8289	775,784228461018	162,348611966524	1	1224,21577153898	162,348611966524
8343	758,989995609872	161,993130582147	1	1241,01000439013	161,993130582147
8349	760,415269953604	162,252877139787	1	1239,5847300464	162,252877139787
8368	1261,84672556238	243,280551148792	1	738,153274437625	243,280551148792
8381	1328,52364013044	260,223908080204	1	671,476359869557	260,223908080204
8416	1284,79228476796	251,398141889817	1	715,207715232042	251,398141889817
8436	1177,47238027057	216,01863122435	1	822,527619729435	216,01863122435
8468	1137,31883408964	199,322574130809	1	862,681165910361	199,322574130809
8470	1198,8268470793	192,529956078443	1	801,173152920703	192,529956078443
8546	1216,80423409532	231,225500277841	1	783,195765904677	231,225500277841
8558	1115,39238289412	225,601110894495	1	884,607617105883	225,601110894495
8591	1119,46029948903	225,492876292027	1	880,539700510973	225,492876292027
8602	1063,70545953538	317,438746484577	1	936,29454046462	317,438746484577
8677	901,768754517274	328,525982920339	1	1098,23124548273	328,525982920339
8724	142,394782501517	113,713801139676	0			1857,60521749848	113,713801139676
8738	567,058733874445	190,474501496961	1	1432,94126612555	190,474501496961
8771	225,168695036727	119,371677633666	1	1774,83130496327	119,371677633666
8794	570,777701530629	316,554986658977	1	1429,22229846937	316,554986658977
8832	540,062702290156	312,135957280761	1	1459,93729770984	312,135957280761
8868	206,171139347768	157,436711852682	1	1793,82886065223	157,436711852682
8872	330,858249613586	159,180296909279	1	1669,14175038641	159,180296909279
8893	637,692275957084	176,688830773697	1	1362,30772404292	176,688830773697
8909	876,616265260813	136,14292463377	1	1123,38373473919	136,14292463377
9325	1259,1216065737	119,973619444177	1	740,878393426296	119,973619444177
9339	866,806790743831	41,387986142453	1	1133,19320925617	41,387986142453
9341	898,869005367745	77,2622347096323	1	1101,13099463225	77,2622347096323
9357	923,838336945427	103,28693073392	1	1076,16166305457	103,28693073392
9381	958,077650508551	86,4576924912518	1	1041,92234949145	86,4576924912518
9411	903,596727180491	145,351785160242	1	1096,40327281951	145,351785160242
9442	1136,54457662926	124,632992467331	1	863,455423370744	124,632992467331
9458	1155,78208517234	150,376257038146	1	844,217914827655	150,376257038146
9510	1151,63718811632	164,874460708457	1	848,362811883677	164,874460708457
9574	1108,90551103686	140,56439445243	1	891,094488963144	140,56439445243
9581	956,574502659343	114,839431532678	1	1043,42549734066	114,839431532678
9630	943,726725203319	92,9742688064962	1	1056,27327479668	92,9742688064962
9637	942,627105161994	90,6553009970803	1	1057,37289483801	90,6553009970803
9691	939,770684670969	54,7028640563768	1	1060,22931532903	54,7028640563768
9699	927,525758553037	111,608070919257	1	1072,47424144696	111,608070919257
9733	787,998432614863	184,137378596923	1	1212,00156738514	184,137378596923
9767	748,014053686371	177,703903304901	1	1251,98594631363	177,703903304901
9806	713,450826054719	158,514763240856	1	1286,54917394528	158,514763240856
9823	711,678664942966	155,650208734339	1	1288,32133505703	155,650208734339
9851	704,736524973734	159,948799010008	1	1295,26347502627	159,948799010008
9868	1044,29968768311	163,648218181543	1	955,700312316895	163,648218181543
9902	1093,95425603143	182,668819503892	1	906,045743968572	182,668819503892
9965	1245,10899997452	240,567264486856	1	754,891000025477	240,567264486856
9986	1257,85993270765	257,558280374682	1	742,140067292352	257,558280374682
