8	705,753661220991	52,2856968431683	1	1294,24633877901	52,2856968431683
91	1076,49727731847	265,126994881811	1	923,502722681533	265,126994881811
183	1085,09150137793	265,865256643038	1	914,908498622067	265,865256643038
235	897,215463582752	-109,128658021599	0			1102,78453641725	-109,128658021599
282	792,097713073103	-58,7650261384255	0			1207,9022869269	-58,7650261384255
316	648,690966432287	29,3080366122589	1	1351,30903356771	29,3080366122589
727	1114,12373268103	85,7702278983256	1	885,876267318972	85,7702278983256
777	877,788259759304	176,593818521704	1	1122,2117402407	176,593818521704
811	1149,10245990037	258,644419346461	1	850,897540099626	258,644419346461
832	1356,93699947543	321,581083065844	1	643,063000524573	321,581083065844
844	1126,54383959032	308,132056326649	1	873,45616040968	308,132056326649
864	1157,62692103832	318,478592251999	1	842,373078961681	318,478592251999
878	915,473207616742	296,962269874708	1	1084,52679238326	296,962269874708
898	776,217958964935	308,047459449717	1	1223,78204103507	308,047459449717
914	741,004617778589	309,246769333812	1	1258,99538222141	309,246769333812
936	815,77713027423	349,170068146474	0			1184,22286972577	349,170068146474
1947	1250,71257063486	119,444044596163	1	749,28742936514	119,444044596163
1975	810,62679352498	396,677480248488	0			1189,37320647502	396,677480248488
1998	910,94505677144	430,024822707217	0			1089,05494322856	430,024822707217
2022	997,343448696645	521,211847378981	0			1002,65655130336	521,211847378981
2044	959,957134973176	559,952643514265	0			1040,04286502682	559,952643514265
2069	887,708160900848	546,773509823944	0			1112,29183909915	546,773509823944
2072	868,288251950803	556,301702782523	0			1131,7117480492	556,301702782523
2078	880,81020318565	585,603877581591	0			1119,18979681435	585,603877581591
2088	799,440237984642	569,541365454283	0			1200,55976201536	569,541365454283
2136	784,074316341364	551,529803181779	0			1215,92568365864	551,529803181779
2149	749,478611765719	482,853885077374	0			1250,52138823428	482,853885077374
2166	770,939849998549	439,533331143778	0			1229,06015000145	439,533331143778
2181	738,08532329147	393,222666077555	0			1261,91467670853	393,222666077555
2206	788,345581903798	432,621553938216	0			1211,6544180962	432,621553938216
2221	691,685071288187	376,972406404951	0			1308,31492871181	376,972406404951
2240	645,585839673259	346,766491605579	0			1354,41416032674	346,766491605579
2255	750,141826286073	344,723658010439	0			1249,85817371393	344,723658010439
2268	622,372770805838	351,290859298398	0			1377,62722919416	351,290859298398
2310	691,584111900787	296,053596290416	1	1308,41588809921	296,053596290416
2342	651,249964468875	212,860820984183	1	1348,75003553112	212,860820984183
2378	686,710358994837	210,345539986858	1	1313,28964100516	210,345539986858
2406	609,921302563375	216,734926830848	1	1390,07869743663	216,734926830848
2420	475,727660378111	238,483987404145	1	1524,27233962189	238,483987404145
2439	511,532181589738	232,573982619136	1	1488,46781841026	232,573982619136
2468	270,734919096026	144,004083438542	1	1729,26508090397	144,004083438542
2477	394,020847888922	195,900403744929	1	1605,97915211108	195,900403744929
2496	307,261017054393	168,948773433043	1	1692,73898294561	168,948773433043
2518	176,457082720746	113,774543739057	1	1823,54291727925	113,774543739057
2526	165,336415920869	82,3386025088459	0			1834,66358407913	82,3386025088459
2545	274,915961108632	66,2084719856598	1	1725,08403889137	66,2084719856598
2562	300,072338535549	51,2989464738496	1	1699,92766146445	51,2989464738496
2590	359,867317750901	55,9603123543703	1	1640,1326822491	55,9603123543703
2616	444,71407327168	53,1884384436408	1	1555,28592672832	53,1884384436408
2633	271,044134058154	62,8267859772609	1	1728,95586594185	62,8267859772609
2648	313,176085712838	64,2016778536008	1	1686,82391428716	64,2016778536008
2664	331,670926705996	62,0460900700615	1	1668,329073294	62,0460900700615
2697	1251,66344100789	-66,4524718961948	0			748,336558992109	-66,4524718961948
2718	1051,3146414625	-66,3127261539394	0			948,685358537503	-66,3127261539394
2780	1194,13578221424	-77,2612241265849	0			805,864217785758	-77,2612241265849
2795	1404,21989911959	-28,9368260852197	1	595,780100880407	-28,9368260852197
2826	1457,01407936469	-7,18997885616346	1	542,985920635308	-7,18997885616346
2845	1403,22358247485	3,26649375968655	1	596,776417525151	3,26649375968655
2869	1408,04177747133	3,2841186540758	1	591,958222528665	3,2841186540758
2887	1420,60539980491	27,0261403908693	1	579,394600195091	27,0261403908693
2933	1332,94717999059	33,1989028661829	1	667,05282000941	33,1989028661829
2948	1369,94940945099	53,9569314062748	1	630,050590549011	53,9569314062748
2972	1323,67677179199	45,3561927002561	1	676,323228208006	45,3561927002561
3019	1266,80849412473	50,0785292014646	1	733,191505875273	50,0785292014646
3093	792,29838106415	58,7239997911125	1	1207,70161893585	58,7239997911125
3127	789,949303879643	-23,8265929348464	1	1210,05069612036	-23,8265929348464
3143	753,809553150041	26,5753185939801	1	1246,19044684996	26,5753185939801
3158	726,588303101656	40,0041799745203	1	1273,41169689834	40,0041799745203
3185	690,385224331113	83,5509405472446	1	1309,61477566889	83,5509405472446
3218	688,645099162297	135,073343403769	1	1311,3549008377	135,073343403769
3232	679,505084030104	123,317938035623	1	1320,4949159699	123,317938035623
3256	678,9711019506	106,007369982613	1	1321,0288980494	106,007369982613
3280	678,945057755415	104,202484673539	1	1321,05494224458	104,202484673539
3304	646,456634572197	88,2336392147859	1	1353,5433654278	88,2336392147859
3321	651,79464062771	91,4578408271491	1	1348,20535937229	91,4578408271491
3364	626,728892185074	126,917689559172	1	1373,27110781493	126,917689559172
3392	495,487238307469	46,2925360074437	1	1504,51276169253	46,2925360074437
3412	439,974046221394	34,0956847808023	1	1560,02595377861	34,0956847808023
3460	204,693676059413	64,8968936781088	1	1795,30632394059	64,8968936781088
3529	510,925529998483	30,3808213518474	1	1489,07447000152	30,3808213518474
3549	282,503295705768	79,3153238793124	1	1717,49670429423	79,3153238793124
3579	375,263350563041	-24,9820739495145	1	1624,73664943696	-24,9820739495145
3592	239,201897934552	61,3840573834091	1	1760,79810206545	61,3840573834091
3632	351,08237439644	-22,0643842635962	1	1648,91762560356	-22,0643842635962
3730	162,772979242516	130,86491487	0			1837,22702075748	130,86491487
3773	368,513310997231	1,84585783963322	1	1631,48668900277	1,84585783963322
3814	236,921770763947	82,3003299320448	1	1763,07822923605	82,3003299320448
3857	195,328184853097	163,573935882369	1	1804,6718151469	163,573935882369
3885	211,369012628944	166,222825974825	1	1788,63098737106	166,222825974825
3914	135,155798525418	141,547775902505	0			1864,84420147458	141,547775902505
3918	317,739651285887	131,691970288563	1	1682,26034871411	131,691970288563
3966	446,311282133568	110,31337561466	1	1553,68871786643	110,31337561466
4000	848,528711135381	84,5730647968488	1	1151,47128886462	84,5730647968488
4018	816,213438279011	93,3727216206682	1	1183,78656172099	93,3727216206682
4031	832,008008267258	79,8546236366496	1	1167,99199173274	79,8546236366496
4045	842,928938025407	100,150207210097	1	1157,07106197459	100,150207210097
4052	855,23114765558	103,030127203782	1	1144,76885234442	103,030127203782
4068	831,976412900712	103,081476258093	1	1168,02358709929	103,081476258093
4084	844,783588238476	103,194889387158	1	1155,21641176152	103,194889387158
4127	833,797443983461	108,396436709877	1	1166,20255601654	108,396436709877
4151	842,040829105661	107,430235614107	1	1157,95917089434	107,430235614107
4177	816,9319746917	140,147733411455	1	1183,0680253083	140,147733411455
4195	724,07513861208	95,2707773814466	1	1275,92486138792	95,2707773814466
4220	881,749286193714	171,896927079665	1	1118,25071380629	171,896927079665
4246	882,8345570782	172,718731620987	1	1117,1654429218	172,718731620987
4265	821,269945782676	200,909279810509	1	1178,73005421732	200,909279810509
4309	723,706465616566	233,94124835954	1	1276,29353438343	233,94124835954
4329	798,984365370783	227,657583808955	1	1201,01563462922	227,657583808955
4356	747,75010402949	219,053697433645	1	1252,24989597051	219,053697433645
4374	749,093360423204	255,776154505904	1	1250,9066395768	255,776154505904
4418	905,040179710724	269,436381757024	1	1094,95982028928	269,436381757024
4443	763,477350210431	333,899630814346	1	1236,52264978957	333,899630814346
4515	874,624472082958	305,726139368624	1	1125,37552791704	305,726139368624
4539	728,706367479728	349,246065473384	0			1271,29363252027	349,246065473384
4578	610,828958736423	360,006569047084	0			1389,17104126358	360,006569047084
4604	448,166935102133	456,648456805845	0			1551,83306489787	456,648456805845
4619	489,157650245943	407,987598870999	0			1510,84234975406	407,987598870999
4643	498,203204003573	409,430657954622	0			1501,79679599643	409,430657954622
4654	503,354959596577	405,870883870904	0			1496,64504040342	405,870883870904
4670	551,179632053577	392,335508006621	0			1448,82036794642	392,335508006621
4685	558,940389596455	409,240786303464	0			1441,05961040355	409,240786303464
4720	532,523425392462	407,369674757037	0			1467,47657460754	407,369674757037
4743	535,770571430254	410,700255887335	0			1464,22942856975	410,700255887335
4751	519,541665153535	447,855992387853	0			1480,45833484647	447,855992387853
4758	513,480493045413	461,284890371775	0			1486,51950695459	461,284890371775
4777	496,349278833814	453,616780702619	0			1503,65072116619	453,616780702619
4792	482,590534014272	445,323504272761	0			1517,40946598573	445,323504272761
4806	478,452450490971	433,318290151816	0			1521,54754950903	433,318290151816
4823	477,53697121544	441,686875362362	0			1522,46302878456	441,686875362362
4833	475,880943572157	438,170187241423	0			1524,11905642784	438,170187241423
4869	485,548525780018	409,043553801486	0			1514,45147421998	409,043553801486
4878	477,143918020171	396,826126527322	0			1522,85608197983	396,826126527322
4891	485,184977088938	362,282584581956	0			1514,81502291106	362,282584581956
4910	486,530341808996	356,34327457513	0			1513,469658191	356,34327457513
4921	478,649436711276	361,9825562666	0			1521,35056328872	361,9825562666
4944	477,197038683189	360,483359446508	0			1522,80296131681	360,483359446508
4962	483,377593351059	354,151464466462	0			1516,62240664894	354,151464466462
4990	474,679682630463	351,169614378739	0			1525,32031736954	351,169614378739
4994	462,936584943076	341,77293977182	0			1537,06341505692	341,77293977182
5029	427,08435400027	316,3282442451	1	1572,91564599973	316,3282442451
5054	367,926308031044	288,013621778696	1	1632,07369196896	288,013621778696
5073	396,853099815847	292,685581608795	1	1603,14690018415	292,685581608795
5080	414,162512077376	282,896873039721	1	1585,83748792262	282,896873039721
5099	398,066780598497	280,2395464796	1	1601,9332194015	280,2395464796
5104	383,473110830777	269,632543082178	1	1616,52688916922	269,632543082178
5121	397,468343832964	274,124811111109	1	1602,53165616704	274,124811111109
5136	400,123609777368	262,681102517409	1	1599,87639022263	262,681102517409
5165	385,371733423345	246,588207700577	1	1614,62826657665	246,588207700577
5179	325,165172069741	243,83767935125	1	1674,83482793026	243,83767935125
5195	365,745944770234	242,843142595412	1	1634,25405522977	242,843142595412
5208	432,627115308541	245,275188885057	1	1567,37288469146	245,275188885057
5228	371,868033080647	246,687351022869	1	1628,13196691935	246,687351022869
5242	374,942480458599	258,000499949334	1	1625,0575195414	258,000499949334
5260	380,56187401946	260,283664416819	1	1619,43812598054	260,283664416819
5276	361,269761998322	265,526029706907	1	1638,73023800168	265,526029706907
5284	369,657579656362	267,310444095446	1	1630,34242034364	267,310444095446
5331	365,76271698085	261,723235692927	1	1634,23728301915	261,723235692927
5349	413,857557975892	274,982480046991	1	1586,14244202411	274,982480046991
5364	507,974946844008	272,314202175354	1	1492,02505315599	272,314202175354
5381	514,699321841793	272,180026785498	1	1485,30067815821	272,180026785498
5394	467,967948970049	276,742072318692	1	1532,03205102995	276,742072318692
5410	431,783933707628	290,257398082552	1	1568,21606629237	290,257398082552
5426	370,215042870987	311,820283064572	1	1629,78495712901	311,820283064572
5455	391,873488065233	314,164207735389	1	1608,12651193477	314,164207735389
5467	378,449432982168	351,062955916757	0			1621,55056701783	351,062955916757
5486	436,999411640508	374,44692235533	0			1563,00058835949	374,44692235533
5506	425,243076153787	374,412151925012	0			1574,75692384621	374,412151925012
5528	313,114276449867	367,36709890189	0			1686,88572355013	367,36709890189
5537	287,708587753587	366,872192406965	0			1712,29141224641	366,872192406965
5554	282,369121196657	369,349997938053	0			1717,63087880334	369,349997938053
5566	353,529185791711	360,930933238697	0			1646,47081420829	360,930933238697
5587	384,434515897815	358,622297552568	0			1615,56548410218	358,622297552568
5618	350,569835632455	345,989616655596	0			1649,43016436755	345,989616655596
5632	279,703617325245	304,375022993826	1	1720,29638267475	304,375022993826
5649	263,124461004353	271,330618119732	1	1736,87553899565	271,330618119732
5668	264,506530570555	268,797040408567	1	1735,49346942944	268,797040408567
5674	160,079480262067	300,456192677075	0			1839,92051973793	300,456192677075
5691	168,624608086901	294,088332358253	1	1831,3753919131	294,088332358253
5714	175,888959742423	290,306210224333	1	1824,11104025758	290,306210224333
5721	207,352549599237	275,040559567662	1	1792,64745040076	275,040559567662
5735	258,068227421196	251,990379220306	1	1741,9317725788	251,990379220306
5768	181,459000283008	285,303693431442	1	1818,54099971699	285,303693431442
5783	179,851244211454	287,838795440403	1	1820,14875578855	287,838795440403
5797	202,9611101536	288,184857883489	1	1797,0388898464	288,184857883489
5813	197,177562355446	292,366857017419	1	1802,82243764455	292,366857017419
5828	215,414095259106	312,702895499276	1	1784,58590474089	312,702895499276
5849	216,268885226292	300,374338965105	1	1783,73111477371	300,374338965105
5861	260,048240180225	286,100436228243	1	1739,95175981977	286,100436228243
5878	261,775931986691	285,453690803182	1	1738,22406801331	285,453690803182
5910	258,872147376632	277,912865111688	1	1741,12785262337	277,912865111688
5914	283,65421250855	272,471165356614	1	1716,34578749145	272,471165356614
5934	294,656277537666	277,311261819516	1	1705,34372246233	277,311261819516
5952	281,816811212606	277,305730651092	1	1718,18318878739	277,305730651092
5969	274,255811224015	280,497613052667	1	1725,74418877598	280,497613052667
5972	277,018039795716	273,422607640769	1	1722,98196020428	273,422607640769
5996	269,574419856029	272,888755277821	1	1730,42558014397	272,888755277821
6007	265,063814861848	271,337865624418	1	1734,93618513815	271,337865624418
6027	308,537664260504	275,651961245502	1	1691,4623357395	275,651961245502
6044	281,252649748152	266,537597354796	1	1718,74735025185	266,537597354796
6065	276,495942669867	268,80790455206	1	1723,50405733013	268,80790455206
6092	297,052132276867	290,535718291703	1	1702,94786772313	290,535718291703
6093	295,637800295797	311,110678542432	1	1704,3621997042	311,110678542432
6110	299,53220978216	316,612399443806	1	1700,46779021784	316,612399443806
6127	303,524221088058	316,169265206264	1	1696,47577891194	316,169265206264
6143	313,54335252897	315,508144656591	1	1686,45664747103	315,508144656591
6156	337,832512975365	333,43750338805	1	1662,16748702463	333,43750338805
6182	340,082162793392	335,527713174093	1	1659,91783720661	335,527713174093
6197	358,389981970071	338,056446517985	0			1641,61001802993	338,056446517985
6215	360,931059745579	311,314015739316	1	1639,06894025442	311,314015739316
6231	359,366529761014	312,587446556915	1	1640,63347023899	312,587446556915
6250	336,416265455634	308,664667769607	1	1663,58373454437	308,664667769607
6263	338,505207901034	297,759271976109	1	1661,49479209897	297,759271976109
6279	338,863128205387	299,576046836615	1	1661,13687179461	299,576046836615
6293	348,400215132135	300,792927202469	1	1651,59978486786	300,792927202469
6307	349,908070002965	303,995375483642	1	1650,09192999704	303,995375483642
6321	341,159260538516	307,497041691413	1	1658,84073946148	307,497041691413
6337	376,204349693383	309,415677255905	1	1623,79565030662	309,415677255905
6361	387,789877269706	311,069452218525	1	1612,21012273029	311,069452218525
6385	346,904833030034	312,525676320495	1	1653,09516696997	312,525676320495
6398	300,07907841815	271,370907178481	1	1699,92092158185	271,370907178481
6415	296,622443369351	241,011378663585	1	1703,37755663065	241,011378663585
6426	323,882133332685	218,825579075352	1	1676,11786666732	218,825579075352
6443	340,95589610607	202,097667089077	1	1659,04410389393	202,097667089077
6460	301,765154906216	215,498158339952	1	1698,23484509378	215,498158339952
6473	336,637532986962	209,92167793595	1	1663,36246701304	209,92167793595
6483	336,943490689767	207,033514007794	1	1663,05650931023	207,033514007794
6515	297,961343357335	212,98339699792	1	1702,03865664267	212,98339699792
6532	291,875672819308	217,395314942636	1	1708,12432718069	217,395314942636
6542	299,453544986425	219,82051642461	1	1700,54645501358	219,82051642461
6570	281,64446528076	230,39997091294	1	1718,35553471924	230,39997091294
6588	241,333118912804	238,189170055782	1	1758,6668810872	238,189170055782
6590	237,460881929252	248,721473117086	1	1762,53911807075	248,721473117086
6606	240,867247997616	247,731454364153	1	1759,13275200238	247,731454364153
6623	158,23692898197	252,850643348867	0			1841,76307101803	252,850643348867
6638	199,628602571546	253,771717727319	1	1800,37139742845	253,771717727319
6666	198,37357570504	250,498061688873	1	1801,62642429496	250,498061688873
6683	250,526344155763	246,544234411991	1	1749,47365584424	246,544234411991
6703	332,607751410289	240,316041120935	1	1667,39224858971	240,316041120935
6708	337,645284638773	240,187572560282	1	1662,35471536123	240,187572560282
6726	331,927829885959	241,092078440415	1	1668,07217011404	241,092078440415
6746	331,350217958114	235,460045452733	1	1668,64978204189	235,460045452733
6763	333,257802178032	238,549519261338	1	1666,74219782197	238,549519261338
7115	1104,33626144064	121,485288811417	1	895,663738559365	121,485288811417
7151	646,844008362409	91,8316933314735	1	1353,15599163759	91,8316933314735
7162	423,802761422959	102,760444449476	1	1576,19723857704	102,760444449476
7187	565,287770304784	89,3105028026471	1	1434,71222969522	89,3105028026471
7205	543,781862001281	110,872502163717	1	1456,21813799872	110,872502163717
7233	520,83308906771	125,941463913124	1	1479,16691093229	125,941463913124
7283	425,277333593585	196,569480509154	1	1574,72266640641	196,569480509154
7305	424,767040026854	197,198214782651	1	1575,23295997315	197,198214782651
7324	403,060758881434	221,064267001659	1	1596,93924111857	221,064267001659
7342	310,346891611699	217,741246504333	1	1689,6531083883	217,741246504333
7369	329,656253029596	225,029955229639	1	1670,3437469704	225,029955229639
7389	309,026885538251	221,674284426213	1	1690,97311446175	221,674284426213
7419	378,344271853023	246,19436369208	1	1621,65572814698	246,19436369208
7435	328,255256958452	233,709073273157	1	1671,74474304155	233,709073273157
7458	335,308290672967	232,069262314606	1	1664,69170932703	232,069262314606
7474	300,986592798311	221,419581509274	1	1699,01340720169	221,419581509274
7505	327,301859492754	228,821411724694	1	1672,69814050725	228,821411724694
7520	264,433679331569	210,356147243243	1	1735,56632066843	210,356147243243
7564	293,101903897058	216,452322540351	1	1706,89809610294	216,452322540351
7592	203,240667212308	181,537005988795	1	1796,75933278769	181,537005988795
7611	204,761450113045	183,033446889771	1	1795,23854988696	183,033446889771
7636	172,130751293918	168,814433653806	1	1827,86924870608	168,814433653806
7657	120,455576275084	140,056355811157	0			1879,54442372492	140,056355811157
7686	103,543289153306	120,71892921135	0			1896,45671084669	120,71892921135
7727	81,9381547177221	93,5807568325159	0			1918,06184528228	93,5807568325159
7756	50,4779924347775	79,0583630872725	0			1949,52200756522	79,0583630872725
7790	60,6416528884559	78,2042144459259	0			1939,35834711154	78,2042144459259
7820	73,2029765405215	64,2655640054477	0			1926,79702345948	64,2655640054477
7840	57,0680899143512	72,5890516130083	0			1942,93191008565	72,5890516130083
7866	-8,47918147499978	23,9671010203511	0			2008,479181475	23,9671010203511
7881	8,09751800706619	40,9282690082082	0			1991,90248199293	40,9282690082082
7912	23,7177663265793	51,4288890898353	0			1976,28223367342	51,4288890898353
7925	37,7533047391254	47,6729860636464	0			1962,24669526087	47,6729860636464
7952	51,1867545388901	65,0226220143744	0			1948,81324546111	65,0226220143744
7965	57,1730336832739	71,4239190626591	0			1942,82696631673	71,4239190626591
8056	167,622367142617	163,392793817414	1	1832,37763285738	163,392793817414
8064	156,286389300334	148,834276739603	0			1843,71361069967	148,834276739603
8089	138,275715543027	171,466408038186	0			1861,72428445697	171,466408038186
8117	134,510776680454	135,109414288748	0			1865,48922331955	135,109414288748
8147	127,214115622767	152,653701693912	0			1872,78588437723	152,653701693912
8179	106,051684439918	144,425211249563	0			1893,94831556008	144,425211249563
8193	96,1886451384352	134,417378080137	0			1903,81135486156	134,417378080137
8226	99,5869546942512	132,637435961416	0			1900,41304530575	132,637435961416
8253	166,577733450341	163,742741602064	1	1833,42226654966	163,742741602064
8273	193,123675240793	164,12193003014	1	1806,87632475921	164,12193003014
8293	201,970036189454	160,469875653901	1	1798,02996381055	160,469875653901
8318	258,757198644325	157,026335706017	1	1741,24280135568	157,026335706017
8336	259,455774557298	156,568909966044	1	1740,5442254427	156,568909966044
8366	270,005612361701	154,576311611358	1	1729,9943876383	154,576311611358
8380	236,476007534511	145,440496140967	1	1763,52399246549	145,440496140967
8407	167,310009003508	125,719033606252	1	1832,68999099649	125,719033606252
8428	167,215233945182	125,134186537415	1	1832,78476605482	125,134186537415
8470	71,3927947241484	83,6802134547773	0			1928,60720527585	83,6802134547773
8493	100,684735639641	90,0607930413093	0			1899,31526436036	90,0607930413093
8508	169,551192886975	121,120044872937	1	1830,44880711302	121,120044872937
8540	180,159000214942	114,167986955512	1	1819,84099978506	114,167986955512
8557	202,151374204737	130,783695834025	1	1797,84862579526	130,783695834025
8596	210,99314586667	130,434688044888	1	1789,00685413333	130,434688044888
8629	178,357964711421	99,330466803663	1	1821,64203528858	99,330466803663
8648	216,963318301895	111,012962661589	1	1783,03668169811	111,012962661589
8678	180,937630578714	132,653137841628	1	1819,06236942129	132,653137841628
8729	166,260593058117	124,007904871446	1	1833,73940694188	124,007904871446
8738	151,116288474678	130,371758849717	0			1848,88371152532	130,371758849717
8764	140,221157673446	133,362781267208	0			1859,77884232655	133,362781267208
8788	133,943935449093	139,22720354417	0			1866,05606455091	139,22720354417
8812	159,800261246474	127,481116819772	0			1840,19973875353	127,481116819772
8825	143,55738517294	134,444914666311	0			1856,44261482706	134,444914666311
8853	151,407700327882	118,370655788282	0			1848,59229967212	118,370655788282
8917	177,780999543232	146,768968547358	1	1822,21900045677	146,768968547358
8942	173,035892186333	141,301366031313	1	1826,96410781367	141,301366031313
8959	168,265285841456	139,905427657897	1	1831,73471415854	139,905427657897
8990	203,840877144926	152,557386955532	1	1796,15912285507	152,557386955532
9016	188,392776719928	153,18154261486	1	1811,60722328007	153,18154261486
9045	186,493941108211	144,945699926346	1	1813,50605889179	144,945699926346
9084	188,949954128197	124,064949275947	1	1811,0500458718	124,064949275947
9095	177,608744081721	127,690177920182	1	1822,39125591828	127,690177920182
9129	211,324308836058	155,455420541721	1	1788,67569116394	155,455420541721
9175	205,19389683151	140,643178564989	1	1794,80610316849	140,643178564989
9201	204,607232783617	136,419878201599	1	1795,39276721638	136,419878201599
9219	204,389921174499	116,705097089027	1	1795,6100788255	116,705097089027
9274	218,818747454734	129,832608375382	1	1781,18125254527	129,832608375382
9318	246,805449998181	138,992970552592	1	1753,19455000182	138,992970552592
9365	314,612877807926	112,518648032618	1	1685,38712219207	112,518648032618
9410	151,939933834859	69,3723920929497	0			1848,06006616514	69,3723920929497
9456	216,451145656529	105,305451996731	1	1783,54885434347	105,305451996731
9485	300,052688065093	121,140865127348	1	1699,94731193491	121,140865127348
9526	283,820964335075	106,271391536137	1	1716,17903566492	106,271391536137
9544	283,821434937294	110,922900220348	1	1716,17856506271	110,922900220348
9571	272,178943651922	100,708019233033	1	1727,82105634808	100,708019233033
9589	268,638585181077	98,3760129861896	1	1731,36141481892	98,3760129861896
9616	197,455519774963	63,4672472681282	1	1802,54448022504	63,4672472681282
9677	203,769800608642	67,9697695415442	1	1796,23019939136	67,9697695415442
9713	242,756494059755	95,4518403077432	1	1757,24350594025	95,4518403077432
9726	236,085351680127	79,0435445889618	1	1763,91464831987	79,0435445889618
9750	192,982996523065	49,9782575017034	1	1807,01700347693	49,9782575017034
9775	132,686790629377	15,8945364109002	0			1867,31320937062	15,8945364109002
9813	132,089692704895	19,6833129634527	0			1867,9103072951	19,6833129634527
9846	143,541511523984	-41,9980697939176	0			1856,45848847602	-41,9980697939176
9860	158,316460552297	-24,5619916266328	0			1841,6835394477	-24,5619916266328
9886	168,769349752417	-20,3725937508796	1	1831,23065024758	-20,3725937508796
9904	193,038574517153	9,01427137234769	1	1806,96142548285	9,01427137234769
9933	173,1494669337	-39,3806590219832	1	1826,8505330663	-39,3806590219832
9979	184,589414494975	-28,9746624469952	1	1815,41058550503	-28,9746624469952
10001	164,0506155235	-51,2898098218754	0			1835,9493844765	-51,2898098218754
