12	836,323411065683	204,508989811931	1	1163,67658893432	204,508989811931
26	962,6132650337	157,698368106535	1	1037,3867349663	157,698368106535
50	898,195567027729	222,670815026121	1	1101,80443297227	222,670815026121
111	870,185868980371	189,635776119858	1	1129,81413101963	189,635776119858
146	873,358983900941	181,383312045123	1	1126,64101609906	181,383312045123
166	1158,25794306388	184,053396896617	1	841,742056936122	184,053396896617
204	1014,15345618506	196,679425115771	1	985,846543814941	196,679425115771
229	628,273675102505	320,687829635665	1	1371,7263248975	320,687829635665
244	755,842453128942	286,048842532594	1	1244,15754687106	286,048842532594
272	672,645596549888	327,970531694921	1	1327,35440345011	327,970531694921
286	903,940075991449	264,925158475256	1	1096,05992400855	264,925158475256
323	870,587864409416	283,617948088528	1	1129,41213559058	283,617948088528
338	970,07129227181	197,51034987439	1	1029,92870772819	197,51034987439
379	690,752374070018	328,953679659141	1	1309,24762592998	328,953679659141
411	618,047556762438	350,725102671154	0			1381,95244323756	350,725102671154
426	613,980620090604	355,498391585732	0			1386,0193799094	355,498391585732
455	597,425397871203	342,283839038402	0			1402,5746021288	342,283839038402
464	590,770543868178	344,832105643164	0			1409,22945613182	344,832105643164
496	604,094186106419	344,913357551926	0			1395,90581389358	344,913357551926
545	707,406867432792	332,100196414597	1	1292,59313256721	332,100196414597
562	942,496716534725	279,859656099032	1	1057,50328346527	279,859656099032
603	904,16160745936	229,944566978889	1	1095,83839254064	229,944566978889
608	837,723314988598	254,839639383431	1	1162,2766850114	254,839639383431
637	725,799584085765	319,902038006789	1	1274,20041591423	319,902038006789
652	914,689343720954	277,941532905022	1	1085,31065627905	277,941532905022
682	903,419598630272	299,63553073596	1	1096,58040136973	299,63553073596
703	1000,40277875671	332,887999655894	1	999,597221243287	332,887999655894
731	953,795143425059	369,499119941575	0			1046,20485657494	369,499119941575
742	968,237058998811	361,954406352483	0			1031,76294100119	361,954406352483
782	953,719455216763	357,747334008249	0			1046,28054478324	357,747334008249
831	937,686146789211	334,983264812417	1	1062,31385321079	334,983264812417
859	697,700459164868	325,273705464488	1	1302,29954083513	325,273705464488
872	590,393240346758	319,787804409211	1	1409,60675965324	319,787804409211
890	773,968041326901	97,1913060632649	1	1226,0319586731	97,1913060632649
905	721,06004678387	187,599218263551	1	1278,93995321613	187,599218263551
921	664,8062435607	205,920802446305	1	1335,1937564393	205,920802446305
952	683,807020665564	190,102699026696	1	1316,19297933444	190,102699026696
990	579,922299069342	298,190994111472	1	1420,07770093066	298,190994111472
1008	735,17495869682	224,45079066235	1	1264,82504130318	224,45079066235
1067	664,309539671304	272,967909422367	1	1335,6904603287	272,967909422367
1086	792,517294234412	166,566857650436	1	1207,48270576559	166,566857650436
1092	743,745999121377	237,382162463039	1	1256,25400087862	237,382162463039
1100	740,881593400705	169,516390640045	1	1259,1184065993	169,516390640045
1135	728,135798433134	185,925229597973	1	1271,86420156687	185,925229597973
1143	746,486282976297	188,522461032223	1	1253,5137170237	188,522461032223
1192	471,539050905426	396,852326356505	0			1528,46094909457	396,852326356505
1205	765,569581574674	328,888718136232	1	1234,43041842533	328,888718136232
1244	566,075428897433	325,48410466531	1	1433,92457110257	325,48410466531
1264	1065,93664144005	197,124837061828	1	934,063358559951	197,124837061828
1278	835,690371672145	286,683589442967	1	1164,30962832786	286,683589442967
1298	950,453480397819	237,021711674136	1	1049,54651960218	237,021711674136
1330	902,155387878247	281,47320129458	1	1097,84461212175	281,47320129458
1367	1425,64432906406	159,028146750717	1	574,355670935942	159,028146750717
1458	1369,26062130234	141,319142793121	1	630,739378697664	141,319142793121
1501	1349,74837318593	158,312420496355	1	650,251626814068	158,312420496355
1556	1349,74837318593	158,312420496355	1	650,251626814068	158,312420496355
1567	1410,33860620155	125,451771234829	1	589,661393798453	125,451771234829
1637	1348,95596253743	133,591731896133	1	651,044037462573	133,591731896133
1683	1373,96718244337	158,332582834422	1	626,032817556634	158,332582834422
1698	1373,96718244337	158,332582834422	1	626,032817556634	158,332582834422
1729	1152,41563398504	128,650137935653	1	847,584366014961	128,650137935653
1769	1028,40431458371	133,480061816238	1	971,595685416292	133,480061816238
1821	1042,17585155926	123,473550456128	1	957,824148440741	123,473550456128
1890	682,189704376517	227,706618525278	1	1317,81029562348	227,706618525278
1907	705,688778410488	281,552237760595	1	1294,31122158951	281,552237760595
1952	639,786227533069	385,647836959193	0			1360,21377246693	385,647836959193
1983	567,823840409594	413,629683677053	0			1432,17615959041	413,629683677053
1994	566,85303107735	421,274126690206	0			1433,14696892265	421,274126690206
2092	552,464227026201	276,487333865062	1	1447,5357729738	276,487333865062
2103	642,908287665605	246,825940264049	1	1357,0917123344	246,825940264049
2129	623,797356166044	286,73331535609	1	1376,20264383396	286,73331535609
2146	608,489372757396	311,496244667323	1	1391,5106272426	311,496244667323
2180	651,188031904314	271,839826850544	1	1348,81196809569	271,839826850544
2195	1062,55181118886	291,476102481233	1	937,448188811138	291,476102481233
2224	1120,49509394888	252,757337163119	1	879,504906051124	252,757337163119
2238	993,353510892041	207,383162798518	1	1006,64648910796	207,383162798518
2285	994,455376963666	198,775274004421	1	1005,54462303633	198,775274004421
2292	1063,81271747836	158,723602829518	1	936,187282521639	158,723602829518
2308	953,951919860792	181,636747664734	1	1046,04808013921	181,636747664734
2355	1070,96364534472	175,59723076223	1	929,036354655279	175,59723076223
2401	1072,47188236987	191,208785683582	1	927,528117630131	191,208785683582
2445	1125,04765745083	150,709193009453	1	874,952342549174	150,709193009453
2788	93,3492617313916	185,68030850818	0			1906,65073826861	185,68030850818
2806	669,319246656301	243,358106335313	1	1330,6807533437	243,358106335313
2855	745,147118475758	275,513390152342	1	1254,85288152424	275,513390152342
2895	747,596294431241	293,630940610008	1	1252,40370556876	293,630940610008
2943	738,410995103116	170,433241153304	1	1261,58900489688	170,433241153304
2994	742,923471336222	150,948960130391	1	1257,07652866378	150,948960130391
3001	776,846204072509	199,946410563717	1	1223,15379592749	199,946410563717
3032	824,811039158648	226,430734484418	1	1175,18896084135	226,430734484418
3051	931,494911131379	241,699449196348	1	1068,50508886862	241,699449196348
3082	987,300975693912	298,788841483397	1	1012,69902430609	298,788841483397
3121	1046,84513270546	303,128173488564	1	953,154867294535	303,128173488564
3139	1026,29498832906	343,269764379466	0			973,70501167094	343,269764379466
3163	968,271595889204	316,017865475295	1	1031,7284041108	316,017865475295
3179	965,770199491949	326,107725602118	1	1034,22980050805	326,107725602118
3258	907,915348228174	377,462488139647	0			1092,08465177183	377,462488139647
3298	983,715445015423	408,867853784341	0			1016,28455498458	408,867853784341
3350	991,699213449238	407,434134654357	0			1008,30078655076	407,434134654357
3433	650,37560324067	468,352608157054	0			1349,62439675933	468,352608157054
3476	640,454790710473	472,589479239822	0			1359,54520928953	472,589479239822
3528	785,237264787495	447,188090651953	0			1214,76273521251	447,188090651953
3570	764,889812778115	441,707863527311	0			1235,11018722189	441,707863527311
3618	673,364067988303	448,801169987642	0			1326,6359320117	448,801169987642
3706	1365,85894834648	73,7174403861474	1	634,14105165352	73,7174403861474
3726	1099,09077369665	152,991020643683	1	900,909226303347	152,991020643683
3751	1076,15695052466	172,275801495016	1	923,843049475342	172,275801495016
3769	1064,86653170429	191,571462428215	1	935,13346829571	191,571462428215
3794	1060,50499383211	193,133314231397	1	939,495006167895	193,133314231397
3842	1089,5898076623	177,593776618441	1	910,410192337703	177,593776618441
3886	1062,90905646041	164,868498104147	1	937,090943539587	164,868498104147
3915	1048,14360810754	173,226478408729	1	951,856391892463	173,226478408729
3945	1048,41869474381	169,16286661249	1	951,581305256188	169,16286661249
3963	1052,88164543077	175,661132272008	1	947,118354569227	175,661132272008
3980	1041,23345793954	185,292126077054	1	958,766542060464	185,292126077054
3992	1017,99082119011	204,727173190032	1	982,009178809885	204,727173190032
4023	996,913529453219	164,19312134018	1	1003,08647054678	164,19312134018
4033	975,813892984081	182,595940926606	1	1024,18610701592	182,595940926606
4064	967,41776102388	153,298953569256	1	1032,58223897612	153,298953569256
4080	932,004865275772	125,163548187324	1	1067,99513472423	125,163548187324
4141	827,898609931008	118,712315636506	1	1172,10139006899	118,712315636506
4160	555,624596451957	178,996195341385	1	1444,37540354804	178,996195341385
4185	545,207741286076	185,773211345415	1	1454,79225871392	185,773211345415
4200	549,484591586278	196,074008025308	1	1450,51540841372	196,074008025308
4232	523,04329260485	190,043079980319	1	1476,95670739515	190,043079980319
4248	401,333151833878	190,491057004742	1	1598,66684816612	190,491057004742
4289	261,129394332051	213,093205322493	1	1738,87060566795	213,093205322493
4322	217,691662431902	238,447559468735	1	1782,3083375681	238,447559468735
4342	165,746550538738	280,173308114581	1	1834,25344946126	280,173308114581
4385	125,737857770894	301,248551281152	0			1874,26214222911	301,248551281152
4438	636,597301890549	321,103260234694	1	1363,40269810945	321,103260234694
4470	615,193219581424	291,255967673038	1	1384,80678041858	291,255967673038
4486	605,967936610717	272,682748695474	1	1394,03206338928	272,682748695474
4523	615,110439570539	261,212297085708	1	1384,88956042946	261,212297085708
4534	608,007750978267	267,685058620152	1	1391,99224902173	267,685058620152
4588	609,913055081499	266,688573082485	1	1390,0869449185	266,688573082485
4605	640,885876208582	310,451497476436	1	1359,11412379142	310,451497476436
4642	593,744856399458	296,871510935846	1	1406,25514360054	296,871510935846
4657	591,327037406413	298,092280276585	1	1408,67296259359	298,092280276585
4680	568,817380486148	305,683597860704	1	1431,18261951385	305,683597860704
4706	557,667896240187	308,702302804864	1	1442,33210375981	308,702302804864
4743	528,643647250266	287,183581106801	1	1471,35635274973	287,183581106801
4770	523,977653373336	280,578294412737	1	1476,02234662666	280,578294412737
4787	501,676469739721	269,876989467778	1	1498,32353026028	269,876989467778
4807	481,16459621791	243,660536234775	1	1518,83540378209	243,660536234775
4831	489,684256201344	249,992986840023	1	1510,31574379866	249,992986840023
4849	589,137050131573	224,84560381621	1	1410,86294986843	224,84560381621
4894	593,970680353066	222,172348138064	1	1406,02931964693	222,172348138064
4898	596,260073845132	241,720251877585	1	1403,73992615487	241,720251877585
4915	618,918423718178	231,429315050322	1	1381,08157628182	231,429315050322
4926	623,529046928699	232,429716634304	1	1376,4709530713	232,429716634304
4959	-135,447720768005	254,164579954723	0			2135,44772076801	254,164579954723
4971	155,451380008927	249,247300794779	0			1844,54861999107	249,247300794779
4980	274,279958975187	243,807254861547	1	1725,72004102481	243,807254861547
5005	236,38917797176	218,322146363024	1	1763,61082202824	218,322146363024
5031	759,923298062929	219,357599305204	1	1240,07670193707	219,357599305204
5056	412,090788262369	213,091784923989	1	1587,90921173763	213,091784923989
5060	750,152864649874	211,321943433017	1	1249,84713535013	211,321943433017
5075	838,518964132492	215,690635577891	1	1161,48103586751	215,690635577891
5090	811,57829198488	215,850953608907	1	1188,42170801512	215,850953608907
5114	884,649827665115	228,108895794999	1	1115,35017233489	228,108895794999
5129	899,157181665115	240,205062824913	1	1100,84281833488	240,205062824913
5136	892,112610988811	234,533106522532	1	1107,88738901119	234,533106522532
5156	877,044793719941	229,966257428495	1	1122,95520628006	229,966257428495
5491	240,271312133394	510,098469541482	0			1759,72868786661	510,098469541482
5507	1001,87472741581	203,967256238104	1	998,125272584193	203,967256238104
5523	904,487973129803	250,018308003551	1	1095,5120268702	250,018308003551
5544	442,374247754801	518,181258730777	0			1557,6257522452	518,181258730777
5555	589,338112251017	489,303834177808	0			1410,66188774898	489,303834177808
5588	610,590806053466	454,101890207138	0			1389,40919394653	454,101890207138
5628	677,635441242242	505,638376976191	0			1322,36455875776	505,638376976191
5644	686,520911581259	515,669012286448	0			1313,47908841874	515,669012286448
5657	668,933133011324	476,878092655752	0			1331,06686698868	476,878092655752
5674	786,885923779023	505,166076096612	0			1213,11407622098	505,166076096612
5692	847,146075137157	407,525889544395	0			1152,85392486284	407,525889544395
5700	871,26668821164	370,200924123336	0			1128,73331178836	370,200924123336
5720	787,260155588991	390,555767747425	0			1212,73984441101	390,555767747425
5731	808,21819108281	382,525548720407	0			1191,78180891719	382,525548720407
5780	884,81239922131	342,54868434521	0			1115,18760077869	342,54868434521
5813	929,941566210963	234,810869243087	1	1070,05843378904	234,810869243087
5830	975,504478291414	245,773914424732	1	1024,49552170859	245,773914424732
5851	898,51655723358	427,793823677591	0			1101,48344276642	427,793823677591
5874	915,002218854552	383,239089437426	0			1084,99778114545	383,239089437426
5881	943,343592446202	241,39145956769	1	1056,6564075538	241,39145956769
5901	941,31116711403	279,134490526517	1	1058,68883288597	279,134490526517
5931	913,979739482018	201,541466993788	1	1086,02026051798	201,541466993788
5966	914,791800249857	212,457078974857	1	1085,20819975014	212,457078974857
5988	517,027904578813	421,163979527997	0			1482,97209542119	421,163979527997
6034	696,138169039362	408,749027818798	0			1303,86183096064	408,749027818798
6051	702,636237840363	367,21517911471	0			1297,36376215964	367,21517911471
6081	717,792867893245	412,22484828835	0			1282,20713210675	412,22484828835
6107	870,385943832674	286,167385207258	1	1129,61405616733	286,167385207258
6116	866,782838351558	282,318612758299	1	1133,21716164844	282,318612758299
6131	887,765280415096	332,4137973941	1	1112,2347195849	332,4137973941
6148	803,955226832457	324,341899170334	1	1196,04477316754	324,341899170334
6173	754,23617937323	387,090454113091	0			1245,76382062677	387,090454113091
6186	752,396315271414	382,584696572139	0			1247,60368472859	382,584696572139
6199	870,62528142087	305,923602413886	1	1129,37471857913	305,923602413886
6237	764,046430629492	404,815211987973	0			1235,95356937051	404,815211987973
6270	854,474646741553	273,323446922256	1	1145,52535325845	273,323446922256
6274	882,860037728008	205,351045669382	1	1117,13996227199	205,351045669382
6295	860,733748002781	139,078664420753	1	1139,26625199722	139,078664420753
6315	843,860772829322	237,560455645367	1	1156,13922717068	237,560455645367
6330	842,305088334792	304,164420512765	1	1157,69491166521	304,164420512765
6347	888,998475849752	347,728415608431	0			1111,00152415025	347,728415608431
6378	872,796099743933	281,600562131257	1	1127,20390025607	281,600562131257
6396	868,085571973178	328,514226787757	1	1131,91442802682	328,514226787757
6422	765,503950661242	300,147030769257	1	1234,49604933876	300,147030769257
6441	739,145267344309	257,666455014192	1	1260,85473265569	257,666455014192
6446	879,520785467325	182,504479191294	1	1120,47921453268	182,504479191294
6461	812,360492516634	194,50295595104	1	1187,63950748337	194,50295595104
6489	750,198911444564	228,394991626667	1	1249,80108855544	228,394991626667
6503	693,597678586221	206,534941045509	1	1306,40232141378	206,534941045509
6531	494,698974750402	297,892255109888	1	1505,3010252496	297,892255109888
6552	619,107390397007	280,339883822297	1	1380,89260960299	280,339883822297
6575	1005,20976832802	350,793201287349	0			994,79023167198	350,793201287349
6590	1041,80079035139	294,858753509788	1	958,19920964861	294,858753509788
6619	1086,40802253151	301,628051061386	1	913,591977468495	301,628051061386
6635	1004,08261743556	324,041806349152	1	995,917382564438	324,041806349152
6681	1273,00645937715	203,898145842131	1	726,993540622847	203,898145842131
6713	1303,18437226717	263,664728843341	1	696,815627732826	263,664728843341
6732	1334,66955040094	245,146403535056	1	665,330449599056	245,146403535056
6760	1205,96057606275	366,188918372377	0			794,03942393725	366,188918372377
6767	1259,3071202096	329,746365076266	1	740,692879790404	329,746365076266
6857	1423,11068795537	127,549891939817	1	576,889312044625	127,549891939817
6905	1047,57012919701	241,226859882185	1	952,429870802993	241,226859882185
6937	868,958733670771	368,59139270078	0			1131,04126632923	368,59139270078
6949	874,489617366931	386,913905585782	0			1125,51038263307	386,913905585782
6990	1050,68214060092	288,892106326912	1	949,317859399082	288,892106326912
7013	1064,86588886191	108,289094048561	1	935,134111138094	108,289094048561
7039	1112,65331364867	108,339168551643	1	887,346686351325	108,339168551643
7084	687,902831840186	160,067187037053	1	1312,09716815981	160,067187037053
7087	277,617460774075	229,176902497282	1	1722,38253922593	229,176902497282
7105	428,698701812752	211,427945511445	1	1571,30129818725	211,427945511445
7134	556,22106409309	209,677356575142	1	1443,77893590691	209,677356575142
7145	929,294879406561	89,3835750523118	1	1070,70512059344	89,3835750523118
7203	884,678878889336	144,886067854356	1	1115,32112111066	144,886067854356
7211	912,769222794604	99,8025019118511	1	1087,2307772054	99,8025019118511
7223	865,838127817985	123,63296331412	1	1134,16187218202	123,63296331412
7228	854,691340429317	145,345990667247	1	1145,30865957068	145,345990667247
7244	875,331208847641	123,945389621056	1	1124,66879115236	123,945389621056
7250	814,905901727498	189,576522002404	1	1185,0940982725	189,576522002404
7295	835,696650428	160,800612750482	1	1164,303349572	160,800612750482
7305	779,145871843975	176,209712725111	1	1220,85412815603	176,209712725111
7311	736,081180715542	172,003211998694	1	1263,91881928446	172,003211998694
7346	794,872073475738	160,89323998643	1	1205,12792652426	160,89323998643
7347	687,03906820584	255,451239967896	1	1312,96093179416	255,451239967896
7364	744,960484792852	218,201358769319	1	1255,03951520715	218,201358769319
7383	767,123636025378	213,115315563121	1	1232,87636397462	213,115315563121
7403	743,957828798427	265,19087300962	1	1256,04217120157	265,19087300962
7429	739,757453320408	283,693052911989	1	1260,24254667959	283,693052911989
7444	756,135725117197	313,899288175114	1	1243,8642748828	313,899288175114
7474	861,005814533001	283,22326796855	1	1138,994185467	283,22326796855
7492	943,078065210972	294,513241985283	1	1056,92193478903	294,513241985283
7528	994,178520249198	315,093858625491	1	1005,8214797508	315,093858625491
7533	919,53494216444	281,310989347741	1	1080,46505783556	281,310989347741
7579	866,509491558059	279,0669285659	1	1133,49050844194	279,0669285659
7938	1305,0524665314	250,333898247483	1	694,947533468598	250,333898247483
7984	1170,3751993025	288,985323382297	1	829,6248006975	288,985323382297
8075	1482,64902849413	285,82560061367	1	517,350971505866	285,82560061367
8110	870,834543172596	327,736044640391	1	1129,1654568274	327,736044640391
8132	1005,98646644511	263,305013628225	1	994,013533554894	263,305013628225
8206	1170,1875769412	195,38990206092	1	829,812423058804	195,38990206092
8241	979,591937512642	256,75605200398	1	1020,40806248736	256,75605200398
8272	1063,25842309011	238,45018131253	1	936,741576909886	238,45018131253
8289	1018,02374616629	265,292105953459	1	981,976253833715	265,292105953459
8308	1076,65361359773	250,924542894914	1	923,346386402271	250,924542894914
8334	1104,03718449467	259,659453697971	1	895,962815505334	259,659453697971
8359	1098,24013011396	255,359660036755	1	901,759869886038	255,359660036755
8375	1018,35456266642	252,292691367216	1	981,645437333576	252,292691367216
8392	1029,68673658086	250,385827529578	1	970,313263419143	250,385827529578
8420	1067,85727097536	260,891632448721	1	932,142729024636	260,891632448721
8441	1114,71848147405	256,423025211103	1	885,281518525946	256,423025211103
8480	1181,68541953938	279,449281609084	1	818,31458046062	279,449281609084
8511	1163,9201720632	246,304154470569	1	836,079827936801	246,304154470569
8523	1004,23047495371	259,066887582438	1	995,769525046291	259,066887582438
8576	994,194371856802	262,805295979064	1	1005,8056281432	262,805295979064
8584	967,994579917071	253,130440716431	1	1032,00542008293	253,130440716431
8602	870,142168063646	271,339018279677	1	1129,85783193635	271,339018279677
8632	919,767783189203	257,581030549769	1	1080,2322168108	257,581030549769
8648	996,309587024056	298,511452257086	1	1003,69041297594	298,511452257086
8662	1000,03278729496	299,027028674355	1	999,967212705038	299,027028674355
8678	960,751849393544	307,864738577682	1	1039,24815060646	307,864738577682
8717	961,805004985495	309,399914805489	1	1038,19499501451	309,399914805489
8749	929,325781184605	312,507046674341	1	1070,6742188154	312,507046674341
8806	1022,70272981671	314,586821827856	1	977,297270183293	314,586821827856
8845	946,517320992433	316,870701191119	1	1053,48267900757	316,870701191119
8866	907,558427194574	336,940144970132	0			1092,44157280543	336,940144970132
8872	872,66703205982	348,392517806838	0			1127,33296794018	348,392517806838
8885	867,412257295579	336,137056336299	1	1132,58774270442	336,137056336299
8901	969,468737293826	204,206320294139	1	1030,53126270617	204,206320294139
8927	957,30692027659	198,574941908408	1	1042,69307972341	198,574941908408
8971	758,896130801196	249,268973862222	1	1241,1038691988	249,268973862222
9006	665,983035460668	255,37873519177	1	1334,01696453933	255,37873519177
9023	712,315330442405	247,884412191978	1	1287,6846695576	247,884412191978
9076	766,934460081127	244,726800124837	1	1233,06553991887	244,726800124837
9107	835,101622859339	232,351060200784	1	1164,89837714066	232,351060200784
9123	845,705156068768	223,216290948812	1	1154,29484393123	223,216290948812
9140	860,590108925955	209,889130040876	1	1139,40989107405	209,889130040876
9170	793,883991030597	265,722915107976	1	1206,1160089694	265,722915107976
9189	780,687457413725	258,259450771293	1	1219,31254258628	258,259450771293
9207	789,427830202228	253,526397895949	1	1210,57216979777	253,526397895949
9232	741,551333861137	243,443395390392	1	1258,44866613886	243,443395390392
9250	651,819994426331	245,403473413789	1	1348,18000557367	245,403473413789
9280	635,883101332314	258,31992205276	1	1364,11689866769	258,31992205276
9293	682,617968151245	276,496939327959	1	1317,38203184875	276,496939327959
9338	809,081963043091	292,732124038004	1	1190,91803695691	292,732124038004
9382	948,727385201835	301,984006794127	1	1051,27261479816	301,984006794127
9408	866,007860625805	305,757119917442	1	1133,9921393742	305,757119917442
9426	834,030320020221	313,992723793134	1	1165,96967997978	313,992723793134
9456	829,975059357228	321,873815632699	1	1170,02494064277	321,873815632699
9474	935,750125785756	352,104971526786	0			1064,24987421424	352,104971526786
9509	910,912578649289	356,194505814198	0			1089,08742135071	356,194505814198
9548	838,330417805497	345,9651327692	0			1161,6695821945	345,9651327692
9564	918,736586652031	352,629085060396	0			1081,26341334797	352,629085060396
9590	886,567090692773	278,472179226795	1	1113,43290930723	278,472179226795
9606	902,466882472316	267,021375876139	1	1097,53311752768	267,021375876139
9634	848,86607284148	264,951706729228	1	1151,13392715852	264,951706729228
9648	855,851518426519	260,140673308122	1	1144,14848157348	260,140673308122
9683	840,788511711315	245,418898862627	1	1159,21148828869	245,418898862627
9698	925,406841928656	219,07343532899	1	1074,59315807134	219,07343532899
9706	1189,93715210098	90,6648341712381	1	810,062847899016	90,6648341712381
9723	953,600900370533	216,433677647429	1	1046,39909962947	216,433677647429
9740	967,950946473993	190,531324190197	1	1032,04905352601	190,531324190197
9754	1020,9498114224	147,47592552087	1	979,050188577601	147,47592552087
9775	927,261945296631	186,009547296087	1	1072,73805470337	186,009547296087
9788	954,242422607479	182,999329721446	1	1045,75757739252	182,999329721446
9831	997,398128568899	172,206963325524	1	1002,6018714311	172,206963325524
9840	944,127777212165	223,378550880909	1	1055,87222278784	223,378550880909
9873	936,670039413456	237,504893356563	1	1063,32996058654	237,504893356563
9877	923,930750669357	239,24090003733	1	1076,06924933064	239,24090003733
9892	861,447820289085	241,6928348948	1	1138,55217971091	241,6928348948
9905	863,306316678281	243,788222847124	1	1136,69368332172	243,788222847124
9935	887,276625842768	251,316561598462	1	1112,72337415723	251,316561598462
9938	908,297797040929	251,610957029803	1	1091,70220295907	251,610957029803
9950	900,681193306434	263,06900806229	1	1099,31880669357	263,06900806229
9984	954,178810399355	284,85113130072	1	1045,82118960065	284,85113130072
10017	1021,37675642659	286,517383269287	1	978,623243573413	286,517383269287
10027	1061,87663425237	275,256885983045	1	938,123365747634	275,256885983045
10046	1072,15668691726	261,537636084271	1	927,84331308274	261,537636084271
10063	1034,12124496738	260,207417126512	1	965,878755032621	260,207417126512
10067	1018,6666136792	259,272070303091	1	981,333386320801	259,272070303091
10093	905,22783404594	255,147366380634	1	1094,77216595406	255,147366380634
10100	905,109880245737	254,928817484724	1	1094,89011975426	254,928817484724
