68	364,371507761934	259,47046195967	1	1635,62849223807	259,47046195967
120	285,531626087176	221,594423580813	1	1714,46837391282	221,594423580813
130	285,531626087176	221,594423580813	1	1714,46837391282	221,594423580813
158	588,189697916225	348,534700953426	0			1411,81030208378	348,534700953426
202	648,535412049419	358,098295427295	0			1351,46458795058	358,098295427295
252	637,866687025793	344,932667410009	0			1362,13331297421	344,932667410009
292	644,336411559466	347,45583307656	0			1355,66358844053	347,45583307656
663	144,700647249191	158,672921695887	0			1855,29935275081	158,672921695887
700	62,8358711316748	222,028170027305	0			1937,16412886833	222,028170027305
718	62,8358711316748	222,028170027305	0			1937,16412886833	222,028170027305
759	423,713083431519	97,2548684583595	1	1576,28691656848	97,2548684583595
768	963,069804716053	-9,51397949034341	1	1036,93019528395	-9,51397949034341
817	859,235220600941	65,4388616701711	1	1140,76477939906	65,4388616701711
839	175,454688377834	268,799747405887	1	1824,54531162217	268,799747405887
859	88,1414231215952	292,888043406219	0			1911,8585768784	292,888043406219
881	152,467363649479	288,754765702577	0			1847,53263635052	288,754765702577
895	531,373268051189	263,139743411104	1	1468,62673194881	263,139743411104
935	938,52734352073	240,236790681792	1	1061,47265647927	240,236790681792
974	1184,36441257082	232,146360719563	1	815,635587429184	232,146360719563
982	746,875810589813	416,102146611251	0			1253,12418941019	416,102146611251
1019	681,791673010945	445,908748558513	0			1318,20832698906	445,908748558513
1035	531,283080344447	430,928659929129	0			1468,71691965555	430,928659929129
1058	435,639821286934	416,592134643584	0			1564,36017871307	416,592134643584
1102	533,934280667354	446,228540736802	0			1466,06571933265	446,228540736802
1119	545,90272028805	405,179758028272	0			1454,09727971195	405,179758028272
1150	615,481770076011	400,738509126866	0			1384,51822992399	400,738509126866
1166	750,542091598908	307,189915502661	1	1249,45790840109	307,189915502661
1192	788,043437872002	365,820564174392	0			1211,956562128	365,820564174392
1209	588,435961173111	365,66030688171	0			1411,56403882689	365,66030688171
1263	655,225020735958	368,959079922588	0			1344,77497926404	368,959079922588
1282	479,259848132176	345,684177535732	0			1520,74015186782	345,684177535732
1304	480,164272732874	361,067273423624	0			1519,83572726713	361,067273423624
1331	480,162323287102	357,924230003885	0			1519,8376767129	357,924230003885
1346	461,804463732807	338,191344446532	0			1538,19553626719	338,191344446532
1420	756,450241582135	268,145923110718	1	1243,54975841787	268,145923110718
1435	799,779367120961	248,153528254984	1	1200,22063287904	248,153528254984
1462	852,4219444992	185,450012898768	1	1147,5780555008	185,450012898768
1480	754,714766975358	154,128778722883	1	1245,28523302464	154,128778722883
1519	816,721547656779	166,950465259196	1	1183,27845234322	166,950465259196
1555	585,576483385638	171,870805337523	1	1414,42351661436	171,870805337523
1574	652,439844124341	152,704718256611	1	1347,56015587566	152,704718256611
1600	720,427032211661	110,245270425545	1	1279,57296778834	110,245270425545
1621	745,524651850467	90,785118452659	1	1254,47534814953	90,785118452659
1651	650,769903714897	149,945238224647	1	1349,2300962851	149,945238224647
1662	649,093641587035	153,068262251491	1	1350,90635841297	153,068262251491
1701	734,611006058528	147,519284827937	1	1265,38899394147	147,519284827937
1726	761,924264537797	126,450554688734	1	1238,0757354622	126,450554688734
1743	902,043413831049	48,5934718003953	1	1097,95658616895	48,5934718003953
1748	531,431792771238	144,926494952487	1	1468,56820722876	144,926494952487
1798	630,81189029787	112,026237499788	1	1369,18810970213	112,026237499788
1838	580,304782719078	155,202863448837	1	1419,69521728092	155,202863448837
1885	720,689829605638	173,765119375991	1	1279,31017039436	173,765119375991
1916	851,072864798871	148,998259389961	1	1148,92713520113	148,998259389961
1934	932,451142209498	138,593459809947	1	1067,5488577905	138,593459809947
1960	959,59385993002	143,33546303688	1	1040,40614006998	143,33546303688
2005	897,229961614193	148,77508643949	1	1102,77003838581	148,77508643949
2021	898,682381514094	34,6452674811374	1	1101,31761848591	34,6452674811374
2858	135,519695590615	78,4099776862435	0			1864,48030440939	78,4099776862435
2902	275,752332372573	336,391394450777	1	1724,24766762743	336,391394450777
2923	364,586059774736	296,733356461045	1	1635,41394022526	296,733356461045
2952	325,145117159572	333,41973481694	1	1674,85488284043	333,41973481694
2973	351,962576412771	350,927433754312	0			1648,03742358723	350,927433754312
2995	389,97986041469	387,420878286545	0			1610,02013958531	387,420878286545
3039	436,292702718267	431,156880999795	0			1563,70729728173	431,156880999795
3054	484,875746187835	481,190533058338	0			1515,12425381216	481,190533058338
3084	469,188847490733	456,412448867574	0			1530,81115250927	456,412448867574
3126	372,542391080828	388,016973849795	0			1627,45760891917	388,016973849795
3136	387,428376246782	399,823233436524	0			1612,57162375322	399,823233436524
3144	431,284808676249	367,468268622434	0			1568,71519132375	367,468268622434
3189	446,904755684929	366,079415941974	0			1553,09524431507	366,079415941974
3215	434,703617600256	374,763577647896	0			1565,29638239974	374,763577647896
3233	442,307900448751	366,11178001484	0			1557,69209955125	366,11178001484
3262	455,104148749634	326,78039755559	1	1544,89585125037	326,78039755559
3281	442,410965103061	305,065599549427	1	1557,58903489694	305,065599549427
3311	374,111533029588	324,964921013738	1	1625,88846697041	324,964921013738
3351	340,138472919668	328,157047733999	1	1659,86152708033	328,157047733999
3413	321,861064612944	317,657238717415	1	1678,13893538706	317,657238717415
3440	298,400625840658	323,987644654429	1	1701,59937415934	323,987644654429
3467	299,381668436489	322,19593066136	1	1700,61833156351	322,19593066136
3498	254,773234017767	204,579009069102	1	1745,22676598223	204,579009069102
3516	248,71235848525	188,598588962961	1	1751,28764151475	188,598588962961
3534	330,589030029831	140,803569305774	1	1669,41096997017	140,803569305774
3590	454,884733069717	107,948116378028	1	1545,11526693028	107,948116378028
3673	313,238940192658	165,83250609731	1	1686,76105980734	165,83250609731
3724	273,399772767496	180,234090987806	1	1726,6002272325	180,234090987806
3762	244,364684896071	148,959713223323	1	1755,63531510393	148,959713223323
3811	284,812128030484	142,617721433462	1	1715,18787196952	142,617721433462
3847	168,199191710177	-11,0367487570943	1	1831,80080828982	-11,0367487570943
4372	803,838443756104	-49,5642792855457	1	1196,1615562439	-49,5642792855457
4403	1069,20796119665	183,044093344215	1	930,792038803347	183,044093344215
4440	824,910591768471	158,712526675142	1	1175,08940823153	158,712526675142
4466	904,479878209815	168,897597738677	1	1095,52012179019	168,897597738677
4495	587,983990073863	159,232316865824	1	1412,01600992614	159,232316865824
4515	574,479470506508	185,516305264328	1	1425,52052949349	185,516305264328
4546	591,964585289319	194,161334326291	1	1408,03541471068	194,161334326291
4581	558,673483179734	218,31147041837	1	1441,32651682027	218,31147041837
4585	534,294279499071	262,79246879131	1	1465,70572050093	262,79246879131
4630	612,162020957279	276,283283993745	1	1387,83797904272	276,283283993745
4704	648,637345693644	283,323357086074	1	1351,36265430636	283,323357086074
4722	647,797227965603	277,363533903674	1	1352,2027720344	277,363533903674
4765	658,191205372996	257,483073622086	1	1341,808794627	257,483073622086
5461	1228,82174890018	180,252574255836	1	771,178251099818	180,252574255836
5477	365,917425556862	108,99086187381	1	1634,08257444314	108,99086187381
5487	596,510536017376	196,944246869505	1	1403,48946398262	196,944246869505
5514	638,136042318584	213,236386796404	1	1361,86395768142	213,236386796404
5532	546,641486238585	171,451659850272	1	1453,35851376142	171,451659850272
5564	525,530031959465	189,313679656535	1	1474,46996804053	189,313679656535
5610	459,590686368798	261,959696303351	1	1540,4093136312	261,959696303351
5635	458,736791224187	274,149378400306	1	1541,26320877581	274,149378400306
5661	672,136615384336	261,24535627045	1	1327,86338461566	261,24535627045
5693	678,341722195367	258,685830843421	1	1321,65827780463	258,685830843421
5712	400,064765360704	193,076500751715	1	1599,9352346393	193,076500751715
5770	432,413237506952	136,91991337961	1	1567,58676249305	136,91991337961
5773	562,493357999314	133,30516100652	1	1437,50664200069	133,30516100652
5795	557,206787691884	120,020903727764	1	1442,79321230812	120,020903727764
5806	567,172349477804	137,109456610804	1	1432,8276505222	137,109456610804
5829	417,071756471707	164,784965560415	1	1582,92824352829	164,784965560415
5845	398,860466893553	167,872480759198	1	1601,13953310645	167,872480759198
5902	609,62514243698	205,354349285454	1	1390,37485756302	205,354349285454
5923	593,237457162077	204,593729157306	1	1406,76254283792	204,593729157306
5941	505,228737783135	196,530991027537	1	1494,77126221687	196,530991027537
5966	468,177873146385	206,86025777751	1	1531,82212685362	206,86025777751
5986	601,701319717467	199,916731651025	1	1398,29868028253	199,916731651025
6017	804,202109336142	99,6755626753051	1	1195,79789066386	99,6755626753051
6068	458,269061834699	198,683854106792	1	1541,7309381653	198,683854106792
6104	558,544869145865	167,793808179616	1	1441,45513085413	167,793808179616
6164	468,699970047248	154,270797873241	1	1531,30002995275	154,270797873241
6167	343,989171284187	196,852022427944	1	1656,01082871581	196,852022427944
6188	376,09723228001	189,294058420237	1	1623,90276771999	189,294058420237
6205	380,780897061914	219,495771669692	1	1619,21910293809	219,495771669692
6236	411,39821524753	180,222902229972	1	1588,60178475247	180,222902229972
6252	476,823524280787	188,865972249919	1	1523,17647571921	188,865972249919
6277	557,223606336039	180,910913651302	1	1442,77639366396	180,910913651302
6294	673,62140916599	176,890307129131	1	1326,37859083401	176,890307129131
6338	639,134031887103	184,380703608256	1	1360,8659681129	184,380703608256
6367	659,815786154924	181,028243013272	1	1340,18421384508	181,028243013272
6428	700,116416419279	157,927512620264	1	1299,88358358072	157,927512620264
6999	491,717766326608	-50,7466484957748	1	1508,28223367339	-50,7466484957748
7040	468,80611678929	65,4488803569121	1	1531,19388321071	65,4488803569121
7272	331,312141295004	103,067818624951	1	1668,687858705	103,067818624951
7329	216,324988306533	138,312429551533	1	1783,67501169347	138,312429551533
7367	271,825887278569	103,782783514863	1	1728,17411272143	103,782783514863
7408	281,613069851655	22,6387795459849	1	1718,38693014834	22,6387795459849
7449	286,989060557057	-42,1863105647889	1	1713,01093944294	-42,1863105647889
7494	277,775306892994	-84,2021770946424	0			1722,22469310701	-84,2021770946424
7544	279,451578595204	-122,750747519992	0			1720,5484214048	-122,750747519992
7583	267,276748314493	-164,789986793466	0			1732,72325168551	-164,789986793466
7632	260,221512186489	-177,701318454784	0			1739,77848781351	-177,701318454784
7721	355,743862510113	-93,952576491648	0			1644,25613748989	-93,952576491648
7820	327,240484046319	10,8750571189081	1	1672,75951595368	10,8750571189081
7859	219,495893064826	-63,4360263319869	0			1780,50410693517	-63,4360263319869
9093	431,479326266687	-59,3741992363893	0			1568,52067373331	-59,3741992363893
9119	519,4253372143	-49,4607972802945	1	1480,5746627857	-49,4607972802945
9160	458,664348941725	-55,7840603482903	0			1541,33565105828	-55,7840603482903
9240	327,450433191482	-49,6966756766057	1	1672,54956680852	-49,6966756766057
9266	362,129941330965	-34,7156584857164	1	1637,87005866904	-34,7156584857164
9275	407,597593042071	-23,7999105307578	1	1592,40240695793	-23,7999105307578
9324	407,597593042071	-23,7999105307578	1	1592,40240695793	-23,7999105307578
9398	407,597593042071	-23,7999105307578	1	1592,40240695793	-23,7999105307578
9454	206,364287836266	116,766877635604	1	1793,63571216373	116,766877635604
9525	453,428161028519	273,041058580261	1	1546,57183897148	273,041058580261
9567	114,426103610437	88,6459904798498	0			1885,57389638956	88,6459904798498
9586	305,867817438201	128,909143311901	1	1694,1321825618	128,909143311901
9617	106,792808456816	124,43613063509	0			1893,20719154318	124,43613063509
9671	822,407630915276	136,49415468891	1	1177,59236908472	136,49415468891
9727	753,030557042529	160,648737768581	1	1246,96944295747	160,648737768581
9731	737,95697151105	164,639970207377	1	1262,04302848895	164,639970207377
9749	561,43041663437	188,500034770491	1	1438,56958336563	188,500034770491
9789	561,551896601225	188,189474722415	1	1438,44810339877	188,189474722415
9837	587,171516295004	200,550569900992	1	1412,828483705	200,550569900992
9891	391,660337370721	186,273298884746	1	1608,33966262928	186,273298884746
