399	849,144362168791	722,222628141437	0			1150,85563783121	722,222628141437
415	950,212092229849	580,960977804881	0			1049,78790777015	580,960977804881
449	965,652287056663	680,100870386388	0			1034,34771294334	680,100870386388
465	882,016503274495	679,12734271179	0			1117,98349672551	679,12734271179
505	937,503456051421	734,224414733725	0			1062,49654394858	734,224414733725
548	891,176012328096	751,079901997426	0			1108,8239876719	751,079901997426
593	985,139122266408	770,229994037205	0			1014,86087773359	770,229994037205
635	994,673650397414	737,184502841703	0			1005,32634960259	737,184502841703
697	1081,57982721998	688,673693575563	0			918,420172780019	688,673693575563
777	1129,73327636719	512,550782634511	0			870,266723632813	512,550782634511
820	1110,09344699699	509,931009214027	0			889,906553003009	509,931009214027
868	1036,09265631165	543,596333292384	0			963,907343688354	543,596333292384
904	997,479683725766	478,230240687795	0			1002,52031627423	478,230240687795
921	957,544822068104	452,282526949599	0			1042,4551779319	452,282526949599
953	941,834187601253	509,576914260017	0			1058,16581239875	509,576914260017
967	862,781102803927	512,949296254667	0			1137,21889719607	512,949296254667
998	891,078565684595	529,554797508545	0			1108,9214343154	529,554797508545
1018	856,228236478974	523,975099418365	0			1143,77176352103	523,975099418365
1056	874,305130666806	556,203673079123	0			1125,69486933319	556,203673079123
1068	859,167253037722	552,882492474924	0			1140,83274696228	552,882492474924
1092	948,568794554358	578,772129134209	0			1051,43120544564	578,772129134209
1103	945,002143078352	575,613129686208	0			1054,99785692165	575,613129686208
1121	870,078459557585	590,162145691504	0			1129,92154044241	590,162145691504
1135	861,90178492117	587,80293323279	0			1138,09821507883	587,80293323279
1145	863,24049765262	522,865832521975	0			1136,75950234738	522,865832521975
1161	833,487053635713	540,07756066828	0			1166,51294636429	540,07756066828
1198	827,511715520721	476,65288624393	0			1172,48828447928	476,65288624393
1209	845,545641951139	493,725585655399	0			1154,45435804886	493,725585655399
1222	846,741407524579	477,20454707586	0			1153,25859247542	477,20454707586
1263	838,823801891999	456,579466461198	0			1161,176198108	456,579466461198
1301	857,244352842701	505,493973511407	0			1142,7556471573	505,493973511407
1323	874,573733520453	503,752229308305	0			1125,42626647955	503,752229308305
1346	858,873007772089	518,924728490616	0			1141,12699222791	518,924728490616
1360	930,34298944702	494,458386227129	0			1069,65701055298	494,458386227129
1373	945,015178062177	499,75617045106	0			1054,98482193782	499,75617045106
1393	862,067794752717	474,086005122349	0			1137,93220524728	474,086005122349
1409	865,853521996115	493,38629553149	0			1134,14647800389	493,38629553149
1419	825,357423900816	550,383193436342	0			1174,64257609918	550,383193436342
1434	857,150372283609	550,897124971804	0			1142,84962771639	550,897124971804
1450	904,6269422843	529,932574692333	0			1095,3730577157	529,932574692333
1464	878,447434560246	424,444875765135	0			1121,55256543975	424,444875765135
1494	870,521279057995	425,447872977798	0			1129,47872094201	425,447872977798
1508	826,94908263607	363,122718531239	0			1173,05091736393	363,122718531239
1552	830,985867628951	371,664611005072	0			1169,01413237105	371,664611005072
1569	785,654858818733	351,85969697688	0			1214,34514118127	351,85969697688
1586	800,185034568238	370,769418156016	0			1199,81496543176	370,769418156016
1618	964,793604308575	532,974410427529	0			1035,20639569143	532,974410427529
1663	999,701190955437	492,625632373886	0			1000,29880904456	492,625632373886
1677	958,411399566357	503,772943374665	0			1041,58860043364	503,772943374665
1699	816,101606527862	427,651306662369	0			1183,89839347214	427,651306662369
1703	851,146083858489	464,208796985569	0			1148,85391614151	464,208796985569
1721	848,935711482554	544,195809034529	0			1151,06428851745	544,195809034529
1741	775,401665880977	501,31276155814	0			1224,59833411902	501,31276155814
1770	825,887542168691	541,606347619211	0			1174,11245783131	541,606347619211
1778	743,673240034581	481,959965782945	0			1256,32675996542	481,959965782945
1802	777,773736393363	585,442529308436	0			1222,22626360664	585,442529308436
1826	768,781724732498	666,742509783227	0			1231,2182752675	666,742509783227
1857	755,0723494804	676,971117901576	0			1244,9276505196	676,971117901576
1869	781,622968283137	464,524636685805	0			1218,37703171686	464,524636685805
1891	843,975188228917	572,947792405132	0			1156,02481177108	572,947792405132
1903	828,065006911879	521,416627679134	0			1171,93499308812	521,416627679134
1919	848,453025305918	590,093110900371	0			1151,54697469408	590,093110900371
1954	846,17928709187	574,751343727893	0			1153,82071290813	574,751343727893
1978	872,607159447529	623,038665259752	0			1127,39284055247	623,038665259752
1991	769,400794247276	633,278684992383	0			1230,59920575272	633,278684992383
2038	888,13933661204	638,693044990281	0			1111,86066338796	638,693044990281
2046	790,634764221006	543,652671727469	0			1209,36523577899	543,652671727469
2071	729,70004532252	459,442383402377	0			1270,29995467748	459,442383402377
2109	826,219980537807	445,708772464426	0			1173,78001946219	445,708772464426
2124	789,518987475701	444,199459975574	0			1210,4810125243	444,199459975574
2157	879,394340242501	388,482420276568	0			1120,6056597575	388,482420276568
2168	762,01628946214	527,578349947707	0			1237,98371053786	527,578349947707
2189	646,761564737864	479,753164308575	0			1353,23843526214	479,753164308575
2218	432,784499208751	338,793871077886	0			1567,21550079125	338,793871077886
2253	610,679014617299	559,580673492323	0			1389,3209853827	559,580673492323
2259	582,256083853324	515,373935300063	0			1417,74391614668	515,373935300063
2269	586,769821933166	522,383223083666	0			1413,23017806683	522,383223083666
2329	579,337907671935	510,095028755065	0			1420,66209232806	510,095028755065
2707	785,596179653526	224,842198102517	1	1214,40382034647	224,842198102517
2714	1241,4974274373	240,859554737156	1	758,502572562702	240,859554737156
2745	1168,2002422457	305,87192420475	1	831,7997577543	305,87192420475
2760	1104,2928373388	322,543826243501	1	895,707162661197	322,543826243501
2784	1082,16749162329	306,959894359724	1	917,832508376711	306,959894359724
2806	1051,94751358029	232,248462142704	1	948,052486419707	232,248462142704
3027	174,279903671117	129,090386647212	1	1825,72009632888	129,090386647212
3114	-285,430730430825	656,733425940816	0			2285,43073043083	656,733425940816
3149	174,279903671117	129,090386647212	1	1825,72009632888	129,090386647212
3164	56,1493719163382	355,092176413869	0			1943,85062808366	355,092176413869
3174	126,430299448283	220,634003977532	0			1873,56970055172	220,634003977532
3206	22,1726022170291	397,972165376659	0			1977,82739778297	397,972165376659
3214	-25,0892400221485	289,445032117038	0			2025,08924002215	289,445032117038
3234	-79,9337728977357	400,27549137091	0			2079,93377289774	400,27549137091
3249	-164,965226558911	540,591042314114	0			2164,96522655891	540,591042314114
3262	-223,043057933196	489,650810230856	0			2223,0430579332	489,650810230856
3294	-124,775769743195	492,79151786197	0			2124,77576974319	492,79151786197
3306	-196,689459116699	402,476571512362	0			2196,6894591167	402,476571512362
3324	-172,288542306894	415,040769059224	0			2172,28854230689	415,040769059224
3356	-145,168515566226	437,426346676716	0			2145,16851556623	437,426346676716
3357	-217,866515879855	350,550677298013	0			2217,86651587986	350,550677298013
3369	-199,473028237903	371,774664770416	0			2199,4730282379	371,774664770416
3385	-154,698681635558	459,764312827213	0			2154,69868163556	459,764312827213
3397	-184,228106423517	417,716348957236	0			2184,22810642352	417,716348957236
3434	-181,774088568589	421,761985782702	0			2181,77408856859	421,761985782702
3449	-192,053081396086	411,464030912877	0			2192,05308139609	411,464030912877
3457	-192,527557425146	413,653394783999	0			2192,52755742515	413,653394783999
3488	-154,69304888992	469,505300571558	0			2154,69304888992	469,505300571558
