173	485,644155952923	152,987493921724	1	1514,35584404708	152,987493921724
224	890,009502917046	833,804340680089	0			1109,99049708295	833,804340680089
269	784,992188414827	852,780060642234	0			1215,00781158517	852,780060642234
297	700,107372547757	898,947760009345	0			1299,89262745224	898,947760009345
325	728,488628134692	870,709278460797	0			1271,51137186531	870,709278460797
339	764,841047715801	866,333834579834	0			1235,1589522842	866,333834579834
354	836,285589437424	847,848155387247	0			1163,71441056258	847,848155387247
392	816,033865177912	846,090818162335	0			1183,96613482209	846,090818162335
423	794,67818728173	849,258472919606	0			1205,32181271827	849,258472919606
433	797,805044994661	868,553974379383	0			1202,19495500534	868,553974379383
480	775,570065908405	885,234908937418	0			1224,42993409159	885,234908937418
505	822,520453073059	849,864782877738	0			1177,47954692694	849,864782877738
525	826,243089843325	839,803345715632	0			1173,75691015667	839,803345715632
545	827,947988535842	836,401883260116	0			1172,05201146416	836,401883260116
552	822,172840129043	826,701293327253	0			1177,82715987096	826,701293327253
580	821,319279746403	827,859025673601	0			1178,6807202536	827,859025673601
599	819,888385132524	829,741648231285	0			1180,11161486748	829,741648231285
611	798,371166975152	838,949480243534	0			1201,62883302485	838,949480243534
629	780,08168810982	847,134086333236	0			1219,91831189018	847,134086333236
639	758,694082141096	854,964465595338	0			1241,3059178589	854,964465595338
677	755,285444266661	855,06232321825	0			1244,71455573334	855,06232321825
735	766,816289009029	856,291842375539	0			1233,18371099097	856,291842375539
769	766,230287204206	864,55760615471	0			1233,76971279579	864,55760615471
772	787,785131151783	888,945803073322	0			1212,21486884822	888,945803073322
774	783,437513141408	875,218043190518	0			1216,56248685859	875,218043190518
790	792,460120209814	883,513355376731	0			1207,53987979019	883,513355376731
793	830,856611980415	876,489561273616	0			1169,14338801958	876,489561273616
805	856,995123414298	868,836242709876	0			1143,0048765857	868,836242709876
815	822,041089733987	882,385383844733	0			1177,95891026601	882,385383844733
818	813,790902572143	884,555017364827	0			1186,20909742786	884,555017364827
842	876,488582456418	862,783334391149	0			1123,51141754358	862,783334391149
851	848,793426739101	868,789196218817	0			1151,2065732609	868,789196218817
890	924,76102908839	852,684502827024	0			1075,23897091161	852,684502827024
985	995,529461215615	869,966631805509	0			1004,47053878439	869,966631805509
1108	771,649503244937	855,371340573209	0			1228,35049675506	855,371340573209
1134	733,178804761769	923,309814026557	0			1266,82119523823	923,309814026557
1155	748,661113548896	888,660565395938	0			1251,3388864511	888,660565395938
1198	739,402648238441	901,775164600326	0			1260,59735176156	901,775164600326
1211	735,999676108111	914,040251543126	0			1264,00032389189	914,040251543126
1238	739,275577165345	890,532536738326	0			1260,72442283466	890,532536738326
1291	744,84430647759	858,745854559138	0			1255,15569352241	858,745854559138
1329	752,470778184415	847,818985960382	0			1247,52922181558	847,818985960382
1345	741,369328389178	891,259727838754	0			1258,63067161082	891,259727838754
1363	755,762468614965	889,019092368737	0			1244,23753138503	889,019092368737
1379	768,946842579149	880,853260223826	0			1231,05315742085	880,853260223826
1394	767,690082853281	880,698368090649	0			1232,30991714672	880,698368090649
1412	768,934578674932	883,736044412455	0			1231,06542132507	883,736044412455
1433	772,213365028268	886,507156966871	0			1227,78663497173	886,507156966871
1439	775,203768958474	886,978206499585	0			1224,79623104153	886,978206499585
1465	778,264084205025	888,980797179821	0			1221,73591579497	888,980797179821
1514	838,151874362213	864,41227198729	0			1161,84812563779	864,41227198729
1530	807,206774304256	963,641857717738	0			1192,79322569574	963,641857717738
1859	1054,48302235032	672,267972207358	0			945,516977649676	672,267972207358
1871	1054,48302235032	672,267972207358	0			945,516977649676	672,267972207358
1959	902,771568915605	774,71275162825	0			1097,2284310844	774,71275162825
2036	908,074477112409	749,184448245337	0			1091,92552288759	749,184448245337
2057	899,713966910028	761,572061587839	0			1100,28603308997	761,572061587839
2166	799,940251011346	844,047375280787	0			1200,05974898865	844,047375280787
2170	782,572084458074	865,420169996721	0			1217,42791554193	865,420169996721
2176	783,857631991982	867,901545541995	0			1216,14236800802	867,901545541995
2201	760,195533434553	911,149309693484	0			1239,80446656545	911,149309693484
2224	758,825397182823	913,653539372287	0			1241,17460281718	913,653539372287
2239	753,545653664429	927,315356613262	0			1246,45434633557	927,315356613262
2248	760,577026145258	918,137831765169	0			1239,42297385474	918,137831765169
2277	716,361571244082	925,646607858129	0			1283,63842875592	925,646607858129
2331	724,272630054047	929,513695866722	0			1275,72736994595	929,513695866722
2346	875,556691585485	881,366204317897	0			1124,44330841451	881,366204317897
2427	835,490079881398	895,176978830599	0			1164,5099201186	895,176978830599
2503	787,342357944131	913,817690658363	0			1212,65764205587	913,817690658363
2555	709,584524407742	922,218155721739	0			1290,41547559226	922,218155721739
2873	718,383695238231	1020,5804445988	0			1281,61630476177	1020,5804445988
2947	712,212947117086	876,542601332081	0			1287,78705288291	876,542601332081
2995	792,586708068848	847,124130538997	0			1207,41329193115	847,124130538997
3036	759,347452026075	847,122080655162	0			1240,65254797393	847,122080655162
3054	744,749070448397	847,121180364662	0			1255,2509295516	847,121180364662
3082	677,420007886183	952,448436682777	0			1322,57999211382	952,448436682777
3128	828,329527425948	973,67584325847	0			1171,67047257405	973,67584325847
3162	750,550340802513	944,642286210978	0			1249,44965919749	944,642286210978
3196	906,655413059889	872,317719027784	0			1093,34458694011	872,317719027784
3234	891,639781204469	864,147690759484	0			1108,36021879553	864,147690759484
3330	898,951913778064	862,612447993178	0			1101,04808622194	862,612447993178
3336	898,951913778064	862,612447993178	0			1101,04808622194	862,612447993178
3366	981,291006143811	878,934920519839	0			1018,70899385619	878,934920519839
3382	914,342716642811	860,595616552191	0			1085,65728335719	860,595616552191
3388	879,688584010962	848,089017085084	0			1120,31141598904	848,089017085084
3412	841,939420375852	808,967157222962	0			1158,06057962415	808,967157222962
3424	851,523287467035	855,701299302553	0			1148,47671253297	855,701299302553
3447	841,979603149548	849,306457833779	0			1158,02039685045	849,306457833779
3458	840,425879377488	920,787093565694	0			1159,57412062251	920,787093565694
3472	835,714211327918	958,057373453575	0			1164,28578867208	958,057373453575
3518	837,884112471709	931,310022074373	0			1162,11588752829	931,310022074373
3760	560,754927848149	739,698072237579	0			1439,24507215185	739,698072237579
3803	560,754927848149	739,698072237579	0			1439,24507215185	739,698072237579
3854	499,120085282652	870,719459039944	0			1500,87991471735	870,719459039944
3907	755,327322259304	916,890216598167	0			1244,6726777407	916,890216598167
3922	774,694043271569	905,735520599486	0			1225,30595672843	905,735520599486
3959	776,923675061994	903,157933279677	0			1223,07632493801	903,157933279677
3975	780,822400692379	931,422648794137	0			1219,17759930762	931,422648794137
4019	673,188447740619	987,02828528833	0			1326,81155225938	987,02828528833
4041	728,485483462823	984,393348049592	0			1271,51451653718	984,393348049592
4052	728,053912401377	994,30489512763	0			1271,94608759862	994,30489512763
4063	624,457938558834	1029,9360730168	0			1375,54206144117	1029,9360730168
4072	645,826521514406	1020,42018209194	0			1354,17347848559	1020,42018209194
4091	683,065211482833	1000,87670851914	0			1316,93478851717	1000,87670851914
4103	639,291969864028	1023,75441664449	0			1360,70803013597	1023,75441664449
4116	657,205341723734	1009,3183759184	0			1342,79465827627	1009,3183759184
4145	652,168163935545	1014,09663052357	0			1347,83183606446	1014,09663052357
4152	669,271306947326	1011,60721732384	0			1330,72869305267	1011,60721732384
4193	757,792096352671	987,756293159369	0			1242,20790364733	987,756293159369
4197	794,574496117824	977,105122080529	0			1205,42550388218	977,105122080529
4227	824,960918751921	968,804890563701	0			1175,03908124808	968,804890563701
4241	854,455936711022	954,949583541535	0			1145,54406328898	954,949583541535
4245	848,154479697414	925,339954016412	0			1151,84552030259	925,339954016412
4264	846,461553487007	917,423717358536	0			1153,53844651299	917,423717358536
4287	876,955531645498	915,330801941925	0			1123,0444683545	915,330801941925
4303	899,509129508948	914,749089018396	0			1100,49087049105	914,749089018396
4340	940,253541723259	919,73005634037	0			1059,74645827674	919,73005634037
4362	941,244959073394	919,253229031558	0			1058,75504092661	919,253229031558
4403	912,919858221805	935,370924120346	0			1087,08014177819	935,370924120346
4671	675,910757120373	780,243470989356	0			1324,08924287963	780,243470989356
4708	686,402611593598	1030,54152979916	0			1313,5973884064	1030,54152979916
4722	767,735789262694	997,054918690646	0			1232,26421073731	997,054918690646
4795	895,040133084294	944,640993941235	0			1104,95986691571	944,640993941235
4812	836,784114712544	819,609828375179	0			1163,21588528746	819,609828375179
4840	841,359885440931	829,430512375283	0			1158,64011455907	829,430512375283
4899	873,149513332925	879,079879587806	0			1126,85048666707	879,079879587806
4930	866,985434926107	826,210170770903	0			1133,01456507389	826,210170770903
4960	915,833707915451	854,94266162837	0			1084,16629208455	854,94266162837
5019	918,4096822204	911,680797163188	0			1081,5903177796	911,680797163188
5082	1077,28824553752	970,028852796428	0			922,71175446248	970,028852796428
5104	984,481545760168	947,397462610195	0			1015,51845423983	947,397462610195
5126	913,68860039271	953,695846876512	0			1086,31139960729	953,695846876512
5166	928,097644672887	963,544545661768	0			1071,90235532711	963,544545661768
5172	896,470530232583	941,612675378891	0			1103,52946976742	941,612675378891
5201	871,051263613166	932,735915824961	0			1128,94873638683	932,735915824961
5248	825,170645016118	919,582704619397	0			1174,82935498388	919,582704619397
5259	816,46273794361	921,241129041026	0			1183,53726205639	921,241129041026
5289	838,680677496427	969,279012449784	0			1161,31932250357	969,279012449784
5308	937,892974530982	972,992044646634	0			1062,10702546902	972,992044646634
5333	965,888869502576	977,799980996805	0			1034,11113049742	977,799980996805
5712	1234,40541881574	910,800852210653	0			765,594581184264	910,800852210653
5752	1055,64393472517	988,34254817488	0			944,356065274828	988,34254817488
5788	1055,64393472517	988,34254817488	0			944,356065274828	988,34254817488
5799	1010,88976993621	1018,63350091934	0			989,110230063791	1018,63350091934
5835	904,222959738499	953,333350153653	0			1095,7770402615	953,333350153653
5942	892,821784181759	912,978925928555	0			1107,17821581824	912,978925928555
5962	926,762531967364	899,162239933183	0			1073,23746803264	899,162239933183
5964	1023,11147250016	882,384205576503	0			976,888527499843	882,384205576503
5965	1136,66924865569	942,412316110774	0			863,330751344308	942,412316110774
5967	1068,1570255634	916,674521355339	0			931,842974436597	916,674521355339
5989	1073,37543767671	929,464956271609	0			926,624562323289	929,464956271609
6032	1161,27322531288	985,412368000887	0			838,726774687119	985,412368000887
6035	1143,84546489127	954,513686759318	0			856,154535108735	954,513686759318
6341	1230,59804971936	847,62984269214	0			769,401950280643	847,62984269214
6374	1230,59804971936	847,62984269214	0			769,401950280643	847,62984269214
6405	1048,90229350704	858,642843183674	0			951,097706492961	858,642843183674
6434	1084,39126316222	973,246115629363	0			915,608736837781	973,246115629363
6460	1164,11555609141	1041,59855051583	0			835,88444390859	1041,59855051583
6483	1088,97932013455	1016,42555491323	0			911,020679865445	1016,42555491323
6509	1196,05419808546	1063,02399063327	0			803,94580191454	1063,02399063327
6519	1098,17326559805	1022,57244439749	0			901,82673440195	1022,57244439749
6545	1045,36059567079	996,025554144924	0			954,63940432921	996,025554144924
6596	893,271377886949	924,252748615582	0			1106,72862211305	924,252748615582
6616	901,083597576724	939,319540012388	0			1098,91640242328	939,319540012388
6667	893,354600532142	924,527534847461	0			1106,64539946786	924,527534847461
6671	898,226161963672	952,95133296388	0			1101,77383803633	952,95133296388
6695	863,722175967898	956,38115899538	0			1136,2778240321	956,38115899538
6708	853,788425864258	970,665962584354	0			1146,21157413574	970,665962584354
6731	849,613780177171	970,940017038209	0			1150,38621982283	970,940017038209
6776	834,819172809769	961,070899881487	0			1165,18082719023	961,070899881487
6800	835,123899715039	953,985633642265	0			1164,87610028496	953,985633642265
6828	835,761522026218	947,766360481809	0			1164,23847797378	947,766360481809
6838	836,028898711907	945,158408068797	0			1163,97110128809	945,158408068797
6881	856,658719244641	953,964018859769	0			1143,34128075536	953,964018859769
6948	1030,08421698523	1036,92537906386	0			969,915783014768	1036,92537906386
7000	850,104806646946	1010,92191959289	0			1149,89519335305	1010,92191959289
7049	855,947396978977	1043,71363708693	0			1144,05260302102	1043,71363708693
7062	855,947396978977	1043,71363708693	0			1144,05260302102	1043,71363708693
7123	886,906813945027	977,657255567336	0			1113,09318605497	977,657255567336
7137	669,151252448704	1034,25150332932	0			1330,8487475513	1034,25150332932
7153	678,463369191827	1028,36533795304	0			1321,53663080817	1028,36533795304
7183	676,023674353207	1026,09734826942	0			1323,97632564679	1026,09734826942
7229	82,7408434425706	911,470983162946	0			1917,25915655743	911,470983162946
7243	187,645780789167	921,379691401526	0			1812,35421921083	921,379691401526
7269	55,3289091604428	915,028391380047	0			1944,67109083956	915,028391380047
7283	144,541592186009	940,153871312081	0			1855,45840781399	940,153871312081
7341	122,469279879438	944,420116919522	0			1877,53072012056	944,420116919522
7364	44,1252498705516	970,644662807638	0			1955,87475012945	970,644662807638
7376	99,6157855614713	971,572274972839	0			1900,38421443853	971,572274972839
7404	48,3085638114415	957,11260669842	0			1951,69143618856	957,11260669842
7419	155,40587911239	961,078215249557	0			1844,59412088761	961,078215249557
7460	94,6652265383802	948,354527803376	0			1905,33477346162	948,354527803376
7495	-1,06026647385694	937,102562094061	0			2001,06026647386	937,102562094061
7507	-14,0592605936489	935,675333515852	0			2014,05926059365	935,675333515852
7537	549,467170388284	1053,58754726345	0			1450,53282961172	1053,58754726345
7558	800,872092410026	1009,28232588417	0			1199,12790758997	1009,28232588417
7583	782,923738384578	1031,43910232623	0			1217,07626161542	1031,43910232623
7596	720,65926431268	1055,41780420812	0			1279,34073568732	1055,41780420812
7629	722,872777874733	1053,86250670095	0			1277,12722212527	1053,86250670095
7646	754,858330968646	1045,57937199561	0			1245,14166903135	1045,57937199561
7676	717,401887388781	1054,37690155393	0			1282,59811261122	1054,37690155393
7692	758,17369934105	1047,62520991923	0			1241,82630065895	1047,62520991923
7726	722,142429616558	1055,64542676659	0			1277,85757038344	1055,64542676659
7737	754,21981693096	1065,11837583677	0			1245,78018306904	1065,11837583677
7814	714,798137204756	1051,3256062588	0			1285,20186279524	1051,3256062588
7820	712,769522474575	1056,62128706396	0			1287,23047752543	1056,62128706396
7843	729,245682800767	1051,37102083285	0			1270,75431719923	1051,37102083285
7859	961,832424462257	1068,26212686903	0			1038,16757553774	1068,26212686903
7869	933,933261294802	1065,67426714045	0			1066,0667387052	1065,67426714045
7899	951,799198416119	1066,43662644086	0			1048,20080158388	1066,43662644086
7965	873,915992861999	1065,99272667123	0			1126,084007138	1065,99272667123
7969	868,490806196995	1066,55327828133	0			1131,50919380301	1066,55327828133
8018	865,553144109804	1068,10263873884	0			1134,4468558902	1068,10263873884
8026	862,40587149684	1067,04974011742	0			1137,59412850316	1067,04974011742
8040	758,188993098154	1038,80616817102	0			1241,81100690185	1038,80616817102
8057	770,295741815657	1042,73997122718	0			1229,70425818434	1042,73997122718
8090	766,961874326674	1043,38978496805	0			1233,03812567333	1043,38978496805
8103	748,68135716921	1036,59758929385	0			1251,31864283079	1036,59758929385
8126	745,730710908585	1033,91639632367	0			1254,26928909142	1033,91639632367
8138	748,778840937109	1033,69493283642	0			1251,22115906289	1033,69493283642
8171	747,527950379909	1032,6350607266	0			1252,47204962009	1032,6350607266
8188	749,649978296883	1028,61765602885	0			1250,35002170312	1028,61765602885
8228	772,688266836234	1018,65578639757	0			1227,31173316377	1018,65578639757
8264	870,977126747089	963,921859456851	0			1129,02287325291	963,921859456851
8576	1151,4662659284	679,525436658065	0			848,533734071602	679,525436658065
8858	799,463796615601	428,318319957641	0			1200,5362033844	428,318319957641
8933	522,887946564017	644,540260697945	0			1477,11205343598	644,540260697945
8994	779,360008857011	431,575622695647	0			1220,63999114299	431,575622695647
9027	718,89832572984	482,709144626846	0			1281,10167427016	482,709144626846
9039	693,984773393716	503,778979419301	0			1306,01522660628	503,778979419301
9096	719,892373704787	435,022390275997	0			1280,10762629521	435,022390275997
9144	727,794217227677	396,37003899844	0			1272,20578277232	396,37003899844
9165	678,426450412731	438,646617063332	0			1321,57354958727	438,646617063332
9248	730,693291228952	455,930243018809	0			1269,30670877105	455,930243018809
9296	628,802154442253	499,661922435236	0			1371,19784555775	499,661922435236
9347	557,062445024505	688,229074337305	0			1442,9375549755	688,229074337305
9427	671,261409031149	407,285842146044	0			1328,73859096885	407,285842146044
9441	767,67167428576	406,797097299382	0			1232,32832571424	406,797097299382
9704	663,448672001416	391,3643577456	0			1336,55132799858	391,3643577456
9780	893,938162103054	230,392983287178	1	1106,06183789695	230,392983287178
9896	793,772626463264	491,003237244713	0			1206,22737353674	491,003237244713
9927	1121,0102957815	138,334520458059	1	878,989704218497	138,334520458059
9960	1081,00112196861	166,968284109125	1	918,998878031389	166,968284109125
