10	825,259875942588	690,785686790206	0			1174,74012405741	690,785686790206
38	1292,05548361698	655,396178309436	0			707,944516383025	655,396178309436
55	1456,54435916709	642,925669596423	0			543,455640832909	642,925669596423
133	1550,86822227137	635,774680929063	0			449,131777728635	635,774680929063
484	163,929526319782	18,5168517459111	0			1836,07047368022	18,5168517459111
497	565,91638855178	24,5276753330889	1	1434,08361144822	24,5276753330889
581	8,33259967357986	125,776338224805	0			1991,66740032642	125,776338224805
599	244,296766794407	284,326591793508	1	1755,70323320559	284,326591793508
626	821,802438224481	534,50208356322	0			1178,19756177552	534,50208356322
640	749,440656604935	487,267253179296	0			1250,55934339507	487,267253179296
663	716,55891508715	475,434428307192	0			1283,44108491285	475,434428307192
713	690,544451684739	416,252713029075	0			1309,45554831526	416,252713029075
727	675,823080238499	423,415049708226	0			1324,1769197615	423,415049708226
756	398,944851700063	379,748191783274	0			1601,05514829994	379,748191783274
769	151,218685242364	332,05888680375	0			1848,78131475764	332,05888680375
821	203,097381117599	346,542598046859	0			1796,9026188824	346,542598046859
849	117,186792664667	365,939803277234	0			1882,81320733533	365,939803277234
886	236,246215015912	334,016070689673	1	1763,75378498409	334,016070689673
910	221,331227304495	343,84121545296	0			1778,6687726955	343,84121545296
938	226,374324771731	328,122486186043	1	1773,62567522827	328,122486186043
951	149,593839282554	343,139864665921	0			1850,40616071745	343,139864665921
999	83,6054506056081	366,097738040856	0			1916,39454939439	366,097738040856
1044	51,3538798488026	355,796165805204	0			1948,6461201512	355,796165805204
1076	17,6332741901649	333,12632696601	0			1982,36672580984	333,12632696601
1115	55,9146834343873	295,231060595355	0			1944,08531656561	295,231060595355
1159	434,2699997513	525,171891970412	0			1565,7300002487	525,171891970412
1177	471,224068397192	564,734625345544	0			1528,77593160281	564,734625345544
1207	558,055807910204	540,913990384079	0			1441,9441920898	540,913990384079
1252	177,826357068517	312,375303990094	1	1822,17364293148	312,375303990094
1293	28,4065693025482	174,373791997722	0			1971,59343069745	174,373791997722
1313	47,8465848756068	176,198124270307	0			1952,15341512439	176,198124270307
1343	30,8608652938015	191,395079233593	0			1969,1391347062	191,395079233593
1354	-74,773776272679	285,90534609142	0			2074,77377627268	285,90534609142
1385	-86,5278739472684	221,381277371518	0			2086,52787394727	221,381277371518
1403	-79,8795713566511	177,229428282463	0			2079,87957135665	177,229428282463
1448	116,966602762239	219,671745653801	0			1883,03339723776	219,671745653801
1478	86,8393657157904	223,93690206186	0			1913,16063428421	223,93690206186
1496	140,851019049611	238,547143575661	0			1859,14898095039	238,547143575661
1536	120,640822901374	293,133867009898	0			1879,35917709863	293,133867009898
1560	268,502233664285	331,505312701703	1	1731,49776633572	331,505312701703
1586	315,232832788089	306,003230536391	1	1684,76716721191	306,003230536391
1619	263,879310455198	234,573247060607	1	1736,1206895448	234,573247060607
1632	345,554636128945	269,45153550829	1	1654,44536387106	269,45153550829
1659	330,492142961645	342,673191055094	0			1669,50785703835	342,673191055094
1671	439,717157188661	346,780974830783	0			1560,28284281134	346,780974830783
1702	362,426375093758	346,41365165366	0			1637,57362490624	346,41365165366
1751	417,110145767442	397,381443056184	0			1582,88985423256	397,381443056184
1791	398,09452527417	443,675262975843	0			1601,90547472583	443,675262975843
1833	312,381051714688	442,608780216641	0			1687,61894828531	442,608780216641
1924	420,769651345065	553,309053751024	0			1579,23034865494	553,309053751024
1952	420,769651345065	553,309053751024	0			1579,23034865494	553,309053751024
1970	117,547964315496	281,287500443007	0			1882,4520356845	281,287500443007
1985	-4,55388315847321	152,895761845434	0			2004,55388315847	152,895761845434
2017	34,8593593410343	156,025834769216	0			1965,14064065897	156,025834769216
2061	852,981966308501	348,770425534314	0			1147,0180336915	348,770425534314
2084	826,537451751371	338,54425044934	0			1173,46254824863	338,54425044934
2108	623,030497292723	320,519890388952	1	1376,96950270728	320,519890388952
2124	738,097755668957	341,027573518616	0			1261,90224433104	341,027573518616
2149	704,744958112857	378,506517261036	0			1295,25504188714	378,506517261036
2163	789,87160358145	424,275992627761	0			1210,12839641855	424,275992627761
2196	646,648972364521	251,983078463266	1	1353,35102763548	251,983078463266
2210	633,063696800024	231,224766012886	1	1366,93630319998	231,224766012886
2240	621,470703556166	212,162896503922	1	1378,52929644383	212,162896503922
2258	674,935726961273	249,520325804518	1	1325,06427303873	249,520325804518
2295	740,671217879013	271,278352861384	1	1259,32878212099	271,278352861384
2299	820,357551116959	133,583765289168	1	1179,64244888304	133,583765289168
2345	1142,40001436613	131,206068505561	1	857,599985633865	131,206068505561
2379	1173,71897750348	139,345304228646	1	826,281022496525	139,345304228646
2399	1160,47358089432	131,912249827477	1	839,526419105682	131,912249827477
2648	166,365243856189	107,790006021146	1	1833,63475614381	107,790006021146
2670	1018,11466155315	42,6197497065413	1	981,885338446855	42,6197497065413
2697	962,443832492175	109,980320221149	1	1037,55616750783	109,980320221149
2751	944,278112046656	252,346082944922	1	1055,72188795334	252,346082944922
2836	913,495633517268	71,04116354209	1	1086,50436648273	71,04116354209
2843	1040,32071944176	87,7952159722847	1	959,679280558245	87,7952159722847
2886	956,989878768889	345,090098430625	0			1043,01012123111	345,090098430625
2979	935,343266459345	328,488880264042	1	1064,65673354066	328,488880264042
3022	914,720820454718	167,32759380433	1	1085,27917954528	167,32759380433
3065	1608,9036794664	165,148239820101	1	391,096320533596	165,148239820101
3108	1898,09554510518	164,240335747846	0			101,904454894822	164,240335747846
3158	1543,13013339364	271,084310705658	1	456,869866606356	271,084310705658
3199	1646,71900399495	270,109194272905	0			353,280996005055	270,109194272905
3247	1861,73115455603	230,426915349313	0			138,268845443973	230,426915349313
3286	1227,02997939921	399,78494537562	0			772,970020600788	399,78494537562
3365	1095,5745758748	340,602733016601	0			904,425424125202	340,602733016601
3431	1089,33190404404	373,228856803171	0			910,668095955957	373,228856803171
3457	1082,91567756874	377,23949291769	0			917,08432243126	377,23949291769
3472	1079,21800335634	379,550824319886	0			920,781996643659	379,550824319886
3516	1077,38360022048	367,406567588645	0			922,616399779521	367,406567588645
3589	1009,10759095621	208,016486934017	1	990,892409043791	208,016486934017
3873	34,4147419852346	94,837728871118	0			1965,58525801477	94,837728871118
3879	34,4147419852346	94,837728871118	0			1965,58525801477	94,837728871118
3936	659,502079506995	120,160201271977	1	1340,49792049301	120,160201271977
3967	861,593908602067	155,465642576207	1	1138,40609139793	155,465642576207
4008	965,123553723579	164,553296994251	1	1034,87644627642	164,553296994251
4038	1054,7630658747	306,097137945418	1	945,2369341253	306,097137945418
4068	1066,07253568924	323,955175748794	1	933,927464310762	323,955175748794
4100	1106,18896484375	387,300382918175	0			893,81103515625	387,300382918175
4148	1060,8012727117	415,679431773334	0			939,198727288301	415,679431773334
4188	995,835353647705	429,060359862442	0			1004,1646463523	429,060359862442
4234	1011,89416819986	422,392323796578	0			988,105831800141	422,392323796578
4333	1431,45744052134	331,287366818195	1	568,542559478661	331,287366818195
4354	971,188917437803	433,630137638125	0			1028,8110825622	433,630137638125
4386	943,184993200324	457,957790484548	0			1056,81500679968	457,957790484548
4400	923,950130451163	473,350023379165	0			1076,04986954884	473,350023379165
4419	872,493754477548	476,70650547877	0			1127,50624552245	476,70650547877
4457	984,784660939659	549,549587666372	0			1015,21533906034	549,549587666372
4488	873,709507539118	535,580775012547	0			1126,29049246088	535,580775012547
4502	899,212259218918	543,991727223071	0			1100,78774078108	543,991727223071
4548	724,017922951592	556,644164714794	0			1275,98207704841	556,644164714794
4607	724,780179613231	554,051594103882	0			1275,21982038677	554,051594103882
4624	736,27367235696	555,888065873135	0			1263,72632764304	555,888065873135
4638	763,182428457527	555,313798257735	0			1236,81757154247	555,313798257735
4669	725,429053159796	549,977061274051	0			1274,5709468402	549,977061274051
4691	716,235557576333	550,288580790489	0			1283,76444242367	550,288580790489
4711	811,962353488186	537,593396022123	0			1188,03764651181	537,593396022123
4774	910,860742157721	524,283434297623	0			1089,13925784228	524,283434297623
4803	1092,12224657048	552,033179207605	0			907,877753429523	552,033179207605
4837	1203,99636583091	653,591204936481	0			796,003634169091	653,591204936481
4862	1191,26552495724	622,543683440711	0			808,734475042762	622,543683440711
4870	1183,4705982892	620,731612784716	0			816,529401710803	620,731612784716
4913	1292,97072702784	470,431038875375	0			707,029272972162	470,431038875375
4949	1363,49647107225	197,253095705489	1	636,503528927751	197,253095705489
4985	1107,60549627839	70,5394578897923	1	892,394503721608	70,5394578897923
5044	1057,94785165825	24,163851138645	1	942,052148341751	24,163851138645
5084	872,068307623508	90,8839152452292	1	1127,93169237649	90,8839152452292
5120	1005,77075645715	191,681199674682	1	994,229243542854	191,681199674682
5136	1034,74109968487	301,395986026676	1	965,258900315133	301,395986026676
5165	1049,89862084091	299,140609009992	1	950,101379159089	299,140609009992
5211	1120,22105956165	285,468579642902	1	879,778940438352	285,468579642902
5236	1173,39256635238	317,143818162893	1	826,607433647621	317,143818162893
5252	1206,88374093857	338,346848498549	0			793,116259061427	338,346848498549
5269	1165,72160013341	320,161567218988	1	834,278399866592	320,161567218988
5304	1121,65628202396	268,59675749771	1	878,343717976044	268,59675749771
5320	1139,89572459209	246,931436297379	1	860,104275407915	246,931436297379
5358	1193,04460761363	255,325704586201	1	806,95539238637	255,325704586201
5378	1202,35301762768	271,446699223305	1	797,646982372318	271,446699223305
5402	1232,30145615017	278,993180411061	1	767,698543849827	278,993180411061
5436	1245,34377547473	321,28368117145	1	754,656224525274	321,28368117145
5451	1288,92342621401	351,494073589186	0			711,076573785991	351,494073589186
5494	1226,64093230953	310,119479292332	1	773,359067690473	310,119479292332
5526	1217,89879409231	305,270497094489	1	782,101205907694	305,270497094489
5539	1196,40598282315	314,678429789441	1	803,594017176846	314,678429789441
5569	1038,41766063739	364,888450438549	0			961,582339362613	364,888450438549
5587	981,441448672967	374,794570102691	0			1018,55855132703	374,794570102691
5612	994,841087590651	357,266812949372	0			1005,15891240935	357,266812949372
5664	1025,03292372654	329,586777817369	1	974,967076273463	329,586777817369
5685	1034,31187309957	318,22009494406	1	965,688126900429	318,22009494406
5705	1205,49999002764	152,076485987595	1	794,500009972357	152,076485987595
6030	1863,32265119337	164,349273043516	0			136,677348806634	164,349273043516
6062	1371,40520706917	263,53460536898	1	628,594792930825	263,53460536898
6108	1089,15871702189	242,171129304955	1	910,841282978114	242,171129304955
6134	915,255777995429	241,519964094287	1	1084,74422200457	241,519964094287
6167	884,474733179805	259,979016970234	1	1115,5252668202	259,979016970234
6211	936,819168330045	294,506452576114	1	1063,18083166996	294,506452576114
6222	1250,670545625	344,169459820359	0			749,329454375004	344,169459820359
6248	1276,28685622494	364,157501730038	0			723,713143775062	364,157501730038
6267	1319,16628091565	357,747300472811	0			680,83371908435	357,747300472811
6304	1317,5495847295	370,813801788491	0			682,450415270502	370,813801788491
6335	1397,67335887398	341,633507155068	0			602,32664112602	341,633507155068
6350	1370,98407885584	350,911630473742	0			629,015921144161	350,911630473742
6392	1420,37539676154	331,906510316611	1	579,62460323846	331,906510316611
6426	1405,84220093462	336,043743785925	1	594,157799065381	336,043743785925
6446	1387,9953265125	353,238603283374	0			612,004673487505	353,238603283374
6465	1412,02782112585	340,111210210702	0			587,972178874154	340,111210210702
6487	1482,89624112316	337,203906879356	0			517,103758876835	337,203906879356
6574	1334,63270898225	371,539979282116	0			665,367291017754	371,539979282116
6619	1201,36375056887	347,427194471769	0			798,636249431129	347,427194471769
6652	1043,08386906869	331,540101120816	1	956,916130931308	331,540101120816
6671	1024,63947203926	332,835149046861	1	975,360527960743	332,835149046861
6732	1002,10603202088	328,104504976071	1	997,89396797912	328,104504976071
6765	965,056809348108	330,654094145039	1	1034,94319065189	330,654094145039
6768	980,706845593485	350,535858481798	0			1019,29315440651	350,535858481798
6789	1016,08347542483	362,221913324893	0			983,916524575171	362,221913324893
6798	1033,52151192988	356,888947817744	0			966,478488070117	356,888947817744
6848	1065,02976628202	345,91558584222	0			934,970233717977	345,91558584222
6878	1123,16365928561	325,160926575616	1	876,836340714389	325,160926575616
6898	1384,53572887205	412,26822319507	0			615,464271127951	412,26822319507
6917	1398,64055562235	419,272725534128	0			601,35944437765	419,272725534128
7004	1372,69934990645	501,160152493369	0			627,300650093548	501,160152493369
7023	1372,69934990645	501,160152493369	0			627,300650093548	501,160152493369
7054	1259,54570091272	555,503332784059	0			740,454299087278	555,503332784059
7067	1259,72830798439	553,939218994523	0			740,271692015607	553,939218994523
7098	1367,32102868699	516,057351061698	0			632,678971313015	516,057351061698
7120	1369,99692005862	515,389194420376	0			630,003079941383	515,389194420376
7149	1227,0990300777	600,91393201727	0			772,900969922298	600,91393201727
7172	1121,86757686056	605,825274581253	0			878,132423139438	605,825274581253
7200	1269,02218441594	633,464990795261	0			730,977815584064	633,464990795261
7215	1223,35087617532	627,464321686743	0			776,64912382468	627,464321686743
7254	1269,34332499901	549,852966405014	0			730,656675000994	549,852966405014
7259	1339,00978164864	541,888095305388	0			660,990218351362	541,888095305388
7295	1336,76118867982	540,638044281382	0			663,238811320177	540,638044281382
7321	1322,62924016478	554,917016834488	0			677,37075983522	554,917016834488
7338	1320,00826390505	551,025320963964	0			679,991736094951	551,025320963964
7371	1342,33397078616	537,580817408352	0			657,666029213837	537,580817408352
7387	1354,37699269375	537,300757317844	0			645,623007306252	537,300757317844
7415	1349,87969907229	530,969100266471	0			650,120300927712	530,969100266471
7458	1308,20151943618	541,096631767757	0			691,79848056382	541,096631767757
7504	1235,57240763549	542,303772345874	0			764,427592364511	542,303772345874
7528	1264,86413902606	500,709179191381	0			735,135860973942	500,709179191381
7681	714,415259500152	349,661922930149	0			1285,58474049985	349,661922930149
7834	944,539832451583	179,080029967408	1	1055,46016754842	179,080029967408
7923	1824,1232270176	550,471124201227	0			175,876772982403	550,471124201227
7958	1294,35023829389	643,602514886454	0			705,649761706108	643,602514886454
7970	1271,9262033864	646,673995975606	0			728,073796613602	646,673995975606
7999	1242,89171152665	643,395559224754	0			757,108288473348	643,395559224754
8054	1171,3095169635	602,117107102238	0			828,690483036498	602,117107102238
8087	1206,1565260558	630,306786646999	0			793,843473944203	630,306786646999
8140	1146,79759903243	596,215409044634	0			853,202400967572	596,215409044634
8158	1052,94048857316	569,18796058957	0			947,059511426837	569,18796058957
8226	1000,04344245645	551,559678664924	0			999,95655754355	551,559678664924
8273	1126,09118612839	612,567420164515	0			873,908813871612	612,567420164515
8320	1140,70998570324	610,200075102775	0			859,290014296763	610,200075102775
8361	1149,46634556912	636,006004436912	0			850,533654430883	636,006004436912
8409	919,475738825474	729,52411601461	0			1080,52426117453	729,52411601461
8423	959,919150627494	753,480907109602	0			1040,08084937251	753,480907109602
8450	928,813746265329	661,416212356869	0			1071,18625373467	661,416212356869
8496	948,721581443736	624,075852246184	0			1051,27841855626	624,075852246184
8543	957,216646756169	622,778909424684	0			1042,78335324383	622,778909424684
8552	892,551133239154	564,880645903335	0			1107,44886676085	564,880645903335
8595	953,795357038967	527,20450024382	0			1046,20464296103	527,20450024382
8615	953,360223494382	525,482321196478	0			1046,63977650562	525,482321196478
8646	945,584137071382	526,823402273164	0			1054,41586292862	526,823402273164
8670	944,039421345057	528,130165644497	0			1055,96057865494	528,130165644497
8692	1095,47352756367	467,243373992817	0			904,526472436334	467,243373992817
8762	973,168640346059	481,787080220496	0			1026,83135965394	481,787080220496
8808	891,418071857934	530,27635431409	0			1108,58192814207	530,27635431409
8853	967,122300066482	485,720067809053	0			1032,87769993352	485,720067809053
8868	1027,76880883022	435,388769338587	0			972,231191169777	435,388769338587
8902	974,807780977263	409,338029613256	0			1025,19221902274	409,338029613256
8917	995,715189951517	394,579636915535	0			1004,28481004848	394,579636915535
8952	980,144618095508	437,473930436811	0			1019,85538190449	437,473930436811
8958	958,891285657402	490,477023810068	0			1041,1087143426	490,477023810068
9003	1058,46252105071	432,792983399048	0			941,537478949292	432,792983399048
9061	1065,90293606812	476,616430649189	0			934,097063931885	476,616430649189
9103	1003,61538157278	502,581034523399	0			996,384618427223	502,581034523399
9142	1010,57446236574	434,091807149368	0			989,425537634257	434,091807149368
9499	1210,4955580628	163,154044437561	1	789,504441937197	163,154044437561
9663	861,474322964073	892,974621420143	0			1138,52567703593	892,974621420143
9764	892,384619851714	1059,88886514532	0			1107,61538014829	1059,88886514532
9802	892,384619851714	1059,88886514532	0			1107,61538014829	1059,88886514532
9841	899,98541863288	1059,49541515779	0			1100,01458136712	1059,49541515779
9888	903,222468601461	1059,32785154949	0			1096,77753139854	1059,32785154949
9933	943,165395792248	894,29651955508	0			1056,83460420775	894,29651955508
