22	1036,11165634529	392,371859873327	0			963,888343654711	392,371859873327
59	1007,94399204646	373,920951718951	0			992,056007953544	373,920951718951
79	1002,58577380061	384,307389773043	0			997,414226199388	384,307389773043
169	1104,07485715008	361,454752875481	0			895,925142849919	361,454752875481
214	1104,90179956924	344,154667147339	0			895,098200430762	344,154667147339
229	1104,90179956924	344,154667147339	0			895,098200430762	344,154667147339
262	966,091801203237	319,301433764252	1	1033,90819879676	319,301433764252
607	1281,70422797836	316,635114889148	1	718,295772021642	316,635114889148
630	1059,41455896618	330,413860637747	1	940,585441033817	330,413860637747
659	1187,70744675524	350,274745722557	0			812,292553244758	350,274745722557
672	1312,41234564798	367,256682125378	0			687,587654352024	367,256682125378
715	1345,54925617655	358,999776065291	0			654,450743823453	358,999776065291
721	1339,02122660744	364,929388556617	0			660,97877339256	364,929388556617
757	1107,4088009631	516,22255229778	0			892,591199036901	516,22255229778
797	1076,45659570157	441,06393651246	0			923,543404298433	441,06393651246
819	1033,70685165642	420,821316928606	0			966,293148343577	420,821316928606
848	835,980054112607	577,489247989585	0			1164,01994588739	577,489247989585
859	833,893121144253	591,035667815617	0			1166,10687885575	591,035667815617
887	1054,74587279535	334,930213781867	1	945,254127204651	334,930213781867
909	982,185915167821	258,448306735635	1	1017,81408483218	258,448306735635
934	1111,24565252804	223,260969874698	1	888,754347471961	223,260969874698
983	1102,57726964919	203,024922404724	1	897,422730350806	203,024922404724
994	893,974313121372	245,063823691067	1	1106,02568687863	245,063823691067
1087	939,247865524436	382,302176444034	0			1060,75213447556	382,302176444034
1089	824,083110126821	340,463199489712	0			1175,91688987318	340,463199489712
1122	820,933707404383	397,242107714078	0			1179,06629259562	397,242107714078
1130	630,645112636668	284,416906575922	1	1369,35488736333	284,416906575922
1146	678,603033702893	301,367348819716	1	1321,39696629711	301,367348819716
1169	709,114483742576	295,612800669687	1	1290,88551625742	295,612800669687
1189	652,146773893334	309,009192410141	1	1347,85322610667	309,009192410141
1215	660,313876445665	288,108893747554	1	1339,68612355433	288,108893747554
1236	804,812786540828	217,538659762682	1	1195,18721345917	217,538659762682
1253	793,448262936823	217,100222970833	1	1206,55173706318	217,100222970833
1268	752,683940234641	212,05285858966	1	1247,31605976536	212,05285858966
1280	677,342274535217	197,38564368334	1	1322,65772546478	197,38564368334
1298	664,827842916894	251,773708548903	1	1335,17215708311	251,773708548903
1339	654,672522658843	274,401019817171	1	1345,32747734116	274,401019817171
1355	648,074816044788	421,181433783162	0			1351,92518395521	421,181433783162
1382	674,871471830746	407,23274500815	0			1325,12852816925	407,23274500815
1426	672,820958722753	328,756854068892	1	1327,17904127725	328,756854068892
1521	1050,07153359817	181,707165330434	1	949,928466401826	181,707165330434
1540	629,413513381118	132,85630619282	1	1370,58648661888	132,85630619282
1557	705,844284347343	194,378274085238	1	1294,15571565266	194,378274085238
1561	762,002668979079	377,802008228686	0			1237,99733102092	377,802008228686
1581	778,841016096807	568,413183402644	0			1221,15898390319	568,413183402644
1592	764,541976154964	496,464599327609	0			1235,45802384504	496,464599327609
1607	758,804628147719	500,889682390887	0			1241,19537185228	500,889682390887
1646	728,689432725111	531,014314133531	0			1271,31056727489	531,014314133531
1654	688,879745236032	343,492537719344	0			1311,12025476397	343,492537719344
1684	696,251916384121	196,36537469884	1	1303,74808361588	196,36537469884
1696	730,531769510924	151,253697529745	1	1269,46823048908	151,253697529745
1731	939,382172966554	176,816965190994	1	1060,61782703345	176,816965190994
1742	885,074255499611	182,365843364805	1	1114,92574450039	182,365843364805
1785	970,897883965376	195,147584090737	1	1029,10211603462	195,147584090737
1817	913,721561337501	151,628855466264	1	1086,2784386625	151,628855466264
1839	906,601833386792	132,801516436834	1	1093,39816661321	132,801516436834
1880	904,230538068972	136,188469415415	1	1095,76946193103	136,188469415415
1883	899,046524434693	117,526028896925	1	1100,95347556531	117,526028896925
2407	92,8664321652508	-15,7903117618822	0			1907,13356783475	-15,7903117618822
2446	121,563226891181	67,8489939087396	0			1878,43677310882	67,8489939087396
2495	126,136161936057	65,7999063425254	0			1873,86383806394	65,7999063425254
2510	128,145621586772	64,8994870834103	0			1871,85437841323	64,8994870834103
2541	697,93247752612	117,271947392579	1	1302,06752247388	117,271947392579
2557	955,906416621612	121,281741605035	1	1044,09358337839	121,281741605035
2585	929,517533002248	135,526117633382	1	1070,48246699775	135,526117633382
2600	956,337939948212	134,758748864932	1	1043,66206005179	134,758748864932
2629	1065,11951790143	165,122062853282	1	934,880482098571	165,122062853282
2645	1060,85584858156	128,454146417378	1	939,144151418441	128,454146417378
2716	874,911312026676	176,62748252786	1	1125,08868797332	176,62748252786
2734	764,992980595297	101,729735439845	1	1235,0070194047	101,729735439845
2767	760,395386572432	95,1285922126215	1	1239,60461342757	95,1285922126215
2796	796,533340355486	114,578888797426	1	1203,46665964451	114,578888797426
2800	750,392104259523	105,26922452052	1	1249,60789574048	105,26922452052
2813	733,972418378877	171,247935755057	1	1266,02758162112	171,247935755057
2841	1001,116036782	503,227647422588	0			998,883963217997	503,227647422588
2855	801,053324468541	421,04429947061	0			1198,94667553146	421,04429947061
2869	778,212982659815	280,868458516912	1	1221,78701734019	280,868458516912
2916	792,430269144788	241,311768494911	1	1207,56973085521	241,311768494911
2949	704,108263915981	155,831086949072	1	1295,89173608402	155,831086949072
2968	618,344178018353	192,125935357436	1	1381,65582198165	192,125935357436
2990	557,116486795913	174,43465936487	1	1442,88351320409	174,43465936487
3007	533,441406473361	165,918011688641	1	1466,55859352664	165,918011688641
3033	528,491121518932	158,6014596689	1	1471,50887848107	158,6014596689
3054	645,149931551374	145,375706844876	1	1354,85006844863	145,375706844876
3090	727,390880668137	105,588127816797	1	1272,60911933186	105,588127816797
3108	640,069192467779	117,846343421174	1	1359,93080753222	117,846343421174
3144	596,18130359314	34,6412181696301	1	1403,81869640686	34,6412181696301
3212	763,26131728089	-88,2603447719878	0			1236,73868271911	-88,2603447719878
3311	642,158789773589	-52,026794922414	1	1357,84121022641	-52,026794922414
3343	722,692634064017	-78,566840389849	0			1277,30736593598	-78,566840389849
3362	722,692634064017	-78,566840389849	0			1277,30736593598	-78,566840389849
3396	-31,4372286276456	-124,865999176893	0			2031,43722862765	-124,865999176893
3437	-90,1815317291385	-138,003989111321	0			2090,18153172914	-138,003989111321
3451	-72,9566189824482	-122,259322351972	0			2072,95661898245	-122,259322351972
3484	-5,68119246060521	-105,800597189016	0			2005,68119246061	-105,800597189016
3500	518,259206439608	27,2238804144928	1	1481,74079356039	27,2238804144928
3539	80,1333317484916	-70,1991105341335	0			1919,86666825151	-70,1991105341335
3542	330,876958945705	-56,9294151585266	0			1669,12304105429	-56,9294151585266
3591	88,1832868284002	-86,8025169063205	0			1911,8167131716	-86,8025169063205
3615	437,994395212534	-19,6324091039065	1	1562,00560478747	-19,6324091039065
3637	410,879807229152	-23,54408959199	1	1589,12019277085	-23,54408959199
3670	423,412905976295	-48,1444522184749	1	1576,58709402371	-48,1444522184749
3713	384,962280207097	-67,6727771037157	0			1615,0377197929	-67,6727771037157
3757	377,190845452466	-56,0153936430752	0			1622,80915454753	-56,0153936430752
3799	176,682298777559	46,686664593734	1	1823,31770122244	46,686664593734
3841	201,865850415707	-52,65287011763	1	1798,13414958429	-52,65287011763
4264	1606,63967688107	391,592316880378	0			393,360323118932	391,592316880378
4309	1658,32061273766	399,035384388395	0			341,679387262338	399,035384388395
4349	1676,26235687828	430,107068460097	0			323,737643121721	430,107068460097
4380	1684,14500214907	443,758308918312	0			315,85499785093	443,758308918312
4396	1278,59075181563	408,833869596535	0			721,409248184374	408,833869596535
4443	1053,10220575475	329,666415175867	1	946,897794245251	329,666415175867
4487	1026,2784938457	320,275680195272	1	973,721506154297	320,275680195272
4514	991,349780055486	288,592937029086	1	1008,65021994451	288,592937029086
4533	935,81827847649	241,825859551218	1	1064,18172152351	241,825859551218
4561	827,702186321511	202,530248166515	1	1172,29781367849	202,530248166515
4581	827,081926557126	206,864637256745	1	1172,91807344287	206,864637256745
4609	635,588585819157	185,934505350005	1	1364,41141418084	185,934505350005
4654	703,01221320723	246,598325160154	1	1296,98778679277	246,598325160154
4702	695,78193539927	248,614989830927	1	1304,21806460073	248,614989830927
4816	675,75132123012	181,178044536834	1	1324,24867876988	181,178044536834
4818	672,599089184816	167,98269113202	1	1327,40091081518	167,98269113202
4822	826,674378841009	246,194846622186	1	1173,32562115899	246,194846622186
4824	814,684942340831	238,585762734599	1	1185,31505765917	238,585762734599
4837	660,342725316155	190,224544484521	1	1339,65727468385	190,224544484521
4854	637,581337576319	61,3759830897467	1	1362,41866242368	61,3759830897467
4876	495,0669810417	31,5172428282587	1	1504,9330189583	31,5172428282587
4898	406,197761026207	57,3880233258525	1	1593,80223897379	57,3880233258525
4937	411,294120310685	74,0232345835067	1	1588,70587968932	74,0232345835067
4972	384,255069761695	71,6948261278797	1	1615,7449302383	71,6948261278797
4985	356,348595251142	41,791539150025	1	1643,65140474886	41,791539150025
5022	318,0456952028	43,7822426879565	1	1681,9543047972	43,7822426879565
5618	627,477889076406	130,664080477456	1	1372,52211092359	130,664080477456
5657	590,58995910447	157,354304993846	1	1409,41004089553	157,354304993846
5746	818,270206142784	90,4866295891421	1	1181,72979385722	90,4866295891421
5790	693,461080507939	120,542136603788	1	1306,53891949206	120,542136603788
5852	735,928709416556	109,288081047257	1	1264,07129058344	109,288081047257
6507	340,802298240291	382,202198321265	0			1659,19770175971	382,202198321265
7203	799,258613586426	-87,3689200693643	0			1200,74138641357	-87,3689200693643
7225	-163,646828858212	201,059571079442	0			2163,64682885821	201,059571079442
7245	219,868438563045	97,1856580473171	1	1780,13156143696	97,1856580473171
7268	-40,8253314943449	145,003115003015	0			2040,82533149434	145,003115003015
7284	373,220905359949	72,530944963078	1	1626,77909464005	72,530944963078
7313	284,383924548987	114,645258737642	1	1715,61607545101	114,645258737642
7355	-59,3987714658288	225,846060390923	0			2059,39877146583	225,846060390923
7397	-114,918574193944	228,621058762975	0			2114,91857419394	228,621058762975
7413	-114,930992660669	228,543526229325	0			2114,93099266067	228,543526229325
7444	559,451879453432	245,523317599156	1	1440,54812054657	245,523317599156
7454	823,672830761071	268,77096417186	1	1176,32716923893	268,77096417186
7492	806,504222374583	270,977963943272	1	1193,49577762542	270,977963943272
7514	805,644046906537	274,201559130959	1	1194,35595309346	274,201559130959
7542	811,474538911148	221,187733007236	1	1188,52546108885	221,187733007236
7551	847,306778935947	148,97168728254	1	1152,69322106405	148,97168728254
7586	844,220514848213	111,594209994176	1	1155,77948515179	111,594209994176
7600	890,760380773495	156,014419441399	1	1109,23961922651	156,014419441399
7648	1095,0847631583	-32,8727765355538	1	904,915236841697	-32,8727765355538
7912	-14,1995821955906	-131,260906910858	0			2014,19958219559	-131,260906910858
7986	200,11970001517	-55,3510851658067	1	1799,88029998483	-55,3510851658067
7991	304,940713181294	13,3816454806093	1	1695,05928681871	13,3816454806093
8003	220,881040121296	-41,737559077183	1	1779,1189598787	-41,737559077183
8009	361,413193659185	57,9129105616612	1	1638,58680634081	57,9129105616612
8014	375,331014650195	69,5176882061443	1	1624,66898534981	69,5176882061443
8031	276,813466098946	75,4868805463072	1	1723,18653390105	75,4868805463072
8116	-211,324806583738	102,735126618406	0			2211,32480658374	102,735126618406
8169	-132,854138223099	13,2692905512001	0			2132,8541382231	13,2692905512001
8210	-210,215909321956	56,3755402834262	0			2210,21590932196	56,3755402834262
8254	-216,379025155368	21,8606065159913	0			2216,37902515537	21,8606065159913
8285	-189,26255309466	-9,9615830519878	0			2189,26255309466	-9,9615830519878
8297	709,020795919643	176,594500896795	1	1290,97920408036	176,594500896795
8317	1187,56194882681	-3,12172556488304	1	812,438051173192	-3,12172556488304
8342	1127,73462440996	53,9518734737857	1	872,26537559004	53,9518734737857
8363	963,383083262345	213,726097791405	1	1036,61691673765	213,726097791405
8406	1054,98856573924	193,973254580856	1	945,011434260759	193,973254580856
8446	911,296550799638	273,674118142249	1	1088,70344920036	273,674118142249
8453	961,768111505017	250,589329784395	1	1038,23188849498	250,589329784395
8499	968,502749601716	269,450077238623	1	1031,49725039828	269,450077238623
8557	1182,56293258059	291,308762800685	1	817,437067419415	291,308762800685
8582	1103,97513577447	325,249422724377	1	896,024864225529	325,249422724377
8626	1077,54057684784	359,591413869712	0			922,459423152161	359,591413869712
8715	1471,00972295965	225,949440704405	1	528,990277040352	225,949440704405
8762	1481,96525697183	252,748793014687	1	518,034743028165	252,748793014687
8791	1481,96525697183	252,748793014687	1	518,034743028165	252,748793014687
8810	933,138543966128	297,526949156543	1	1066,86145603387	297,526949156543
8844	752,907538752282	298,401884937264	1	1247,09246124772	298,401884937264
8855	869,962328462151	286,694797665822	1	1130,03767153785	286,694797665822
8909	1230,52270824032	91,7790671404938	1	769,477291759678	91,7790671404938
8988	864,353177462581	277,873993840184	1	1135,64682253742	277,873993840184
9033	864,353177462581	277,873993840184	1	1135,64682253742	277,873993840184
9080	1568,6164001177	240,649813686733	1	431,383599882298	240,649813686733
9170	1825,65594028115	90,9070985596013	0			174,344059718851	90,9070985596013
9202	623,352248306027	404,900722224151	0			1376,64775169397	404,900722224151
9213	623,352248306027	404,900722224151	0			1376,64775169397	404,900722224151
9562	47,3111347087379	63,0025822558445	0			1952,68886529126	63,0025822558445
9614	1077,74805852896	64,1955012968972	1	922,251941471038	64,1955012968972
9653	978,349361449417	238,593980946449	1	1021,65063855058	238,593980946449
9667	961,469988495445	273,854586792844	1	1038,53001150456	273,854586792844
9680	960,234402246107	246,015296058463	1	1039,76559775389	246,015296058463
9711	949,880434082471	215,330890414974	1	1050,11956591753	215,330890414974
9749	956,362232820005	196,390000394769	1	1043,63776717999	196,390000394769
9798	1039,82217329492	161,211272501081	1	960,177826705075	161,211272501081
9816	1040,9698984537	133,937000374853	1	959,030101546297	133,937000374853
9850	1012,48248918039	199,083074606053	1	987,517510819607	199,083074606053
9918	893,980679993107	568,643925953874	0			1106,01932000689	568,643925953874
9945	392,68956847947	406,712800270785	0			1607,31043152053	406,712800270785
9967	604,984172443233	494,682561364612	0			1395,01582755677	494,682561364612
9990	400,614279920078	425,041713561967	0			1599,38572007992	425,041713561967
10011	616,490835535397	513,042902853129	0			1383,5091644646	513,042902853129
