54	-175,192073093649	48,0555421453025	0			2175,19207309365	48,0555421453025
97	-156,990243856189	59,1556020264719	0			2156,99024385619	59,1556020264719
114	-156,990243856189	59,1556020264719	0			2156,99024385619	59,1556020264719
144	-158,282914755028	62,2606041284238	0			2158,28291475503	62,2606041284238
1554	1072,05496482479	210,077266366878	1	927,945035175212	210,077266366878
1713	1072,05496482479	210,077266366878	1	927,945035175212	210,077266366878
2460	545,414442537672	545,350936363137	0			1454,58555746233	545,350936363137
2545	433,126011326861	387,521622398399	0			1566,87398867314	387,521622398399
2630	125,392126188309	923,945927261436	0			1874,60787381169	923,945927261436
2676	453,004786420409	520,917190673479	0			1546,99521357959	520,917190673479
2718	248,272350343351	766,862231236897	0			1751,72764965665	766,862231236897
2770	312,848592720678	659,794388559487	0			1687,15140727932	659,794388559487
2815	442,025887343651	498,530447022364	0			1557,97411265635	498,530447022364
2885	446,721799782565	494,446691774756	0			1553,27820021744	494,446691774756
2906	308,42144745792	460,475965844977	0			1691,57855254208	460,475965844977
2946	263,964952085033	455,70343568608	0			1736,03504791497	455,70343568608
3174	-147,062253489078	285,388037488527	0			2147,06225348908	285,388037488527
3224	-147,062253489078	285,388037488527	0			2147,06225348908	285,388037488527
3262	206,782414961088	785,552465867712	0			1793,21758503891	785,552465867712
3348	184,655050629551	936,686098355504	0			1815,34494937045	936,686098355504
3396	179,305171040655	1004,30791304739	0			1820,69482895934	1004,30791304739
3442	139,39393497745	1028,67451397752	0			1860,60606502255	1028,67451397752
3493	152,194915111193	1048,3214130063	0			1847,80508488881	1048,3214130063
3530	198,959231647755	1071,03927270677	0			1801,04076835225	1071,03927270677
3573	255,590135018828	1003,37069333379	0			1744,40986498117	1003,37069333379
3618	269,547872040844	979,812082783932	0			1730,45212795916	979,812082783932
3684	236,822947237234	935,829653516486	0			1763,17705276277	935,829653516486
3716	223,059358565939	914,260256858034	0			1776,94064143406	914,260256858034
3750	178,916726950879	592,173256479397	0			1821,08327304912	592,173256479397
3785	62,8421756780236	438,677976217363	0			1937,15782432198	438,677976217363
3802	180,851747303587	412,273670525231	0			1819,14825269641	412,273670525231
3835	192,141539011415	569,006403062839	0			1807,85846098859	569,006403062839
3854	535,569502147834	468,585780282588	0			1464,43049785217	468,585780282588
3876	485,532775229749	496,472196256145	0			1514,46722477025	496,472196256145
3891	727,443484822322	432,294978701199	0			1272,55651517768	432,294978701199
3940	599,732839459789	458,810989104703	0			1400,26716054021	458,810989104703
3968	225,915524459935	497,964124733873	0			1774,08447554006	497,964124733873
3985	270,264052373514	485,214312390102	0			1729,73594762649	485,214312390102
4013	404,065839871361	414,539974325065	0			1595,93416012864	414,539974325065
4023	920,990734344807	272,024075009243	1	1079,00926565519	272,024075009243
4072	611,686499256809	326,428733428127	1	1388,31350074319	326,428733428127
4109	378,893056309584	300,896940853626	1	1621,10694369042	300,896940853626
4125	387,945070355576	297,195103551485	1	1612,05492964442	297,195103551485
4164	222,932067265814	147,650638406507	1	1777,06793273419	147,650638406507
4557	324,94880157767	13,7233611688343	1	1675,05119842233	13,7233611688343
4571	324,94880157767	13,7233611688343	1	1675,05119842233	13,7233611688343
4600	203,413212825007	60,7895089231832	1	1796,58678717499	60,7895089231832
4714	971,540551046723	19,1447028071795	1	1028,45944895328	19,1447028071795
4749	971,540551046723	19,1447028071795	1	1028,45944895328	19,1447028071795
4791	998,377718040951	30,1541877828813	1	1001,62228195905	30,1541877828813
5186	329,633970785295	-167,954899745637	0			1670,3660292147	-167,954899745637
5231	545,601024442506	-170,925910815301	0			1454,39897555749	-170,925910815301
6822	1047,66606698144	-49,126844284019	1	952,333933018558	-49,126844284019
6865	652,869936254804	162,627416398124	1	1347,1300637452	162,627416398124
6948	67,9664587125809	-125,94480051553	0			1932,03354128742	-125,94480051553
6980	338,532562928699	245,86230284591	1	1661,4674370713	245,86230284591
7032	343,277534191892	233,979424336934	1	1656,72246580811	233,979424336934
7041	524,83751259111	47,0254497532913	1	1475,16248740889	47,0254497532913
7045	443,693243831698	-12,3451310605296	1	1556,3067561683	-12,3451310605296
7060	527,73269474767	5,44552472648716	1	1472,26730525233	5,44552472648716
7130	347,12399510173	-21,7660371696029	1	1652,87600489827	-21,7660371696029
7533	1856,91091790554	-80,9233655396249	0			143,089082094458	-80,9233655396249
7576	1870,98139790655	-118,976198589612	0			129,018602093447	-118,976198589612
7623	1876,19480699688	-133,299460322253	0			123,805193003115	-133,299460322253
7674	1808,9282923759	-153,245450493923	0			191,071707624103	-153,245450493923
7711	1778,96329515574	-159,126197695137	0			221,036704844256	-159,126197695137
7759	1778,96329515574	-159,126197695137	0			221,036704844256	-159,126197695137
7848	1778,96329515574	-159,126197695137	0			221,036704844256	-159,126197695137
7931	117,828665427791	-5,78309088926283	0			1882,17133457221	-5,78309088926283
8153	117,828665427791	-5,78309088926283	0			1882,17133457221	-5,78309088926283
8512	154,882733490089	-109,459677706916	0			1845,11726650991	-109,459677706916
8573	1303,75605215918	-93,0176375547009	0			696,243947840817	-93,0176375547009
8627	1004,76265817784	266,364176652454	1	995,237341822158	266,364176652454
8661	1058,18080927556	283,990601059515	1	941,819190724438	283,990601059515
8694	1081,70280579996	291,752170584488	1	918,29719420004	291,752170584488
8742	558,340878779834	347,919394826632	0			1441,65912122017	347,919394826632
8755	832,289074772718	329,8774128359	1	1167,71092522728	329,8774128359
8782	685,826141818122	350,207054074347	0			1314,17385818188	350,207054074347
8806	796,123645095529	341,364564832107	0			1203,87635490447	341,364564832107
8847	850,60032302538	348,418894318167	0			1149,39967697462	348,418894318167
8858	913,865382473552	320,284024686447	1	1086,13461752645	320,284024686447
8937	1207,69611273493	376,536628284553	0			792,303887265067	376,536628284553
9022	1121,71245686059	537,730008736794	0			878,287543139411	537,730008736794
9069	1238,7117848813	608,344813616303	0			761,288215118704	608,344813616303
9110	1208,96766709891	601,378640621814	0			791,032332901086	601,378640621814
9205	1321,55433827619	577,152449308979	0			678,445661723807	577,152449308979
9243	1307,97794675364	559,050963032425	0			692,022053246359	559,050963032425
9315	1307,97794675364	559,050963032425	0			692,022053246359	559,050963032425
9343	1584,43125505663	481,905223880865	0			415,568744943366	481,905223880865
9378	1590,38365983985	510,823182574734	0			409,616340160155	510,823182574734
9424	1541,30909478981	508,593375972106	0			458,690905210194	508,593375972106
9476	1551,41668067459	510,497748137146	0			448,583319325408	510,497748137146
9514	1608,5097216908	536,187644384309	0			391,490278309199	536,187644384309
9563	1632,90152560598	572,092823936032	0			367,098474394021	572,092823936032
9653	1641,1068024373	543,378770898405	0			358,893197562702	543,378770898405
9697	1684,28761503843	470,559699378737	0			315,71238496157	470,559699378737
9743	1589,83605844511	468,127893776491	0			410,163941554894	468,127893776491
9785	1596,26800602601	463,054238533445	0			403,731993973987	463,054238533445
9835	1463,57623422709	444,03560133553	0			536,423765772912	444,03560133553
9872	1329,11293034874	358,368989606551	0			670,887069651264	358,368989606551
9918	1330,95416261772	272,784682413531	1	669,045837382281	272,784682413531
