34	817,199869121726	298,175266206141	1	1182,80013087827	298,175266206141
71	967,918635939396	190,221184588325	1	1032,0813640606	190,221184588325
100	1087,99243103388	195,026769437859	1	912,007568966117	195,026769437859
121	994,571151936085	274,293539379941	1	1005,42884806391	274,293539379941
163	921,751744812267	356,517370404967	0			1078,24825518773	356,517370404967
168	1024,33017911769	239,369591860486	1	975,669820882313	239,369591860486
198	896,304506321183	283,140145622115	1	1103,69549367882	283,140145622115
214	873,432769135586	256,225878490799	1	1126,56723086441	256,225878490799
254	705,061120106008	383,407881342885	0			1294,93887989399	383,407881342885
283	552,324724194559	555,715479860476	0			1447,67527580544	555,715479860476
294	727,107363948303	398,124397076332	0			1272,8926360517	398,124397076332
334	552,700129744292	554,606497083609	0			1447,29987025571	554,606497083609
352	710,744446168451	476,474078212483	0			1289,25555383155	476,474078212483
382	755,332758982126	446,663139670119	0			1244,66724101787	446,663139670119
404	1236,38758710756	117,69749886241	1	763,612412892444	117,69749886241
420	1174,37702623095	194,156811950569	1	825,622973769051	194,156811950569
445	1282,57596614944	108,450497632065	1	717,42403385056	108,450497632065
469	1141,70079711727	358,249343876979	0			858,299202882733	358,249343876979
474	1190,67711241259	290,577930307468	1	809,32288758741	290,577930307468
506	1307,19130613368	385,272104498862	0			692,808693866325	385,272104498862
555	1173,13620757131	587,299704805652	0			826,863792428685	587,299704805652
566	993,50595668408	510,572468661667	0			1006,49404331592	510,572468661667
594	790,828679145971	477,251967277376	0			1209,17132085403	477,251967277376
615	732,461430924293	501,546006060169	0			1267,53856907571	501,546006060169
863	66,6328504247573	-142,887507166117	0			1933,36714957524	-142,887507166117
914	40,8603705248786	-128,304501725876	0			1959,13962947512	-128,304501725876
927	40,8603705248786	-128,304501725876	0			1959,13962947512	-128,304501725876
961	552,03217099666	126,723832952738	1	1447,96782900334	126,723832952738
973	865,694787383968	21,1585532966285	1	1134,30521261603	21,1585532966285
1030	721,892769553206	115,452200299414	1	1278,10723044679	115,452200299414
1055	1049,69156750428	8,7359855420977	1	950,308432495718	8,7359855420977
1081	1045,03820518779	14,3311427055512	1	954,96179481221	14,3311427055512
1095	1021,07557603884	13,3159441198571	1	978,924423961157	13,3159441198571
1114	1027,77722551584	14,7905615346826	1	972,222774484164	14,7905615346826
1149	1023,25031136561	-4,45983571768849	1	976,749688634394	-4,45983571768849
1184	850,041248438028	54,9475277299487	1	1149,95875156197	54,9475277299487
1198	857,966306331669	42,1742865413378	1	1142,03369366833	42,1742865413378
1223	680,046441916429	53,1814760805511	1	1319,95355808357	53,1814760805511
1261	704,377678689323	60,9708461070503	1	1295,62232131068	60,9708461070503
1287	566,671537714707	72,7470884607123	1	1433,32846228529	72,7470884607123
1322	515,968643154508	102,478437664829	1	1484,03135684549	102,478437664829
1361	809,335142984975	68,0338972845741	1	1190,66485701502	68,0338972845741
1376	890,203785877011	43,7240332225934	1	1109,79621412299	43,7240332225934
1405	828,750889984457	71,3373971179072	1	1171,24911001554	71,3373971179072
1425	741,562037782652	106,140009243187	1	1258,43796221735	106,140009243187
1456	625,97878452004	261,575911144805	1	1374,02121547996	261,575911144805
1473	755,725498427424	210,168143067516	1	1244,27450157258	210,168143067516
1497	774,287889458205	216,656254965119	1	1225,7121105418	216,656254965119
1512	938,159376914394	161,289148871599	1	1061,84062308561	161,289148871599
1539	818,342134336285	161,839316474791	1	1181,65786566372	161,839316474791
1561	849,00043859952	158,199484992122	1	1150,99956140048	158,199484992122
1600	991,032997685182	134,88423488826	1	1008,96700231482	134,88423488826
1643	869,095723742905	37,1690665675785	1	1130,90427625709	37,1690665675785
1990	-66,2650592890372	-160,632607314493	0			2066,26505928904	-160,632607314493
2003	761,721801757813	-12,142304775513	1	1238,27819824219	-12,142304775513
2050	919,844673762116	-27,4607029018128	1	1080,15532623788	-27,4607029018128
2081	769,782054311324	124,905687086893	1	1230,21794568868	124,905687086893
2094	742,389322880429	171,020820487855	1	1257,61067711957	171,020820487855
2127	813,413461977859	228,156724399161	1	1186,58653802214	228,156724399161
2142	1012,11594730422	165,564272266834	1	987,884052695784	165,564272266834
2230	780,691835601916	161,693244885767	1	1219,30816439808	161,693244885767
2243	745,968158912276	186,750799687072	1	1254,03184108772	186,750799687072
2263	849,685016495801	199,512915126085	1	1150,3149835042	199,512915126085
2279	905,343315721316	169,672822530213	1	1094,65668427868	169,672822530213
2306	852,561766266146	179,296514736021	1	1147,43823373385	179,296514736021
2322	941,9594484107	167,568051803039	1	1058,0405515893	167,568051803039
2356	900,576772167646	111,359722420398	1	1099,42322783235	111,359722420398
2373	998,180487002535	175,179335070268	1	1001,81951299747	175,179335070268
2395	993,918391583802	186,289973646238	1	1006,0816084162	186,289973646238
2409	891,240004910716	221,60994924806	1	1108,75999508928	221,60994924806
2440	1026,91835159937	174,276665508392	1	973,081648400626	174,276665508392
2457	1093,58792308884	151,668699501933	1	906,412076911156	151,668699501933
2503	955,744529414204	61,0045121342085	1	1044,2554705858	61,0045121342085
2532	633,742132391057	83,7180878949037	1	1366,25786760894	83,7180878949037
2553	565,777654419815	90,0802698295026	1	1434,22234558018	90,0802698295026
2580	431,5442404398	103,363723447721	1	1568,4557595602	103,363723447721
2591	518,856140837602	118,542205034028	1	1481,1438591624	118,542205034028
2624	263,086774172537	148,750593042171	1	1736,91322582746	148,750593042171
2682	313,609668334205	147,568464996758	1	1686,3903316658	147,568464996758
2695	127,000482079037	157,90900406696	0			1872,99951792096	157,90900406696
2716	79,2115749378298	134,450562324325	0			1920,78842506217	134,450562324325
2756	95,0692727383462	139,79931191153	0			1904,93072726165	139,79931191153
2774	191,975043408868	149,976726472338	1	1808,02495659113	149,976726472338
2863	1379,75110297836	163,475994445153	1	620,248897021642	163,475994445153
2924	1292,60463282514	-1,4098939519511	1	707,395367174858	-1,4098939519511
2956	1376,99945323067	226,012464278878	1	623,000546769334	226,012464278878
2979	949,356259352338	492,094283662977	0			1050,64374064766	492,094283662977
2994	1200,33753587981	460,95296442	0			799,662464120186	460,95296442
3023	765,531524355728	485,65262010773	0			1234,46847564427	485,65262010773
3039	752,123208170349	471,594229100713	0			1247,87679182965	471,594229100713
3068	731,918041806301	472,5749662645	0			1268,0819581937	472,5749662645
3116	465,830120908768	426,539122196369	0			1534,16987909123	426,539122196369
3126	468,744472214329	415,270130311454	0			1531,25552778567	415,270130311454
3162	558,515287048614	409,672080445918	0			1441,48471295139	409,672080445918
3179	917,2046218663	384,466982937473	0			1082,7953781337	384,466982937473
3204	781,738381967077	408,37483383274	0			1218,26161803292	408,37483383274
3222	694,321009072661	423,602891887452	0			1305,67899092734	423,602891887452
3308	1250,23058528143	158,563711911001	1	749,769414718574	158,563711911001
3356	1409,1434614558	54,7518244182902	1	590,856538544195	54,7518244182902
3398	1385,50339089055	80,7936917351249	1	614,496609109448	80,7936917351249
3459	1384,96100277157	72,7985986746733	1	615,038997228427	72,7985986746733
3490	1280,13021529776	128,243945146542	1	719,869784702236	128,243945146542
3609	723,239328328846	187,567637912367	1	1276,76067167115	187,567637912367
3636	1355,27963977801	-118,735477847669	0			644,720360221986	-118,735477847669
3681	989,325392546994	83,3713878093331	1	1010,67460745301	83,3713878093331
3716	697,649897429071	216,45257862702	1	1302,35010257093	216,45257862702
3763	1069,11119271251	86,6936291595411	1	930,888807287487	86,6936291595411
3810	1298,39268061445	53,7085742718372	1	701,60731938555	53,7085742718372
3898	1138,92553631928	282,05274225014	1	861,074463680724	282,05274225014
3938	1288,37270397199	-24,9662442846904	1	711,627296028014	-24,9662442846904
4036	1198,64185913481	291,631348300536	1	801,35814086519	291,631348300536
4076	1264,4405229192	2,82051454409352	1	735,559477080805	2,82051454409352
4112	1264,4405229192	2,82051454409352	1	735,559477080805	2,82051454409352
4135	1264,4405229192	2,82051454409352	1	735,559477080805	2,82051454409352
4587	1259,4805572411	222,567488880583	1	740,5194427589	222,567488880583
4625	1387,08306469964	-19,85785714394	1	612,916935300364	-19,85785714394
4686	1298,67942148666	59,0445956363107	1	701,320578513335	59,0445956363107
4702	1288,3372616555	44,1592228716045	1	711,662738344499	44,1592228716045
4810	1345,4500167501	-45,8806679158139	1	654,549983249899	-45,8806679158139
4842	1353,20337783172	-75,2238241288144	0			646,796622168285	-75,2238241288144
4935	1468,49116353155	-16,7779020297965	1	531,508836468447	-16,7779020297965
4976	1241,41901010063	-95,3241816884259	0			758,580989899373	-95,3241816884259
5027	1267,75965733721	-80,4448257231181	0			732,24034266279	-80,4448257231181
5093	1244,37109232736	-30,4716207805699	1	755,628907672638	-30,4716207805699
5121	1215,46974945055	-79,8162330202276	0			784,530250549453	-79,8162330202276
5159	1265,71093435423	-137,738985417187	0			734,289065645774	-137,738985417187
5201	1161,98086717427	-4,53910894850238	1	838,019132825726	-4,53910894850238
5234	239,67177621834	30,7627425513588	1	1760,32822378166	30,7627425513588
5249	-162,969737447482	19,2518731408388	0			2162,96973744748	19,2518731408388
5277	-96,4645148033696	21,4387471924759	0			2096,46451480337	21,4387471924759
5294	276,092095037141	12,9898341505373	1	1723,90790496286	12,9898341505373
5325	790,11993451283	24,0913020062772	1	1209,88006548717	24,0913020062772
5381	1249,29156475267	30,2505827373301	1	750,708435247329	30,2505827373301
5427	1320,99635459744	77,8215445738244	1	679,003645402562	77,8215445738244
5471	1284,0029766072	119,266166482824	1	715,997023392797	119,266166482824
5522	1298,5199254139	126,857024841789	1	701,480074586096	126,857024841789
5564	1215,71855768597	160,400979303268	1	784,281442314029	160,400979303268
5608	1245,82672547119	176,51568602074	1	754,173274528813	176,51568602074
5661	1493,55546169833	-19,7518449998912	1	506,444538301673	-19,7518449998912
5686	1206,41312436072	-16,2506396939206	1	793,586875639276	-16,2506396939206
5700	1067,92548173339	7,44930100547388	1	932,074518266614	7,44930100547388
5732	1002,08550512712	16,1038443782129	1	997,914494872878	16,1038443782129
5746	1023,4056973221	16,9297213207624	1	976,594302677896	16,9297213207624
5833	1290,90013920189	-44,3264316967284	1	709,099860798111	-44,3264316967284
5875	1193,19333567203	-108,78209512802	0			806,806664327973	-108,78209512802
5955	44,1562689623786	81,5328536237095	0			1955,84373103762	81,5328536237095
5972	292,721565735568	57,900782632012	1	1707,27843426443	57,900782632012
6010	831,507603886073	148,113217275305	1	1168,49239611393	148,113217275305
6057	801,721641215119	120,705586339557	1	1198,27835878488	120,705586339557
6127	775,465869594932	124,332911784995	1	1224,53413040507	124,332911784995
6148	775,465869594932	124,332911784995	1	1224,53413040507	124,332911784995
6188	325,39931609021	143,589984754922	1	1674,60068390979	143,589984754922
6193	361,911166765431	130,232178588623	1	1638,08883323457	130,232178588623
6222	376,923265431282	89,1137215380769	1	1623,07673456872	89,1137215380769
7019	1168,48401313461	889,824204764816	0			831,515986865392	889,824204764816
7037	867,442894599199	840,179571911152	0			1132,5571054008	840,179571911152
7051	822,978548949862	800,104343513829	0			1177,02145105014	800,104343513829
7077	637,141757728235	737,964366893617	0			1362,85824227176	737,964366893617
7089	694,817001300201	721,427414117786	0			1305,1829986998	721,427414117786
7162	642,565632968475	387,046573643323	0			1357,43436703152	387,046573643323
7179	593,164461257684	393,066387431313	0			1406,83553874232	393,066387431313
7210	483,606837782852	490,035433429349	0			1516,39316221715	490,035433429349
7231	559,908138621956	458,357400897386	0			1440,09186137804	458,357400897386
7271	762,61927550103	366,185554239831	0			1237,38072449897	366,185554239831
7320	1027,5549202525	270,42060405378	1	972,445079747499	270,42060405378
7348	789,487651301371	253,479414615857	1	1210,51234869863	253,479414615857
7363	672,641984461789	261,816193812025	1	1327,35801553821	261,816193812025
7401	691,262655779492	267,514894924057	1	1308,73734422051	267,514894924057
7426	891,830011599436	238,735175001901	1	1108,16998840056	238,735175001901
7853	1499,65354154025	778,580330817928	0			500,346458459749	778,580330817928
7864	1499,65354154025	778,580330817928	0			500,346458459749	778,580330817928
7946	1499,65354154025	778,580330817928	0			500,346458459749	778,580330817928
7991	1499,65354154025	778,580330817928	0			500,346458459749	778,580330817928
8305	1913,32510050061	457,658998023854	0			86,6748994993934	457,658998023854
8805	1275,68446285902	263,558712509313	1	724,315537140979	263,558712509313
8859	1330,46598465311	351,980220554135	0			669,534015346885	351,980220554135
8894	1284,1392885262	266,24964287926	1	715,860711473796	266,24964287926
8982	1385,9877503034	343,794939733815	0			614,012249696602	343,794939733815
9030	1475,06929169195	626,77943253307	0			524,93070830805	626,77943253307
9061	1145,08247334335	631,165630547853	0			854,917526656655	631,165630547853
9067	1060,18778973718	483,824597446441	0			939,812210262816	483,824597446441
9101	985,956250778504	502,248688324792	0			1014,0437492215	502,248688324792
9116	981,145183266404	546,384542585466	0			1018,8548167336	546,384542585466
9164	1059,57031626215	435,817741216075	0			940,429683737852	435,817741216075
9194	996,165246154861	811,118590167854	0			1003,83475384514	811,118590167854
9388	-83,5464230633091	688,805461451855	0			2083,54642306331	688,805461451855
9461	133,147739052387	512,520043504971	0			1866,85226094761	512,520043504971
9510	72,240025788835	442,883560290065	0			1927,75997421116	442,883560290065
9525	72,240025788835	442,883560290065	0			1927,75997421116	442,883560290065
9558	444,748233866217	338,044010523151	0			1555,25176613378	338,044010523151
9597	546,219773666426	538,274470792197	0			1453,78022633357	538,274470792197
9609	542,590427450585	557,704793448923	0			1457,40957254941	557,704793448923
9644	545,306901921096	550,752415080461	0			1454,6930980789	550,752415080461
9701	626,995444137277	135,622936069545	1	1373,00455586272	135,622936069545
9764	761,394024203896	33,1010372593448	1	1238,6059757961	33,1010372593448
9884	1320,21350058151	-10,8645184952596	1	679,786499418487	-10,8645184952596
9968	1347,74961996233	-99,1302944121466	0			652,250380037672	-99,1302944121466
