61	856,597560131645	644,376528677553	1	1143,40243986836	644,376528677553
76	845,888608960963	645,659222121955	1	1154,11139103904	645,659222121955
80	837,376002239449	666,242569307026	1	1162,62399776055	666,242569307026
82	839,941740118067	666,381802904081	1	1160,05825988193	666,381802904081
85	836,368016154154	664,020994061141	1	1163,63198384585	664,020994061141
100	835,394251279286	663,341828067061	1	1164,60574872071	663,341828067061
118	832,557334475612	659,601439860766	1	1167,44266552439	659,601439860766
139	831,952244816354	658,736291182843	1	1168,04775518365	658,736291182843
161	842,997616537355	661,485212605131	1	1157,00238346264	661,485212605131
182	843,55309684311	661,10270781411	1	1156,44690315689	661,10270781411
206	845,45805845962	662,471202482723	1	1154,54194154038	662,471202482723
224	850,342395570591	663,224393762537	1	1149,65760442941	663,224393762537
238	855,152407170859	658,536383249359	1	1144,84759282914	658,536383249359
244	849,925394877008	658,03969023051	1	1150,07460512299	658,03969023051
266	848,964464936461	660,889851415613	1	1151,03553506354	660,889851415613
283	848,86128859907	658,295864830785	1	1151,13871140093	658,295864830785
328	844,085812192901	683,38420303496	1	1155,9141878071	683,38420303496
353	846,852028156954	664,669149125818	1	1153,14797184305	664,669149125818
390	843,017673696745	668,392575749426	1	1156,98232630325	668,392575749426
396	841,690939593934	678,296067831389	1	1158,30906040607	678,296067831389
408	839,329406735748	686,435962872237	1	1160,67059326425	686,435962872237
415	837,001692713943	685,215555824888	1	1162,99830728606	685,215555824888
418	850,383793387006	709,992161253774	1	1149,61620661299	709,992161253774
421	842,435058320929	680,685302934972	1	1157,56494167907	680,685302934972
436	843,633493134186	664,804944624351	1	1156,36650686581	664,804944624351
455	850,09019213714	678,231726529966	1	1149,90980786286	678,231726529966
482	846,275026702799	657,510129111878	1	1153,7249732972	657,510129111878
530	842,145856514567	632,254676300084	1	1157,85414348543	632,254676300084
547	845,984028158578	639,483067391414	1	1154,01597184142	639,483067391414
552	847,034450329644	649,430158498254	1	1152,96554967036	649,430158498254
555	846,458556300524	660,083062351172	1	1153,54144369948	660,083062351172
557	812,841622066913	697,46461296785	1	1187,15837793309	697,46461296785
568	806,720147493703	711,074161518042	1	1193,2798525063	711,074161518042
578	799,253693346227	725,936824215461	1	1200,74630665377	725,936824215461
618	791,667837502289	753,120212220667	1	1208,33216249771	753,120212220667
626	783,746589728845	789,460502052973	1	1216,25341027116	789,460502052973
640	781,128639696745	799,542368084074	1	1218,87136030325	799,542368084074
658	776,537121748286	800,328363729915	1	1223,46287825171	800,328363729915
722	768,110558371785	810,441188689263	1	1231,88944162821	810,441188689263
731	765,605808116891	812,52881694984	1	1234,39419188311	812,52881694984
735	765,659998757988	817,143227018168	1	1234,34000124201	817,143227018168
745	765,037917505369	823,552329777727	1	1234,96208249463	823,552329777727
748	762,567006278386	826,082216630014	1	1237,43299372161	826,082216630014
758	768,956896354594	819,041807961091	1	1231,04310364541	819,041807961091
777	770,418103002769	814,760039627729	1	1229,58189699723	814,760039627729
788	771,268715190794	799,069274652366	1	1228,73128480921	799,069274652366
805	771,205111440302	796,296122099518	1	1228,7948885597	796,296122099518
821	773,502601935337	802,685496064564	1	1226,49739806466	802,685496064564
832	783,003743119294	811,942500989803	1	1216,99625688071	811,942500989803
875	773,605948704415	797,125685290826	1	1226,39405129558	797,125685290826
878	774,081953735747	798,555862827578	1	1225,91804626425	798,555862827578
910	774,963270502838	801,728482983309	1	1225,03672949716	801,728482983309
924	777,264250932571	799,741598654445	1	1222,73574906743	799,741598654445
940	818,780145480856	799,172863433553	1	1181,21985451914	799,172863433553
956	806,261917185992	798,606954867508	1	1193,73808281401	798,606954867508
972	787,194894334549	799,073137855203	1	1212,80510566545	799,073137855203
991	798,326289487273	808,386900548071	1	1201,67371051273	808,386900548071
996	793,585461598587	807,454568676031	1	1206,41453840141	807,454568676031
1024	787,077380791421	805,718136577616	1	1212,92261920858	805,718136577616
1047	770,699378639644	826,829033500702	1	1229,30062136036	826,829033500702
1089	767,836346843639	828,45650610503	1	1232,16365315636	828,45650610503
1104	766,849260073191	821,565446607643	1	1233,15073992681	821,565446607643
1109	765,951035482327	819,341313378148	1	1234,04896451767	819,341313378148
1111	764,096370217526	820,586602385047	1	1235,90362978247	820,586602385047
1128	764,511643395963	822,72168443758	1	1235,48835660404	822,72168443758
1143	762,592641387247	814,185384368608	1	1237,40735861275	814,185384368608
1148	763,011828628409	815,187303391546	1	1236,98817137159	815,187303391546
1160	768,973883424588	826,208371545557	1	1231,02611657541	826,208371545557
1178	771,407424481409	832,893432276041	1	1228,59257551859	832,893432276041
1261	773,056998646169	836,748396729929	1	1226,94300135383	836,748396729929
1269	772,520310741367	838,422852926587	1	1227,47968925863	838,422852926587
1270	772,544711356639	840,718057191347	1	1227,45528864336	840,718057191347
1272	773,813113405851	847,518556208086	1	1226,18688659415	847,518556208086
1274	771,804944078579	840,46241752801	1	1228,19505592142	840,46241752801
1291	759,76990814074	820,112714027382	1	1240,23009185926	820,112714027382
1311	760,379647849808	819,867259669451	1	1239,62035215019	819,867259669451
1314	759,013687686005	815,867068026521	1	1240,986312314	815,867068026521
1377	768,486536022897	812,833441561542	1	1231,5134639771	812,833441561542
1383	763,64649333696	809,214274741074	1	1236,35350666304	809,214274741074
1389	763,781401088495	813,090724747968	1	1236,2185989115	813,090724747968
1391	762,2244671484	817,173733269595	1	1237,7755328516	817,173733269595
1416	759,913590139671	817,942412835909	1	1240,08640986033	817,942412835909
1448	758,25289824958	818,063659833123	1	1241,74710175042	818,063659833123
1467	757,585712033299	817,785923733644	1	1242,4142879667	817,785923733644
1469	758,761629603628	816,849154771138	1	1241,23837039637	816,849154771138
1473	758,861507886337	816,968709590932	1	1241,13849211366	816,968709590932
1523	771,664563496307	818,218195870162	1	1228,33543650369	818,218195870162
1532	770,827130058931	803,033052820654	1	1229,17286994107	803,033052820654
1560	767,116390757394	811,831476119057	1	1232,88360924261	811,831476119057
1582	751,636818200038	797,181747777698	1	1248,36318179996	797,181747777698
1586	757,517466682523	797,062880261534	1	1242,48253331748	797,062880261534
1601	755,150889842031	799,967347663623	1	1244,84911015797	799,967347663623
1618	759,956303684989	812,974061345075	1	1240,04369631501	812,974061345075
1631	760,21354642203	823,096419008309	1	1239,78645357797	823,096419008309
1664	781,820746364238	816,854123159609	1	1218,17925363576	816,854123159609
1679	777,793441713647	819,280142462245	1	1222,20655828635	819,280142462245
1685	778,254427671564	807,443621608898	1	1221,74557232844	807,443621608898
1703	776,918687663442	809,00744169702	1	1223,08131233656	809,00744169702
1722	774,103756763423	815,465859508707	1	1225,89624323658	815,465859508707
1737	770,832618886741	818,755387101793	1	1229,16738111326	818,755387101793
1753	768,073180698927	816,377231376769	1	1231,92681930107	816,377231376769
1774	761,647796218595	820,012675850962	1	1238,35220378141	820,012675850962
1799	760,012237192783	822,259645490423	1	1239,98776280722	822,259645490423
1805	752,801349914217	823,126435766595	1	1247,19865008578	823,126435766595
1826	761,495457084227	832,843644941852	1	1238,50454291577	832,843644941852
1841	762,838799454594	825,216168081705	1	1237,16120054541	825,216168081705
1857	765,191428273002	824,106079543667	1	1234,808571727	824,106079543667
1888	763,60224489003	821,380230507871	1	1236,39775510997	821,380230507871
1900	752,217109047708	805,874892154421	1	1247,78289095229	805,874892154421
1904	755,404069590226	803,681114632164	1	1244,59593040977	803,681114632164
1916	755,978955686615	804,019710189864	1	1244,02104431338	804,019710189864
1927	764,562961881665	812,093504541908	1	1235,43703811834	812,093504541908
1956	764,901383420752	811,00065884724	1	1235,09861657925	811,00065884724
1989	760,344298985024	808,424343653547	1	1239,65570101498	808,424343653547
2005	757,04538923423	804,222992970118	1	1242,95461076577	804,222992970118
2008	756,277749372619	804,518922202818	1	1243,72225062738	804,518922202818
2024	752,695587929437	802,243042829087	1	1247,30441207056	802,243042829087
2032	751,231592681937	800,560005742354	1	1248,76840731806	800,560005742354
2049	748,283746621024	797,975331871302	1	1251,71625337898	797,975331871302
2069	752,697638766057	797,642893324509	1	1247,30236123394	797,642893324509
2074	762,486896552062	789,783698317218	1	1237,51310344794	789,783698317218
2110	754,767340195397	789,775242091047	1	1245,2326598046	789,775242091047
2120	754,354947293981	788,291952627716	1	1245,64505270602	788,291952627716
2142	757,855913676381	806,984694052953	1	1242,14408632362	806,984694052953
2161	756,156839204642	805,202938852386	1	1243,84316079536	805,202938852386
2163	752,234073028746	799,980917031529	1	1247,76592697125	799,980917031529
2181	751,266702827445	804,821404151837	1	1248,73329717256	804,821404151837
2209	751,019507787181	809,443851926717	1	1248,98049221282	809,443851926717
2232	748,091326912205	808,509397097336	1	1251,90867308779	808,509397097336
2260	738,983692213367	795,977765720141	1	1261,01630778663	795,977765720141
2274	739,605684858509	797,377767912717	1	1260,39431514149	797,377767912717
2295	748,9679399936	803,146215047559	1	1251,0320600064	803,146215047559
2302	751,151042962063	801,727577050231	1	1248,84895703794	801,727577050231
2321	752,249978651609	800,937207934077	1	1247,75002134839	800,937207934077
2333	753,860465343329	800,025711829154	1	1246,13953465667	800,025711829154
2357	759,142539374411	802,069917643842	1	1240,85746062559	802,069917643842
2371	759,131491615302	801,147024567525	1	1240,8685083847	801,147024567525
2387	761,067938994226	799,845098257315	1	1238,93206100577	799,845098257315
2405	765,817549480811	794,532938061168	1	1234,18245051919	794,532938061168
2424	762,542261272216	787,778846252416	1	1237,45773872778	787,778846252416
2443	760,452923215387	783,642109009129	1	1239,54707678461	783,642109009129
2452	754,209150275187	786,705614398801	1	1245,79084972481	786,705614398801
2475	755,979386474213	784,530589359425	1	1244,02061352579	784,530589359425
2481	758,4713835719	786,788769280792	1	1241,5286164281	786,788769280792
2514	743,049992972667	772,664794345882	1	1256,95000702733	772,664794345882
2518	744,025540912411	774,007451736818	1	1255,97445908759	774,007451736818
2530	741,976312818	775,382418556818	1	1258,023687182	775,382418556818
2568	742,595364060727	782,756888045305	1	1257,40463593927	782,756888045305
2579	741,191912949977	786,82518616687	1	1258,80808705002	786,82518616687
2615	739,001037078017	793,213353501	1	1260,99896292198	793,213353501
2624	747,314671594056	801,149992361418	1	1252,68532840594	801,149992361418
2633	749,142509928995	803,716895477826	1	1250,85749007101	803,716895477826
2645	748,869071744426	803,349203283884	1	1251,13092825557	803,349203283884
2648	749,839025218178	800,427619300362	1	1250,16097478182	800,427619300362
2665	760,311865843564	788,754762172076	1	1239,68813415644	788,754762172076
2702	774,17564671195	777,870480541277	1	1225,82435328805	777,870480541277
2731	776,861522856433	778,54841828033	1	1223,13847714357	778,54841828033
2781	999,199627204424	652,350002719391	1	1000,80037279558	652,350002719391
2787	1010,94530792792	647,512200991377	1	989,054692072081	647,512200991377
2788	1015,63475972093	643,702938952327	1	984,36524027907	643,702938952327
2791	995,375045923429	579,997960354241	1	1004,62495407657	579,997960354241
2795	995,414420915361	581,076871311245	1	1004,58557908464	581,076871311245
2817	1001,22723429358	594,136684216915	1	998,772765706416	594,136684216915
2837	1010,71151225773	583,026950484959	1	989,288487742273	583,026950484959
2852	1004,27488475258	577,118086626173	1	995,725115247421	577,118086626173
2869	1009,39216785799	579,099639158801	1	990,607832142012	579,099639158801
2883	1014,32362257921	582,86399101006	1	985,67637742079	582,86399101006
2918	967,618780126997	527,499712991799	1	1032,381219873	527,499712991799
2921	957,285341960959	524,334102288347	1	1042,71465803904	524,334102288347
2927	961,206152102284	532,077168396055	1	1038,79384789772	532,077168396055
2949	957,989933581619	537,006099355944	1	1042,01006641838	537,006099355944
2964	961,150231216334	551,039048075609	1	1038,84976878367	551,039048075609
2979	963,119908823779	571,37010553197	1	1036,88009117622	571,37010553197
3010	974,743474284817	575,75330983329	1	1025,25652571518	575,75330983329
3021	980,065465285527	573,331062258044	1	1019,93453471447	573,331062258044
3041	976,540662577959	574,037623844047	1	1023,45933742204	574,037623844047
3052	974,612217630911	552,920379672861	1	1025,38778236909	552,920379672861
3065	979,405273830646	544,904761998777	1	1020,59472616935	544,904761998777
3104	980,970120399048	544,069589000742	1	1019,02987960095	544,069589000742
3108	983,691880629945	553,691281624956	1	1016,30811937005	553,691281624956
3113	988,343594410955	566,893327854492	1	1011,65640558905	566,893327854492
3132	1019,24860981585	654,967340000499	1	980,751390184153	654,967340000499
3153	1027,84876808597	678,826846393518	1	972,151231914025	678,826846393518
3178	1025,07457191916	677,892894680872	1	974,925428080843	677,892894680872
3201	1022,77082682332	692,645026779739	1	977,229173176683	692,645026779739
3207	999,390474040554	670,84108466648	1	1000,60952595945	670,84108466648
3226	983,471947663916	645,209349010446	1	1016,52805233608	645,209349010446
3243	980,542371243424	610,091898936408	1	1019,45762875658	610,091898936408
3279	976,549417068742	607,615647139157	1	1023,45058293126	607,615647139157
3283	979,749685204576	618,555521995011	1	1020,25031479542	618,555521995011
3313	981,530969832721	631,48372121794	1	1018,46903016728	631,48372121794
3326	981,214959275798	597,018086042445	1	1018,7850407242	597,018086042445
3344	978,902382229717	583,136495068121	1	1021,09761777028	583,136495068121
3370	947,353952762935	604,940368905333	1	1052,64604723706	604,940368905333
3381	936,936840644298	608,354449096681	1	1063,0631593557	608,354449096681
3408	942,62269494626	621,73807199822	1	1057,37730505374	621,73807199822
3414	940,557037943415	617,77948971994	1	1059,44296205658	617,77948971994
3436	947,080314651424	616,499160841555	1	1052,91968534858	616,499160841555
3458	957,77292812094	618,184468187935	1	1042,22707187906	618,184468187935
3472	958,648506833253	618,295455278218	1	1041,35149316675	618,295455278218
3491	959,520940580204	607,073134058721	1	1040,4790594198	607,073134058721
3507	962,120310714157	598,445359451362	1	1037,87968928584	598,445359451362
3526	969,054558918186	588,197632763703	1	1030,94544108181	588,197632763703
3530	973,685869984649	591,284012184202	1	1026,31413001535	591,284012184202
3553	977,344849861776	587,945569152169	1	1022,65515013822	587,945569152169
3567	975,711328455387	589,462879702558	1	1024,28867154461	589,462879702558
3581	983,120439629294	548,982946671456	1	1016,87956037071	548,982946671456
3604	985,651391870153	552,953107707092	1	1014,34860812985	552,953107707092
3627	988,07275926083	547,981567732546	1	1011,92724073917	547,981567732546
3650	983,93723837484	551,965599742259	1	1016,06276162516	551,965599742259
3662	981,782252221672	554,889378382155	1	1018,21774777833	554,889378382155
3717	981,984922355213	558,571663123695	1	1018,01507764479	558,571663123695
3735	981,929621181065	558,362260940089	1	1018,07037881894	558,362260940089
3737	982,854538632797	557,009588391275	1	1017,1454613672	557,009588391275
3740	981,76802641426	551,705584486048	1	1018,23197358574	551,705584486048
3742	980,794280872017	553,505705809774	1	1019,20571912798	553,505705809774
3757	978,531747045964	552,113735055388	1	1021,46825295404	552,113735055388
3771	972,180093958424	548,299268279337	1	1027,81990604158	548,299268279337
3783	963,176081456635	548,567498285436	1	1036,82391854336	548,567498285436
3800	958,969558579834	546,566671528863	1	1041,03044142017	546,566671528863
3815	968,699708155353	563,679931372151	1	1031,30029184465	563,679931372151
3832	969,22767445538	566,340503096181	1	1030,77232554462	566,340503096181
3846	971,178462565523	569,920656011573	1	1028,82153743448	569,920656011573
3865	974,746967102806	571,252454207307	1	1025,25303289719	571,252454207307
3880	977,862411491126	573,476624272661	1	1022,13758850887	573,476624272661
3945	982,916837056471	568,195040192261	1	1017,08316294353	568,195040192261
3966	991,319625742112	569,618075575901	1	1008,68037425789	569,618075575901
3984	990,998588080609	570,891732549598	1	1009,00141191939	570,891732549598
3987	990,798297759744	570,350240021569	1	1009,20170224026	570,350240021569
3989	983,981896435861	556,103939740849	1	1016,01810356414	556,103939740849
3996	980,634466660189	554,026204106896	1	1019,36553333981	554,026204106896
4012	983,016872207806	555,895043128038	1	1016,98312779219	555,895043128038
4017	983,797820095364	557,466591117604	1	1016,20217990464	557,466591117604
4048	981,455262023186	554,188669901998	1	1018,54473797681	554,188669901998
4060	982,429901371411	557,471105951887	1	1017,57009862859	557,471105951887
4077	981,27630009446	554,430827786607	1	1018,72369990554	554,430827786607
4092	979,648249377498	551,208779736314	1	1020,3517506225	551,208779736314
4100	986,41863782962	560,709805910231	1	1013,58136217038	560,709805910231
4118	987,497290116291	553,067426414562	1	1012,50270988371	553,067426414562
4149	985,243532007453	552,562740421663	1	1014,75646799255	552,562740421663
4179	984,731907275064	555,761986987928	1	1015,26809272494	555,761986987928
4181	984,907652740977	564,916249927006	1	1015,09234725902	564,916249927006
4184	986,680953412648	564,309753359583	1	1013,31904658735	564,309753359583
4207	979,549341807881	559,289157455334	1	1020,45065819212	559,289157455334
4224	981,049294018427	559,988690098742	1	1018,95070598157	559,988690098742
4236	982,055614665792	567,00937231759	1	1017,94438533421	567,00937231759
4252	985,079589463556	583,455693355561	1	1014,92041053644	583,455693355561
4281	985,661564931759	585,150263870078	1	1014,33843506824	585,150263870078
4285	984,210461623324	573,176625417031	1	1015,78953837668	573,176625417031
4300	983,437919633279	570,655296868897	1	1016,56208036672	570,655296868897
4318	987,29317894998	576,782915376766	1	1012,70682105002	576,782915376766
4325	987,594853168316	576,363816931462	1	1012,40514683168	576,363816931462
4360	988,037891023047	567,970343127005	1	1011,96210897695	567,970343127005
4368	985,985648887789	568,812365720028	1	1014,01435111221	568,812365720028
4388	974,987726831591	581,468902186152	1	1025,01227316841	581,468902186152
4404	975,519555934938	585,963042583928	1	1024,48044406506	585,963042583928
4419	974,974574899226	590,472054294994	1	1025,02542510077	590,472054294994
4435	977,257892736395	599,489644427176	1	1022,7421072636	599,489644427176
4451	978,010909086726	606,369414242676	1	1021,98909091327	606,369414242676
4489	974,246919528833	596,408859051088	1	1025,75308047117	596,408859051088
4519	968,520867188788	600,691185142983	1	1031,47913281121	600,691185142983
4522	967,179185213081	598,14722864696	1	1032,82081478692	598,14722864696
4524	965,791507525472	593,575476418693	1	1034,20849247453	593,575476418693
4539	965,473502836961	592,330546500784	1	1034,52649716304	592,330546500784
4552	966,441091198707	595,558824244701	1	1033,55890880129	595,558824244701
4568	971,66295800691	607,48811803885	1	1028,33704199309	607,48811803885
4588	971,095859964219	605,573391180476	1	1028,90414003578	605,573391180476
4591	969,354172560433	612,932059462901	1	1030,64582743957	612,932059462901
4619	972,961122700798	616,646851589338	1	1027,0388772992	616,646851589338
4632	971,983429055292	617,600287850076	1	1028,01657094471	617,600287850076
4663	975,923282213343	615,955444451951	1	1024,07671778666	615,955444451951
4692	992,1751610189	609,219055580998	1	1007,8248389811	609,219055580998
4698	994,664258940046	608,169982239805	1	1005,33574105995	608,169982239805
4705	991,816861770477	608,281647413374	1	1008,18313822952	608,281647413374
4729	987,980397872753	604,903967984631	1	1012,01960212725	604,903967984631
4732	983,159125510886	603,118553074928	1	1016,84087448911	603,118553074928
4752	980,685962667599	601,517779627661	1	1019,3140373324	601,517779627661
4770	977,600989320446	618,279210459302	1	1022,39901067955	618,279210459302
4787	980,613656076776	609,788669366001	1	1019,38634392322	609,788669366001
4824	975,134926187766	629,501784833143	1	1024,86507381223	629,501784833143
4846	972,971307792276	641,761700092626	1	1027,02869220772	641,761700092626
4852	969,524982833269	641,335384775544	1	1030,47501716673	641,335384775544
4854	946,126618812608	649,509832043086	1	1053,87338118739	649,509832043086
4874	912,867260323092	633,794552196342	1	1087,13273967691	633,794552196342
4898	876,966773373821	624,914601574893	1	1123,03322662618	624,914601574893
4941	853,186519267577	655,815474685088	1	1146,81348073242	655,815474685088
4943	833,481917079501	686,495889509667	1	1166,5180829205	686,495889509667
4960	810,677783417055	707,219167707273	1	1189,32221658295	707,219167707273
5002	803,406960162703	709,683787832231	1	1196,5930398373	709,683787832231
5032	753,862496423852	732,611706128309	1	1246,13750357615	732,611706128309
5045	757,69504292053	734,347423194666	1	1242,30495707947	734,347423194666
5047	752,228240635068	733,396526790468	1	1247,77175936493	733,396526790468
5052	733,536389228711	730,643411383124	1	1266,46361077129	730,643411383124
5056	727,98736832539	722,351618380145	1	1272,01263167461	722,351618380145
5084	726,818550790657	722,612770713498	1	1273,18144920934	722,612770713498
5123	722,520792486876	742,145916482085	1	1277,47920751312	742,145916482085
5170	735,753332679896	734,576991452308	1	1264,2466673201	734,576991452308
5181	736,07167938036	729,933200973852	1	1263,92832061964	729,933200973852
5185	736,692065317249	730,026918685664	1	1263,30793468275	730,026918685664
5187	740,102123609748	730,195025660149	1	1259,89787639025	730,195025660149
5189	747,303760894008	721,2844535937	1	1252,69623910599	721,2844535937
5192	747,154982591688	723,599841058692	1	1252,84501740831	723,599841058692
5197	749,402021463802	725,883817168231	1	1250,5979785362	725,883817168231
5273	747,323883188565	724,047787391699	1	1252,67611681143	724,047787391699
5284	743,884142528479	720,079735570502	1	1256,11585747152	720,079735570502
5295	734,942139231136	717,635875723412	1	1265,05786076886	717,635875723412
5316	732,451603021032	727,388841599431	1	1267,54839697897	727,388841599431
5319	726,802826483166	745,003243617574	1	1273,19717351683	745,003243617574
5322	726,813785051012	739,378952994235	1	1273,18621494899	739,378952994235
5325	724,84738953508	733,355677972367	1	1275,15261046492	733,355677972367
5337	725,39742653695	743,561863419246	1	1274,60257346305	743,561863419246
5355	726,448168318198	743,970406240106	1	1273,5518316818	743,970406240106
5374	726,324949617124	739,427015418372	1	1273,67505038288	739,427015418372
5388	726,110376349796	740,087689856958	1	1273,8896236502	740,087689856958
5413	725,485150600087	746,60882835655	1	1274,51484939991	746,60882835655
5441	729,657167669332	748,506134869635	1	1270,34283233067	748,506134869635
5443	730,91048547803	748,091775928052	1	1269,08951452197	748,091775928052
5460	738,27003753173	735,596629860916	1	1261,72996246827	735,596629860916
5480	738,672190514807	735,292742629131	1	1261,32780948519	735,292742629131
5487	742,13739126095	739,422694784849	1	1257,86260873905	739,422694784849
5499	743,59964144585	744,292818146949	1	1256,40035855415	744,292818146949
5516	748,68175787848	752,630456113622	1	1251,31824212152	752,630456113622
5535	750,248328143742	763,911439792001	1	1249,75167185626	763,911439792001
5569	760,801751184098	780,280759811394	1	1239,1982488159	780,280759811394
5646	735,677333911549	769,92771039722	1	1264,32266608845	769,92771039722
5650	733,763178652869	778,664201623078	1	1266,23682134713	778,664201623078
5664	730,809167305668	781,166562723616	1	1269,19083269433	781,166562723616
5667	758,754725811331	765,874137085893	1	1241,24527418867	765,874137085893
5674	745,408568772602	775,27260070055	1	1254,5914312274	775,27260070055
5677	741,242700662298	773,161459994743	1	1258,7572993377	773,161459994743
5679	736,742476604215	765,985052060659	1	1263,25752339578	765,985052060659
5682	731,433031473521	754,797337446255	1	1268,56696852648	754,797337446255
5716	757,904416058319	733,844919805353	1	1242,09558394168	733,844919805353
5723	761,995118567291	731,078086041247	1	1238,00488143271	731,078086041247
5736	753,556955775295	732,911170964272	1	1246,44304422471	732,911170964272
5758	752,369846195011	734,974541561241	1	1247,63015380499	734,974541561241
5781	752,609121121858	735,575139024744	1	1247,39087887814	735,575139024744
5783	758,379839060835	745,128364080599	1	1241,62016093917	745,128364080599
5814	753,000582275537	753,590129367699	1	1246,99941772446	753,590129367699
5829	756,224603094608	751,038405638243	1	1243,77539690539	751,038405638243
5832	760,082538038887	751,985148303313	1	1239,91746196111	751,985148303313
5855	756,268485906285	753,19219889799	1	1243,73151409371	753,19219889799
5898	742,491775533957	735,763199391361	1	1257,50822446604	735,763199391361
5915	730,406863014181	745,155282456143	1	1269,59313698582	745,155282456143
5923	729,454428125919	760,249912900351	1	1270,54557187408	760,249912900351
5926	729,315464130601	763,246657572915	1	1270,6845358694	763,246657572915
5932	734,152004308552	767,154209792089	1	1265,84799569145	767,154209792089
5951	739,064806888295	771,393458161434	1	1260,93519311171	771,393458161434
5969	743,370940517416	765,907052158836	1	1256,62905948258	765,907052158836
5984	749,798202906916	763,20558267406	1	1250,20179709308	763,20558267406
6017	760,381694150332	763,376584530626	1	1239,61830584967	763,376584530626
6040	757,681865298147	759,25634195134	1	1242,31813470185	759,25634195134
6051	755,493182132022	754,488601600142	1	1244,50681786798	754,488601600142
6066	753,070890283547	743,763607627437	1	1246,92910971645	743,763607627437
6143	755,296005297067	744,757646475122	1	1244,70399470293	744,757646475122
6145	753,549178107165	742,275974440372	1	1246,45082189283	742,275974440372
6146	752,37598178061	742,574170582156	1	1247,62401821939	742,574170582156
6149	751,230556846346	740,789316412244	1	1248,76944315365	740,789316412244
6152	743,306850443601	743,493143867026	1	1256,6931495564	743,493143867026
6159	742,5456901553	743,208750817695	1	1257,4543098447	743,208750817695
6171	741,412958601111	745,063582134228	1	1258,58704139889	745,063582134228
6214	743,698253837396	743,97953778142	1	1256,3017461626	743,97953778142
6252	755,211521365341	743,771963337297	1	1244,78847863466	743,771963337297
6261	758,140610570651	742,951929363496	1	1241,85938942935	742,951929363496
6265	751,285617411758	746,484324276762	1	1248,71438258824	746,484324276762
6268	753,942728739326	748,667798678536	1	1246,05727126067	748,667798678536
6272	753,401169635198	749,524659421434	1	1246,5988303648	749,524659421434
6290	759,963154062463	737,634526306878	1	1240,03684593754	737,634526306878
6320	759,59191543788	748,147432967469	1	1240,40808456212	748,147432967469
6327	758,635554978433	742,005227351293	1	1241,36444502157	742,005227351293
6352	749,929281282733	739,850761241258	1	1250,07071871727	739,850761241258
6356	737,016588925786	743,388478757248	1	1262,98341107421	743,388478757248
6390	739,206657637142	744,442723014525	1	1260,79334236286	744,442723014525
6400	732,587178124074	750,513999990776	1	1267,41282187593	750,513999990776
6402	733,815890570889	752,936881249771	1	1266,18410942911	752,936881249771
6417	735,4584850646	747,589919535738	1	1264,5415149354	747,589919535738
6450	732,408031330126	732,275952046857	1	1267,59196866987	732,275952046857
6477	732,382539294588	723,967612629876	1	1267,61746070541	723,967612629876
6488	730,93598482294	729,972794970151	1	1269,06401517706	729,972794970151
6513	731,349533344545	730,722641952986	1	1268,65046665546	730,722641952986
6588	732,645924194652	729,457523115225	1	1267,35407580535	729,457523115225
6591	736,888994581153	733,267689466054	1	1263,11100541885	733,267689466054
6594	736,885465300439	737,003602880388	1	1263,11453469956	737,003602880388
6615	740,001680375123	750,025242890572	1	1259,99831962488	750,025242890572
6620	740,239523944245	743,84697100353	1	1259,76047605576	743,84697100353
6622	736,62381844378	749,206853615274	1	1263,37618155622	749,206853615274
6655	737,144330486973	762,844328870325	1	1262,85566951303	762,844328870325
6661	733,565234942796	782,670685263215	1	1266,4347650572	782,670685263215
6671	731,782417740929	788,762043107527	1	1268,21758225907	788,762043107527
6698	732,007084364148	795,252899729791	1	1267,99291563585	795,252899729791
6714	731,523905541438	774,376178964716	1	1268,47609445856	774,376178964716
6729	732,273041278133	762,145146925358	1	1267,72695872187	762,145146925358
6738	735,456652991383	738,060581327359	1	1264,54334700862	738,060581327359
6762	737,224053553799	727,279949801971	1	1262,7759464462	727,279949801971
6796	737,029728269949	732,342170157791	1	1262,97027173005	732,342170157791
6802	743,783071304205	734,539842503438	1	1256,2169286958	734,539842503438
6805	745,763408490123	737,134343703328	1	1254,23659150988	737,134343703328
6821	746,922510564372	739,832046831311	1	1253,07748943563	739,832046831311
6834	753,409816549544	753,895267440452	1	1246,59018345046	753,895267440452
6850	754,036443174862	756,093356566302	1	1245,96355682514	756,093356566302
6868	753,923309145725	756,894350634205	1	1246,07669085428	756,894350634205
6933	747,400885528389	762,50629275514	1	1252,59911447161	762,50629275514
6959	747,856756332542	764,203801560908	1	1252,14324366746	764,203801560908
6965	751,983414904955	765,631066405405	1	1248,01658509505	765,631066405405
6969	753,462216519312	767,659775439562	1	1246,53778348069	767,659775439562
7044	750,959726073243	764,206021983657	1	1249,04027392676	764,206021983657
7046	748,623698389511	761,879514222554	1	1251,37630161049	761,879514222554
7051	732,900407873345	757,791454133992	1	1267,09959212665	757,791454133992
7067	737,059135747812	759,782953960929	1	1262,94086425219	759,782953960929
7072	727,756294509933	757,853153160837	1	1272,24370549007	757,853153160837
7074	729,981609509521	760,993605107311	1	1270,01839049048	760,993605107311
7088	735,671238026988	766,374976935273	1	1264,32876197301	766,374976935273
7091	752,441239718857	765,803409106302	1	1247,55876028114	765,803409106302
7093	748,568032271975	759,302094374627	1	1251,43196772803	759,302094374627
7126	744,966011097199	760,832069011873	1	1255,0339889028	760,832069011873
7162	749,793542826559	764,918130116592	1	1250,20645717344	764,918130116592
7185	744,005420240767	771,588257918671	1	1255,99457975923	771,588257918671
7189	742,693348402367	764,78747138535	1	1257,30665159763	764,78747138535
7196	738,325675841492	765,570918408439	1	1261,67432415851	765,570918408439
7203	736,045443865789	768,42724214988	1	1263,95455613421	768,42724214988
7216	731,503753988829	768,733640539814	1	1268,49624601117	768,733640539814
7232	731,684529559234	766,936914777042	1	1268,31547044077	766,936914777042
7239	730,611189600268	753,715250649009	1	1269,38881039973	753,715250649009
7261	731,61342726817	752,630233584504	1	1268,38657273183	752,630233584504
7299	731,266424253153	751,659015357292	1	1268,73357574685	751,659015357292
7308	731,584887434123	755,00102116473	1	1268,41511256588	755,00102116473
7314	732,497027250198	754,379651051474	1	1267,5029727498	754,379651051474
7326	744,802941109173	752,881540649912	1	1255,19705889083	752,881540649912
7331	742,635145541017	751,533996710424	1	1257,36485445898	751,533996710424
7373	740,012338567758	750,919139378985	1	1259,98766143224	750,919139378985
7386	739,886086136771	748,205101613981	1	1260,11391386323	748,205101613981
7389	740,146748958568	744,752763484539	1	1259,85325104143	744,752763484539
7421	741,222151676775	744,722462832576	1	1258,77784832322	744,722462832576
7444	743,38621904244	739,04798197631	1	1256,61378095756	739,04798197631
7494	740,54183517169	739,624481078463	1	1259,45816482831	739,624481078463
7496	735,76398867332	746,509942625429	1	1264,23601132668	746,509942625429
7499	736,834567884995	745,543334248262	1	1263,16543211501	745,543334248262
7504	732,135229937089	756,32877186709	1	1267,86477006291	756,32877186709
7510	733,657773905543	769,011795828257	1	1266,34222609446	769,011795828257
7528	750,178660364038	771,367039105016	1	1249,82133963596	771,367039105016
7582	757,573359572809	761,39954415025	1	1242,42664042719	761,39954415025
7620	754,860064129761	756,464906175385	1	1245,13993587024	756,464906175385
7622	729,275263115889	730,04142645031	1	1270,72473688411	730,04142645031
7624	722,312824663502	739,460927277489	1	1277,6871753365	739,460927277489
7628	727,755305142236	737,897663685874	1	1272,24469485776	737,897663685874
7631	724,905415176931	730,647095984352	1	1275,09458482307	730,647095984352
7660	728,167083701099	733,888786806902	1	1271,8329162989	733,888786806902
7684	734,580102780193	735,715436462145	1	1265,41989721981	735,715436462145
7688	739,542694189282	740,678299689765	1	1260,45730581072	740,678299689765
7710	737,906073943968	737,806152841349	1	1262,09392605603	737,806152841349
7732	739,402149835568	739,647886680076	1	1260,59785016443	739,647886680076
7739	742,0078091708	745,45452364714	1	1257,9921908292	745,45452364714
7745	740,977896634727	745,371622378801	1	1259,02210336527	745,371622378801
7766	748,042122318842	749,331897083858	1	1251,95787768116	749,331897083858
7787	747,10097537601	749,343202784181	1	1252,89902462399	749,343202784181
7954	744,924724426155	746,064491248929	1	1255,07527557384	746,064491248929
8018	745,999948461635	748,336118333476	1	1254,00005153836	748,336118333476
8021	736,805438881308	743,729392015744	1	1263,19456111869	743,729392015744
8027	719,954616653891	736,155582020335	1	1280,04538334611	736,155582020335
8032	716,741610718153	734,672652578011	1	1283,25838928185	734,672652578011
8035	717,492865592487	735,689671425833	1	1282,50713440751	735,689671425833
8037	719,767587775476	735,003496428809	1	1280,23241222452	735,003496428809
8040	732,311493470536	730,057419636683	1	1267,68850652946	730,057419636683
8057	732,936370668668	730,345149178881	1	1267,06362933133	730,345149178881
8061	731,493079763537	738,447878929007	1	1268,50692023646	738,447878929007
8066	732,139382529564	738,486324911593	1	1267,86061747044	738,486324911593
8070	733,328436357212	740,979793759353	1	1266,67156364279	740,979793759353
8072	731,833876513125	742,985303953132	1	1268,16612348688	742,985303953132
8082	733,266157367086	747,571954692112	1	1266,73384263291	747,571954692112
8085	733,557911876554	750,571603720687	1	1266,44208812345	750,571603720687
8088	731,481709158201	755,752970472307	1	1268,5182908418	755,752970472307
8091	722,362962026051	758,979983271872	1	1277,63703797395	758,979983271872
8115	720,227672956193	771,624418310764	1	1279,77232704381	771,624418310764
8135	721,520351868934	775,397276281784	1	1278,47964813107	775,397276281784
8178	719,007972503716	772,419249644166	1	1280,99202749628	772,419249644166
8230	698,257777767613	783,510341535817	1	1301,74222223239	783,510341535817
8235	694,455246543423	785,162975921738	1	1305,54475345658	785,162975921738
8238	698,01844962618	781,773171658033	1	1301,98155037382	781,773171658033
8239	698,837501069675	779,699808655395	1	1301,16249893032	779,699808655395
8241	707,414594481393	773,935460476985	1	1292,58540551861	773,935460476985
8243	707,572439985153	773,500560702504	1	1292,42756001485	773,500560702504
8320	722,920547358291	761,529557138471	1	1277,07945264171	761,529557138471
8334	715,151855396719	760,052280716074	1	1284,84814460328	760,052280716074
8337	716,066166163776	754,110489967884	1	1283,93383383622	754,110489967884
8341	716,404115566296	755,549482435737	1	1283,5958844337	755,549482435737
8347	716,47795204393	755,224808737303	1	1283,52204795607	755,224808737303
8350	718,872653540885	753,981206025757	1	1281,12734645911	753,981206025757
8356	725,808807492831	761,620065073505	1	1274,19119250717	761,620065073505
8358	725,585632960224	759,105992472528	1	1274,41436703978	759,105992472528
8404	711,386993781062	770,426494066011	1	1288,61300621894	770,426494066011
8428	711,042456921982	768,020596505479	1	1288,95754307802	768,020596505479
8488	716,002634321546	770,997463048882	1	1283,99736567845	770,997463048882
8506	719,156492712556	770,780460920584	1	1280,84350728744	770,780460920584
8512	718,89939047827	771,636265842498	1	1281,10060952173	771,636265842498
8516	732,287996719657	763,086918868144	1	1267,71200328034	763,086918868144
8523	737,728533621359	757,693953813836	1	1262,27146637864	757,693953813836
8529	740,590526277571	760,68737731545	1	1259,40947372243	760,68737731545
8531	739,580490416085	756,581215415851	1	1260,41950958391	756,581215415851
8540	735,902880408046	754,471665643899	1	1264,09711959195	754,471665643899
8554	734,458711193451	744,448435295179	1	1265,54128880655	744,448435295179
8574	728,763367330113	746,337725095911	1	1271,23663266989	746,337725095911
8597	727,833901572734	749,429584132734	1	1272,16609842727	749,429584132734
8618	736,72815161648	752,296292724255	1	1263,27184838352	752,296292724255
8621	732,511754153179	752,270529939564	1	1267,48824584682	752,270529939564
8632	722,420038888883	749,988766276769	1	1277,57996111112	749,988766276769
8664	724,641813245007	751,143572046831	1	1275,35818675499	751,143572046831
8679	725,335939738589	736,926698291619	1	1274,66406026141	736,926698291619
8685	726,005591577299	744,525119097507	1	1273,9944084227	744,525119097507
8726	731,240810161383	730,549575009873	1	1268,75918983862	730,549575009873
8731	730,272304624095	726,843317745046	1	1269,7276953759	726,843317745046
8734	730,267724000536	738,032227907455	1	1269,73227599946	738,032227907455
8860	728,644133388377	735,872622907051	1	1271,35586661162	735,872622907051
8889	725,171546573581	730,0906790014	1	1274,82845342642	730,0906790014
8896	725,984821476187	737,584098351007	1	1274,01517852381	737,584098351007
8900	725,565850583323	744,974568176926	1	1274,43414941668	744,974568176926
8903	726,646694487378	739,830787939198	1	1273,35330551262	739,830787939198
8961	731,055302086786	751,816080049829	1	1268,94469791321	751,816080049829
8989	730,454458993089	757,606231949346	1	1269,54554100691	757,606231949346
8991	729,070037194542	756,400790347839	1	1270,92996280546	756,400790347839
8993	719,842314524615	752,555944966507	1	1280,15768547538	752,555944966507
8996	725,027038657352	753,775540607247	1	1274,97296134265	753,775540607247
8999	725,161423357744	748,493029981512	1	1274,83857664226	748,493029981512
9001	733,143135889861	755,044428755636	1	1266,85686411014	755,044428755636
9003	733,68807997371	754,609334090109	1	1266,31192002629	754,609334090109
9006	734,584553068568	754,606464178113	1	1265,41544693143	754,606464178113
9009	743,501515729831	748,49292534741	1	1256,49848427017	748,49292534741
9013	734,750841761646	755,501902912563	1	1265,24915823835	755,501902912563
9028	735,182645872218	755,05944865531	1	1264,81735412778	755,05944865531
9043	746,482590236943	757,543948261221	1	1253,51740976306	757,543948261221
9065	757,695057131208	758,717618454715	1	1242,30494286879	758,717618454715
9068	747,796937699573	749,219260995532	1	1252,20306230043	749,219260995532
9092	749,783762841354	754,248501249898	1	1250,21623715865	754,248501249898
9099	747,179398053336	761,672689304391	1	1252,82060194666	761,672689304391
9110	738,635790915426	763,265984088656	1	1261,36420908457	763,265984088656
9153	725,085303240078	745,615990083802	1	1274,91469675992	745,615990083802
9168	766,159743891	743,087127222866	1	1233,840256109	743,087127222866
9184	761,349163010283	745,770673044949	1	1238,65083698972	745,770673044949
9186	765,924941734262	746,80415391135	1	1234,07505826574	746,80415391135
9273	748,956716757626	758,910461259274	1	1251,04328324237	758,910461259274
9291	750,110429955209	754,987424780841	1	1249,88957004479	754,987424780841
9294	731,682529014526	759,548189627549	1	1268,31747098547	759,548189627549
9296	724,211940196094	755,334274082549	1	1275,78805980391	755,334274082549
9298	718,671006035147	750,924293295143	1	1281,32899396485	750,924293295143
9311	709,314437961577	747,681646074598	1	1290,68556203842	747,681646074598
9318	709,284843091815	749,849914058605	1	1290,71515690818	749,849914058605
9320	712,750846293843	759,221027457271	1	1287,24915370616	759,221027457271
9339	717,0758405081	783,13319155253	1	1282,9241594919	783,13319155253
9356	724,196713941983	803,102842800835	1	1275,80328605802	803,102842800835
9386	722,222568391934	792,199836750714	1	1277,77743160807	792,199836750714
9445	719,351136191857	755,711208568337	1	1280,64886380814	755,711208568337
9498	720,140410084555	752,786864643218	1	1279,85958991545	752,786864643218
9502	718,537277243034	751,837287670996	1	1281,46272275697	751,837287670996
9505	718,638843854041	747,504926803415	1	1281,36115614596	747,504926803415
9508	716,049118596378	762,77620060709	1	1283,95088140362	762,77620060709
9510	710,447769662358	766,935438391587	1	1289,55223033764	766,935438391587
9526	710,099991500116	763,62407759859	1	1289,90000849988	763,62407759859
9528	707,491524583627	761,1318676872	1	1292,50847541637	761,1318676872
9532	706,665869577258	760,007538349751	1	1293,33413042274	760,007538349751
9562	705,779724405979	759,213314934153	1	1294,22027559402	759,213314934153
9572	707,932224126442	758,183136020307	1	1292,06777587356	758,183136020307
9592	708,868195080438	752,089395779393	1	1291,13180491956	752,089395779393
9608	719,494436271584	755,158277789478	1	1280,50556372842	755,158277789478
9635	712,732632980219	750,756792016614	1	1287,26736701978	750,756792016614
9655	710,676551603026	757,904096672261	1	1289,32344839697	757,904096672261
9691	704,407493784357	746,427393725845	1	1295,59250621564	746,427393725845
9699	705,220813715315	748,822764969297	1	1294,77918628469	748,822764969297
9712	705,811974385005	752,211314579241	1	1294,188025615	752,211314579241
9721	708,668956449779	758,575448928379	1	1291,33104355022	758,575448928379
9725	717,523676585266	762,879166226556	1	1282,47632341473	762,879166226556
9730	717,050401331578	763,985746026154	1	1282,94959866842	763,985746026154
9761	719,221178702615	766,523585982143	1	1280,77882129738	766,523585982143
9780	716,237339739902	779,271327928574	1	1283,7626602601	779,271327928574
9785	704,570359129567	840,616706379674	1	1295,42964087043	840,616706379674
9813	732,684068888726	789,485090189875	1	1267,31593111127	789,485090189875
9831	706,61781138706	819,111789173572	1	1293,38218861294	819,111789173572
9835	710,716021417966	813,281910971802	1	1289,28397858203	813,281910971802
9860	718,221447962754	773,8577258065	1	1281,77855203725	773,8577258065
9862	719,662686476496	779,747947836414	1	1280,3373135235	779,747947836414
9882	720,596948444968	778,955030650302	1	1279,40305155503	778,955030650302
9919	721,828063619374	790,964480994228	1	1278,17193638063	790,964480994228
9996	724,580561907264	784,662215189403	1	1275,41943809274	784,662215189403
10002	724,14449124451	785,973195828494	1	1275,85550875549	785,973195828494
10015	719,692955573006	774,993541322714	1	1280,30704442699	774,993541322714
10018	714,292790171404	761,318090461962	1	1285,7072098286	761,318090461962
10021	717,639253631811	761,607996355326	1	1282,36074636819	761,607996355326
10026	720,308267066522	760,169628600849	1	1279,69173293348	760,169628600849
10030	719,442038246843	758,353666748921	1	1280,55796175316	758,353666748921
10032	744,021526643358	750,312503459799	1	1255,97847335664	750,312503459799
10056	748,498007172398	756,008823127597	1	1251,5019928276	756,008823127597
