2	803,088360480403	665,586752383548	1	1196,9116395196	665,586752383548
6	815,330788520479	651,655457431512	1	1184,66921147952	651,655457431512
9	810,140052764663	646,931531068777	1	1189,85994723534	646,931531068777
31	813,628727067343	640,142505633807	1	1186,37127293266	640,142505633807
51	816,20935726695	616,073527201543	1	1183,79064273305	616,073527201543
68	816,260553762945	616,018204197201	1	1183,73944623706	616,018204197201
83	811,972778960914	619,602926426738	1	1188,02722103909	619,602926426738
99	809,360268525945	627,979114820176	1	1190,63973147406	627,979114820176
122	781,085682232623	667,248179882962	1	1218,91431776738	667,248179882962
151	786,336225366002	662,112218674978	1	1213,663774634	662,112218674978
155	791,802543857544	658,059685126951	1	1208,19745614246	658,059685126951
169	809,71066452883	653,505143947315	1	1190,28933547117	653,505143947315
200	826,276645796283	644,333188692338	1	1173,72335420372	644,333188692338
216	823,343845459682	647,333718593378	1	1176,65615454032	647,333718593378
237	802,054457438288	652,800795850749	1	1197,94554256171	652,800795850749
248	808,095323708157	645,1349699833	1	1191,90467629184	645,1349699833
266	798,628524607347	625,424876580226	1	1201,37147539265	625,424876580226
274	815,542354223522	610,68748568251	1	1184,45764577648	610,68748568251
289	809,138912488483	427,271500167972	1	1190,86108751152	427,271500167972
310	814,134330701553	451,972420867152	1	1185,86566929845	451,972420867152
327	818,259702941563	428,237547631211	1	1181,74029705844	428,237547631211
352	817,388707058259	254,045986219002	1	1182,61129294174	254,045986219002
365	818,904100860466	263,221689653495	1	1181,09589913953	263,221689653495
376	843,71133425743	281,009442043523	1	1156,28866574257	281,009442043523
399	836,293389920146	276,833511393324	1	1163,70661007985	276,833511393324
415	845,452212283936	281,367945034294	1	1154,54778771606	281,367945034294
440	907,12086685316	311,871780324624	1	1092,87913314684	311,871780324624
466	900,370809138288	309,336606878729	1	1099,62919086171	309,336606878729
472	904,106296704102	314,360656091801	1	1095,8937032959	314,360656091801
502	881,964535560444	308,775640558734	1	1118,03546443956	308,775640558734
513	878,001675156534	308,136796743218	1	1121,99832484347	308,136796743218
530	818,850800004014	281,969310886135	1	1181,14919999599	281,969310886135
546	814,381853888373	300,012716277173	1	1185,61814611163	300,012716277173
565	810,355197829877	285,71403798119	1	1189,64480217012	285,71403798119
600	808,983234865623	280,386010577469	1	1191,01676513438	280,386010577469
604	816,086839631085	285,816034132889	1	1183,91316036891	285,816034132889
606	813,165413852425	280,954119384601	1	1186,83458614758	280,954119384601
649	800,989002314961	320,378294328242	1	1199,01099768504	320,378294328242
684	824,478996722197	302,353054796888	1	1175,5210032778	302,353054796888
703	823,427299468376	307,459607351257	1	1176,57270053162	307,459607351257
710	822,353205495129	328,482170355097	1	1177,64679450487	328,482170355097
723	818,39380722787	296,48279428936	1	1181,60619277213	296,48279428936
739	845,651919103642	322,090259762994	1	1154,34808089636	322,090259762994
753	835,570896135485	299,969347390318	1	1164,42910386451	299,969347390318
775	827,38123266029	283,903850500669	1	1172,61876733971	283,903850500669
800	814,877281192652	261,832069147097	1	1185,12271880735	261,832069147097
812	830,911788642603	279,55478574571	1	1169,0882113574	279,55478574571
845	794,498087351688	279,889176440161	1	1205,50191264831	279,889176440161
865	784,278470126408	318,629136042172	1	1215,72152987359	318,629136042172
882	767,325060963719	400,753155863187	1	1232,67493903628	400,753155863187
884	715,644238296805	423,257683502081	1	1284,3557617032	423,257683502081
901	681,338905202464	467,468011021811	1	1318,66109479754	467,468011021811
915	649,78820264827	514,026807364306	1	1350,21179735173	514,026807364306
947	602,934650209006	574,181583661007	1	1397,06534979099	574,181583661007
971	603,712395430819	576,184446870842	1	1396,28760456918	576,184446870842
976	620,403045450954	581,043210081483	1	1379,59695454905	581,043210081483
1030	623,712966391744	585,452778400952	1	1376,28703360826	585,452778400952
1069	624,413497108794	585,24125991273	1	1375,58650289121	585,24125991273
1079	626,209260026616	587,550201998651	1	1373,79073997338	587,550201998651
1082	621,163582697255	571,477156093791	1	1378,83641730275	571,477156093791
1085	614,210324121133	555,896198642431	1	1385,78967587887	555,896198642431
1122	625,332607438165	535,47836910111	1	1374,66739256184	535,47836910111
1125	643,818593122298	499,486259954873	1	1356,1814068777	499,486259954873
1132	649,358282407808	495,85935629132	1	1350,64171759219	495,85935629132
1147	648,047260184109	498,825831763482	1	1351,95273981589	498,825831763482
1160	644,593016017986	509,545847225873	1	1355,40698398201	509,545847225873
1177	644,50042928799	519,062687996668	1	1355,49957071201	519,062687996668
1190	637,432814583705	557,99102351769	1	1362,5671854163	557,99102351769
1212	635,260649336738	565,481942331987	1	1364,73935066326	565,481942331987
1244	634,345160548719	564,38928989389	1	1365,65483945128	564,38928989389
1273	636,382290743183	566,697920810344	1	1363,61770925682	566,697920810344
1282	630,831872481483	588,073006767399	1	1369,16812751852	588,073006767399
1299	637,204157527217	575,722172908466	1	1362,79584247278	575,722172908466
1315	628,171087783688	589,511554513456	1	1371,82891221631	589,511554513456
1323	649,349203785502	545,700234960041	1	1350,6507962145	545,700234960041
1341	654,405889885378	538,100938198506	1	1345,59411011462	538,100938198506
1357	656,885005636587	608,765343942905	1	1343,11499436341	608,765343942905
1369	669,857925176917	652,788769526734	1	1330,14207482308	652,788769526734
1400	685,770728322098	739,909899723974	1	1314,2292716779	739,909899723974
1415	699,944218977468	789,390186434089	1	1300,05578102253	789,390186434089
1425	723,706432536759	907,074510634412	1	1276,29356746324	907,074510634412
1453	727,476219859023	910,803625971169	1	1272,52378014098	910,803625971169
1473	745,894699127459	963,403312227247	1	1254,10530087254	963,403312227247
1475	765,902815044128	952,556666104411	1	1234,09718495587	952,556666104411
1708	181,965750783778	742,672361374381	0			1818,03424921622	742,672361374381
1730	259,037825204794	835,036491769883	1	1740,96217479521	835,036491769883
1740	244,391578459343	799,44486238841	1	1755,60842154066	799,44486238841
1764	280,328898359016	751,677845284314	1	1719,67110164098	751,677845284314
1790	283,960465883628	740,526134565208	1	1716,03953411637	740,526134565208
1792	280,048447735896	742,031987583911	1	1719,9515522641	742,031987583911
1809	283,440656701431	758,808621760764	1	1716,55934329857	758,808621760764
1825	281,272901835096	758,844833697645	1	1718,7270981649	758,844833697645
1847	285,333963591524	881,252890545898	1	1714,66603640848	881,252890545898
1862	286,248699484633	895,922838034082	1	1713,75130051537	895,922838034082
1893	280,580513358765	857,4099958862	1	1719,41948664123	857,4099958862
1909	275,288272482327	893,830378683656	1	1724,71172751767	893,830378683656
1917	258,943365989119	792,010650866588	1	1741,05663401088	792,010650866588
1954	244,309027997731	786,96595635003	1	1755,69097200227	786,96595635003
1959	247,370734247164	787,746928973515	1	1752,62926575284	787,746928973515
1973	254,533434881814	789,19508084565	1	1745,46656511819	789,19508084565
2004	291,247147298817	777,894923171562	1	1708,75285270118	777,894923171562
2022	279,771362586147	779,011304195849	1	1720,22863741385	779,011304195849
2065	399,029243717967	775,404913312173	1	1600,97075628203	775,404913312173
2073	565,761602951645	762,51394838653	1	1434,23839704836	762,51394838653
2080	878,177250715687	730,703013990347	1	1121,82274928431	730,703013990347
2100	928,705766458003	727,61677962088	1	1071,294233542	727,61677962088
2105	1043,37268016663	717,955059257089	1	956,627319833369	717,955059257089
2107	1040,77016244508	720,090485152558	1	959,229837554922	720,090485152558
2122	1305,10325115523	694,217385856199	1	694,896748844767	694,217385856199
2145	1377,69445263434	671,066063329785	0			622,305547365661	671,066063329785
2183	1361,97750810754	652,118043445344	0			638,022491892463	652,118043445344
2186	1354,98064310045	646,096222333896	0			645,019356899548	646,096222333896
2192	1346,70046126942	642,124883769916	0			653,299538730578	642,124883769916
2210	1347,47700872669	643,251233638144	0			652,522991273314	643,251233638144
2221	1358,31142538371	666,072975865878	0			641,68857461629	666,072975865878
2247	1356,04964094634	662,277693288185	0			643,950359053657	662,277693288185
2252	1359,77882692754	663,308505121736	0			640,221173072463	663,308505121736
2270	1355,88707736037	640,878061521631	0			644,112922639625	640,878061521631
2311	1365,14776600521	647,782140551392	0			634,852233994793	647,782140551392
2329	1379,39866114401	656,680066291372	0			620,60133885599	656,680066291372
2340	1398,42448298153	668,000804445563	0			601,575517018471	668,000804445563
2343	1420,79247013171	678,463385893247	0			579,207529868294	678,463385893247
2368	1449,33731396755	670,949875606368	0			550,662686032445	670,949875606368
2374	1488,09059669791	643,447551573018	0			511,909403302088	643,447551573018
2385	1473,26809990811	658,532375566121	0			526,731900091885	658,532375566121
2407	1482,57445635006	672,74001440874	0			517,425543649943	672,74001440874
2414	1495,99552496216	667,814309375416	0			504,004475037842	667,814309375416
2446	1488,84360136834	681,167845106155	0			511,156398631663	681,167845106155
2472	1484,25185486494	678,937865947264	0			515,748145135061	678,937865947264
2476	1479,53440859078	677,457879404053	0			520,46559140922	677,457879404053
2509	1479,25708194563	678,949669265466	0			520,742918054373	678,949669265466
2527	1478,12475087052	685,182303844391	0			521,875249129482	685,182303844391
2540	1481,2083718646	685,999929169976	0			518,791628135398	685,999929169976
2547	1480,5421434889	680,692218533558	0			519,457856511098	680,692218533558
2555	1473,8710643009	672,888317596399	0			526,128935699098	672,888317596399
2578	1473,11736598747	672,2795689166	0			526,882634012527	672,2795689166
2599	1477,90105867959	672,425543534046	0			522,098941320407	672,425543534046
2614	1475,23673908555	671,78568999083	0			524,763260914453	671,78568999083
2624	1467,57448219682	675,779149114213	0			532,42551780318	675,779149114213
2643	1447,04415791796	700,20376515075	0			552,955842082038	700,20376515075
2658	1450,3567038332	692,448337244462	0			549,643296166795	692,448337244462
2670	1467,0896981226	675,352666894983	0			532,9103018774	675,352666894983
2681	1467,10040874291	675,574054437781	0			532,899591257091	675,574054437781
2703	1462,05290322754	681,735667039257	0			537,947096772464	681,735667039257
2730	1460,41574304817	685,152262692198	0			539,584256951832	685,152262692198
2746	1458,02597697585	674,05263885843	0			541,974023024146	674,05263885843
2770	1455,01559496114	675,100967714843	0			544,984405038864	675,100967714843
2780	1441,29167474031	677,826035390452	0			558,708325259691	677,826035390452
2797	1409,37797361307	687,579105551092	0			590,622026386933	687,579105551092
2808	1384,51920788502	694,405604004481	0			615,480792114979	694,405604004481
2820	1371,96389640082	698,338193462356	0			628,036103599179	698,338193462356
2858	1358,47609759948	700,044342368132	0			641,523902400523	700,044342368132
2862	1369,71039840963	696,701513416913	0			630,289601590368	696,701513416913
2869	1367,21716350436	691,523748594092	0			632,782836495643	691,523748594092
2900	1349,5026512709	704,075422846911	0			650,497348729104	704,075422846911
2907	1351,44017574065	703,326220982613	0			648,559824259351	703,326220982613
2928	1338,3818864596	704,769944694945	0			661,618113540399	704,769944694945
2939	1346,75263630827	703,696995319334	0			653,247363691734	703,696995319334
2953	1341,91454769303	704,426092793012	0			658,08545230697	704,426092793012
2981	1338,16823948557	710,716267773145	0			661,831760514434	710,716267773145
2998	1338,18065207923	707,266964635078	0			661,819347920769	707,266964635078
3006	1340,5399601084	704,619793348607	0			659,460039891598	704,619793348607
3037	1340,72355812554	702,355004049028	0			659,276441874461	702,355004049028
3046	1336,65368908138	703,539580419032	0			663,346310918618	703,539580419032
3076	1333,4738892302	695,760180726161	0			666,526110769805	695,760180726161
3102	1332,92029152956	700,708726629789	0			667,079708470443	700,708726629789
3107	1321,39791752857	697,374993816219	1	678,602082471431	697,374993816219
3109	1328,66986115925	691,521128406527	0			671,330138840749	691,521128406527
3123	1320,0812293652	697,967776622512	1	679,918770634805	697,967776622512
3145	1321,69876392411	698,816497506879	1	678,301236075891	698,816497506879
3173	1323,42858204304	703,120797724975	1	676,571417956962	703,120797724975
3176	1313,88157468002	706,889608523651	1	686,118425319978	706,889608523651
3201	1317,75621898085	718,5473265687	1	682,243781019149	718,5473265687
3227	1316,47993078805	728,322292300691	1	683,520069211951	728,322292300691
3242	1314,96483830013	725,303197726933	1	685,035161699869	725,303197726933
3259	1171,24682489798	720,243211682547	1	828,753175102021	720,243211682547
3272	426,573777585208	663,155772021151	1	1573,42622241479	663,155772021151
3297	360,326730426947	643,315006505444	1	1639,67326957305	643,315006505444
3314	309,174865366044	638,077902985885	1	1690,82513463396	638,077902985885
3318	291,312081106603	640,856154896388	1	1708,6879188934	640,856154896388
3348	244,582276725544	669,33790095955	1	1755,41772327446	669,33790095955
3362	245,050784637181	680,164364063252	1	1754,94921536282	680,164364063252
3405	245,261901733098	686,102184426204	1	1754,7380982669	686,102184426204
3420	240,355560065439	699,523747742351	1	1759,64443993456	699,523747742351
3438	232,874823694608	699,207708083992	1	1767,12517630539	699,207708083992
3453	231,810607232855	691,108880575552	1	1768,18939276714	691,108880575552
3478	246,225086550431	665,501407315277	1	1753,77491344957	665,501407315277
3521	247,044038058092	654,142003447196	1	1752,95596194191	654,142003447196
3548	248,060234041191	657,679345094651	1	1751,93976595881	657,679345094651
3572	232,192524928165	674,911620563602	1	1767,80747507183	674,911620563602
3576	212,393313023483	716,94805649996	0			1787,60668697652	716,94805649996
3579	205,57190745638	747,831220450441	0			1794,42809254362	747,831220450441
3587	201,367812799436	758,350926233616	0			1798,63218720056	758,350926233616
3590	170,784289258994	806,428789102749	0			1829,21571074101	806,428789102749
3613	172,608214164853	807,426377655525	0			1827,39178583515	807,426377655525
3645	185,800834321959	801,878871710889	0			1814,19916567804	801,878871710889
3677	179,080553357281	823,117420279523	0			1820,91944664272	823,117420279523
3695	186,533941939839	828,796927171971	0			1813,46605806016	828,796927171971
3699	185,475732653324	829,347119840626	0			1814,52426734668	829,347119840626
3724	189,303375380363	828,7724295622	0			1810,69662461964	828,7724295622
3726	189,427620997299	824,716371805657	0			1810,5723790027	824,716371805657
3728	188,054372377427	818,447526921422	0			1811,94562762257	818,447526921422
3777	182,172966400141	810,017925770925	0			1817,82703359986	810,017925770925
3796	180,59530578095	810,827842052979	0			1819,40469421905	810,827842052979
3801	177,754555909302	804,164363899569	0			1822,2454440907	804,164363899569
3812	179,902482443829	794,095983518279	0			1820,09751755617	794,095983518279
3889	184,006941740227	792,517251944775	0			1815,99305825977	792,517251944775
3943	190,509498075138	796,206001094646	0			1809,49050192486	796,206001094646
3948	193,088501320974	799,107416626212	0			1806,91149867903	799,107416626212
3951	194,764544983839	794,321760966263	0			1805,23545501616	794,321760966263
3962	183,794634112744	793,982512325294	0			1816,20536588726	793,982512325294
3965	175,50282375979	795,482860189264	0			1824,49717624021	795,482860189264
3967	172,048664514862	790,63663057355	0			1827,95133548514	790,63663057355
3982	166,682659120133	805,968162423148	0			1833,31734087987	805,968162423148
3998	168,780587814531	806,621812471293	0			1831,21941218547	806,621812471293
4009	172,658615828714	806,950845920146	0			1827,34138417129	806,950845920146
4013	180,809095942048	809,927332339097	0			1819,19090405795	809,927332339097
4034	182,40741997068	810,074154778186	0			1817,59258002932	810,074154778186
4038	184,825298785921	809,108664068313	0			1815,17470121408	809,108664068313
4041	183,259233461919	810,209471215424	0			1816,74076653808	810,209471215424
4059	200,575045448862	826,985594348437	0			1799,42495455114	826,985594348437
4084	231,416424627861	855,191895905491	1	1768,58357537214	855,191895905491
4099	261,430031770561	888,704988415966	1	1738,56996822944	888,704988415966
4141	261,473343659702	890,176019684516	1	1738,5266563403	890,176019684516
4146	263,999183650784	892,564077759725	1	1736,00081634922	892,564077759725
4175	414,262311398266	959,800153168835	1	1585,73768860173	959,800153168835
4223	524,635946321614	1039,46722809399	0			1475,36405367839	1039,46722809399
4246	555,42106751871	1066,64845816178	0			1444,57893248129	1066,64845816178
4275	555,42106751871	1066,64845816178	0			1444,57893248129	1066,64845816178
4851	869,12622544372	1071,09931633227	0			1130,87377455628	1071,09931633227
4870	869,12622544372	1071,09931633227	0			1130,87377455628	1071,09931633227
4875	869,12622544372	1071,09931633227	0			1130,87377455628	1071,09931633227
4901	869,12622544372	1071,09931633227	0			1130,87377455628	1071,09931633227
4904	869,12622544372	1071,09931633227	0			1130,87377455628	1071,09931633227
4960	869,12622544372	1071,09931633227	0			1130,87377455628	1071,09931633227
4978	869,12622544372	1071,09931633227	0			1130,87377455628	1071,09931633227
4981	869,12622544372	1071,09931633227	0			1130,87377455628	1071,09931633227
4982	869,12622544372	1071,09931633227	0			1130,87377455628	1071,09931633227
5000	869,12622544372	1071,09931633227	0			1130,87377455628	1071,09931633227
5011	869,12622544372	1071,09931633227	0			1130,87377455628	1071,09931633227
5027	869,12622544372	1071,09931633227	0			1130,87377455628	1071,09931633227
5040	869,12622544372	1071,09931633227	0			1130,87377455628	1071,09931633227
5059	869,12622544372	1071,09931633227	0			1130,87377455628	1071,09931633227
5074	869,12622544372	1071,09931633227	0			1130,87377455628	1071,09931633227
5957	737,376497632863	1063,66981288257	0			1262,62350236714	1063,66981288257
5973	737,376497632863	1063,66981288257	0			1262,62350236714	1063,66981288257
5978	737,376497632863	1063,66981288257	0			1262,62350236714	1063,66981288257
5982	737,376497632863	1063,66981288257	0			1262,62350236714	1063,66981288257
6031	737,376497632863	1063,66981288257	0			1262,62350236714	1063,66981288257
6038	737,376497632863	1063,66981288257	0			1262,62350236714	1063,66981288257
6042	737,376497632863	1063,66981288257	0			1262,62350236714	1063,66981288257
6059	737,376497632863	1063,66981288257	0			1262,62350236714	1063,66981288257
6063	737,376497632863	1063,66981288257	0			1262,62350236714	1063,66981288257
6078	737,376497632863	1063,66981288257	0			1262,62350236714	1063,66981288257
6097	737,376497632863	1063,66981288257	0			1262,62350236714	1063,66981288257
6105	737,376497632863	1063,66981288257	0			1262,62350236714	1063,66981288257
6131	737,376497632863	1063,66981288257	0			1262,62350236714	1063,66981288257
6135	737,376497632863	1063,66981288257	0			1262,62350236714	1063,66981288257
6167	737,376497632863	1063,66981288257	0			1262,62350236714	1063,66981288257
6510	959,282588032843	1025,09642997737	0			1040,71741196716	1025,09642997737
6529	913,63859207499	1052,29177155735	0			1086,36140792501	1052,29177155735
6562	914,725577745225	1051,64409796124	0			1085,27442225478	1051,64409796124
6566	916,113829621509	1050,81691988471	0			1083,88617037849	1050,81691988471
6591	919,554064864511	1045,59586443357	0			1080,44593513549	1045,59586443357
6594	920,385810688172	1044,61756844859	0			1079,61418931183	1044,61756844859
6599	913,815942283792	1034,86149092862	0			1086,18405771621	1034,86149092862
6619	911,99478948946	1033,32192627448	0			1088,00521051054	1033,32192627448
6642	908,97491703287	1030,63700874895	0			1091,02508296713	1030,63700874895
6672	906,973270134016	1034,27336764887	0			1093,02672986598	1034,27336764887
6676	898,521216875403	1035,5764657293	0			1101,4787831246	1035,5764657293
6703	897,24094447936	1036,82314712164	0			1102,75905552064	1036,82314712164
6707	897,106476116616	1037,45912550926	0			1102,89352388338	1037,45912550926
6723	897,301104135704	1039,46581150135	0			1102,6988958643	1039,46581150135
6739	898,999568125252	1039,94565745429	0			1101,00043187475	1039,94565745429
6758	900,602304447202	1046,57692679791	0			1099,3976955528	1046,57692679791
6772	902,93116272634	1052,61659227275	0			1097,06883727366	1052,61659227275
6797	899,131776246232	1044,83185190174	0			1100,86822375377	1044,83185190174
6819	895,671559572774	1042,13506000937	0			1104,32844042723	1042,13506000937
6838	891,637130238771	1038,08574828126	0			1108,36286976123	1038,08574828126
6875	890,881952038598	1042,04283169656	0			1109,1180479614	1042,04283169656
6895	890,207888134766	1039,58972009558	0			1109,79211186523	1039,58972009558
6897	898,052837895519	1044,16387706991	0			1101,94716210448	1044,16387706991
6899	910,682428371728	1055,74533411732	0			1089,31757162827	1055,74533411732
6907	906,926886734454	1052,67784885263	0			1093,07311326555	1052,67784885263
6919	911,912281566578	1056,74258310929	0			1088,08771843342	1056,74258310929
6946	916,443601510986	1056,45396284142	0			1083,55639848901	1056,45396284142
6963	915,341974309854	1059,14555683446	0			1084,65802569015	1059,14555683446
6977	916,262542966983	1053,1106818913	0			1083,73745703302	1053,1106818913
7007	914,44205732641	1039,01428151835	0			1085,55794267359	1039,01428151835
7012	912,782100893348	1030,73174620512	0			1087,21789910665	1030,73174620512
7040	918,452172826008	1041,68527067618	0			1081,54782717399	1041,68527067618
7046	913,997099643	1047,02635252313	0			1086,002900357	1047,02635252313
7053	906,13189371857	1054,39234521573	0			1093,86810628143	1054,39234521573
7078	899,632296606549	1058,08979568539	0			1100,36770339345	1058,08979568539
7118	900,876145830967	1060,44522535935	0			1099,12385416903	1060,44522535935
7130	892,999945994306	1068,8840448737	0			1107,00005400569	1068,8840448737
7137	891,658266394949	1071,06982146809	0			1108,34173360505	1071,06982146809
7140	894,841665651002	1064,71314953691	0			1105,158334349	1064,71314953691
7155	895,13111067736	1066,81424366438	0			1104,86888932264	1066,81424366438
7177	900,473625597954	1064,94722194237	0			1099,52637440205	1064,94722194237
7184	902,467232828324	1062,83805022121	0			1097,53276717168	1062,83805022121
7202	904,380287141949	1059,88341633752	0			1095,61971285805	1059,88341633752
7217	907,360964504784	1057,08338071925	0			1092,63903549522	1057,08338071925
7249	906,761182585898	1056,95684988797	0			1093,2388174141	1056,95684988797
7270	907,900772150281	1057,97011441678	0			1092,09922784972	1057,97011441678
7272	910,604075256296	1055,81019266503	0			1089,3959247437	1055,81019266503
7306	900,120385904237	1054,57412318285	0			1099,87961409576	1054,57412318285
7313	898,688686467312	1055,21899132163	0			1101,31131353269	1055,21899132163
7336	908,021928215344	1053,12096716022	0			1091,97807178466	1053,12096716022
7339	906,664756000192	1052,7904914021	0			1093,33524399981	1052,7904914021
7365	905,545980456619	1052,51943984681	0			1094,45401954338	1052,51943984681
7373	909,637001944715	1046,3089679855	0			1090,36299805529	1046,3089679855
7400	922,107570532335	1044,16951146217	0			1077,89242946767	1044,16951146217
7415	922,51311625041	1044,83574072326	0			1077,48688374959	1044,83574072326
7428	924,445973548502	1048,21387102272	0			1075,5540264515	1048,21387102272
7450	926,628067115434	1051,36621973682	0			1073,37193288457	1051,36621973682
7456	927,199045569013	1052,6464949764	0			1072,80095443099	1052,6464949764
7475	928,804173864944	1044,97704501461	0			1071,19582613506	1044,97704501461
7487	926,417331258055	1040,36397618147	0			1073,58266874194	1040,36397618147
7501	922,969662841733	1042,7081201188	0			1077,03033715827	1042,7081201188
7519	925,273353033792	1042,26938562549	0			1074,72664696621	1042,26938562549
7545	924,999254682841	1043,33961108147	0			1075,00074531716	1043,33961108147
7561	924,302719439105	1045,57162569111	0			1075,6972805609	1045,57162569111
7595	924,920636039027	1043,47577435393	0			1075,07936396097	1043,47577435393
7599	928,317204257281	1046,3571728636	0			1071,68279574272	1046,3571728636
7608	929,896669250379	1046,05748925503	0			1070,10333074962	1046,05748925503
7626	935,104177445864	1045,99241046183	0			1064,89582255414	1045,99241046183
7634	935,295751017555	1046,26953811191	0			1064,70424898245	1046,26953811191
7662	936,793863952344	1046,27833999268	0			1063,20613604766	1046,27833999268
7666	933,053701763144	1043,19708754852	0			1066,94629823686	1043,19708754852
7698	933,114265692584	1041,66018684524	0			1066,88573430742	1041,66018684524
7710	935,675895581759	1039,41721835168	0			1064,32410441824	1039,41721835168
7727	932,76020284724	1038,55921660137	0			1067,23979715276	1038,55921660137
7740	933,275688238251	1038,18769467502	0			1066,72431176175	1038,18769467502
7760	932,319668284376	1034,48001431644	0			1067,68033171562	1034,48001431644
7770	930,5823630961	1032,00023064768	0			1069,4176369039	1032,00023064768
7822	930,663694197624	1035,68679390004	0			1069,33630580238	1035,68679390004
7832	930,731961527639	1041,92204321926	0			1069,26803847236	1041,92204321926
7834	930,789357173091	1041,92399386464	0			1069,21064282691	1041,92399386464
7853	935,293065119961	1038,67241717234	0			1064,70693488004	1038,67241717234
7864	940,475748739097	1037,15026599917	0			1059,5242512609	1037,15026599917
7878	940,014113094146	1033,52737802257	0			1059,98588690585	1033,52737802257
7892	940,779335795143	1033,63891496682	0			1059,22066420486	1033,63891496682
7905	936,290989045375	1033,84673686433	0			1063,70901095462	1033,84673686433
7921	932,70600094468	1033,34930934779	0			1067,29399905532	1033,34930934779
7942	929,496317461746	1033,14434206753	0			1070,50368253825	1033,14434206753
7949	930,417727473354	1032,7638650624	0			1069,58227252665	1032,7638650624
7978	933,437580853913	1032,12956880052	0			1066,56241914609	1032,12956880052
7999	933,750083963324	1033,38166824593	0			1066,24991603668	1033,38166824593
8010	934,541862090666	1032,13572539249	0			1065,45813790933	1032,13572539249
8032	939,66628573975	1027,83484957375	0			1060,33371426025	1027,83484957375
8039	940,114321981299	1028,18027027583	0			1059,8856780187	1028,18027027583
8060	940,893623642824	1027,89783502373	0			1059,10637635718	1027,89783502373
8071	941,5654622442	1028,49025415097	0			1058,4345377558	1028,49025415097
8084	938,982196577782	1028,11535159792	0			1061,01780342222	1028,11535159792
8101	939,734862906862	1026,48168556881	0			1060,26513709314	1026,48168556881
8121	939,225574016646	1023,46350367291	0			1060,77442598335	1023,46350367291
8152	934,743543948037	1025,54869284439	0			1065,25645605196	1025,54869284439
8165	934,384399134045	1028,5313308099	0			1065,61560086596	1028,5313308099
8173	936,312520192532	1028,97706729856	0			1063,68747980747	1028,97706729856
8195	937,370715006346	1028,34128721169	0			1062,62928499365	1028,34128721169
8205	937,595279059515	1028,23441292939	0			1062,40472094049	1028,23441292939
8219	930,662253535922	1024,28230026031	0			1069,33774646408	1024,28230026031
8238	929,082177050125	1023,95240072997	0			1070,91782294987	1023,95240072997
8250	930,088365078281	1025,57995150861	0			1069,91163492172	1025,57995150861
8267	929,315607899696	1025,37007869546	0			1070,6843921003	1025,37007869546
8312	931,992450343029	1016,81386839788	1	1068,00754965697	1016,81386839788
8323	932,432972568942	1016,8571507274	1	1067,56702743106	1016,8571507274
8347	932,650746123443	1016,08450084384	1	1067,34925387656	1016,08450084384
8364	932,029816415386	1017,27035808644	1	1067,97018358461	1017,27035808644
8366	932,507661777899	1022,27881998801	0			1067,4923382221	1022,27881998801
8379	930,641611582957	1022,94683938325	0			1069,35838841704	1022,94683938325
8405	932,240081343533	1025,67501853793	0			1067,75991865647	1025,67501853793
8416	935,054473577834	1027,9429491109	0			1064,94552642217	1027,9429491109
8428	938,508896431595	1030,51834273863	0			1061,4911035684	1030,51834273863
8449	940,818336736679	1033,8896100217	0			1059,18166326332	1033,8896100217
8462	939,109328358297	1033,2416695359	0			1060,8906716417	1033,2416695359
8477	936,175840653558	1010,98339536785	1	1063,82415934644	1010,98339536785
8496	939,739127672164	1003,4916405347	1	1060,26087232784	1003,4916405347
8522	940,30274258256	1007,72043870134	1	1059,69725741744	1007,72043870134
8537	936,712117892863	1017,95611163137	0			1063,28788210714	1017,95611163137
8553	937,546895024788	1014,19219596634	1	1062,45310497521	1014,19219596634
8566	930,286079994564	1019,92922403789	0			1069,71392000544	1019,92922403789
8570	931,594933704728	1019,37215867524	0			1068,40506629527	1019,37215867524
8597	931,505857685758	1022,20758102363	0			1068,49414231424	1022,20758102363
8612	933,368164789105	1022,82278304414	0			1066,6318352109	1022,82278304414
8626	931,132420516825	1026,07297870997	0			1068,86757948318	1026,07297870997
8644	929,747906588926	1025,37284573989	0			1070,25209341107	1025,37284573989
8656	929,106597553836	1024,10604975606	0			1070,89340244616	1024,10604975606
8677	928,360031674145	1020,4131965027	0			1071,63996832585	1020,4131965027
8688	928,518844471445	1017,48981559146	1	1071,48115552855	1017,48981559146
8707	928,948657302373	1021,73929581035	0			1071,05134269763	1021,73929581035
8714	929,542884220012	1018,23914670515	0			1070,45711577999	1018,23914670515
8745	931,856160406274	1012,80591645136	1	1068,14383959373	1012,80591645136
8775	935,366179474851	1015,63216383864	1	1064,63382052515	1015,63216383864
8801	935,857083512809	1017,60012197305	1	1064,14291648719	1017,60012197305
8805	930,550677070187	1020,69103105618	0			1069,44932292981	1020,69103105618
8807	930,581673216586	1019,10398785222	0			1069,41832678341	1019,10398785222
8851	926,290726134935	1017,82373708863	1	1073,70927386507	1017,82373708863
8853	925,981193424594	1018,77013975814	0			1074,01880657541	1018,77013975814
8862	926,269682263514	1016,28301121001	1	1073,73031773649	1016,28301121001
8876	927,526727112995	1016,945068035	1	1072,47327288701	1016,945068035
8904	926,934128625361	1020,34564076456	0			1073,06587137464	1020,34564076456
8918	927,363576735932	1020,24129386585	0			1072,63642326407	1020,24129386585
8928	930,01623402375	1022,39511185973	0			1069,98376597625	1022,39511185973
8939	932,22170274004	1021,42870211906	0			1067,77829725996	1021,42870211906
8959	931,403488088221	1022,16730277204	0			1068,59651191178	1022,16730277204
8981	926,665942549327	1021,09140290591	0			1073,33405745067	1021,09140290591
8988	925,344346949831	1021,24110484374	0			1074,65565305017	1021,24110484374
9001	925,001792455697	1021,0296198739	0			1074,9982075443	1021,0296198739
9017	925,173216382334	1020,72430771137	0			1074,82678361767	1020,72430771137
9047	921,921634607666	1020,40990858262	0			1078,07836539233	1020,40990858262
9069	922,696221230469	1019,23560531941	0			1077,30377876953	1019,23560531941
9077	919,316026028477	1021,33995024695	0			1080,68397397152	1021,33995024695
9089	919,177171515616	1022,58630506426	0			1080,82282848438	1022,58630506426
9105	917,320525091511	1026,39223652072	0			1082,67947490849	1026,39223652072
9117	918,785601034242	1029,26323394824	0			1081,21439896576	1029,26323394824
9138	918,185603950253	1029,35819774035	0			1081,81439604975	1029,35819774035
9166	919,313394201077	1029,04985267704	0			1080,68660579892	1029,04985267704
9174	929,99605670627	1027,49463770781	0			1070,00394329373	1027,49463770781
9198	933,454527373827	1027,00413560227	0			1066,54547262617	1027,00413560227
9208	935,132854010454	1029,82498294368	0			1064,86714598955	1029,82498294368
9223	935,095331498032	1029,55835593746	0			1064,90466850197	1029,55835593746
9257	932,269618933006	1030,33273308135	0			1067,73038106699	1030,33273308135
9273	928,493461556519	1029,24851119959	0			1071,50653844348	1029,24851119959
9275	928,319294579823	1029,07458195254	0			1071,68070542018	1029,07458195254
9318	928,434768894247	1027,02633070072	0			1071,56523110575	1027,02633070072
9335	928,81925570958	1026,83026348835	0			1071,18074429042	1026,83026348835
9336	929,623111551918	1024,63536418473	0			1070,37688844808	1024,63536418473
9349	929,225686630245	1023,33845600772	0			1070,77431336976	1023,33845600772
9366	929,383078341513	1026,00555204108	0			1070,61692165849	1026,00555204108
9377	925,107132587372	1032,71354533376	0			1074,89286741263	1032,71354533376
9392	924,351032966039	1033,69966598447	0			1075,64896703396	1033,69966598447
9406	922,240882507746	1033,24173141629	0			1077,75911749225	1033,24173141629
9424	918,289253030623	1032,70952597838	0			1081,71074696938	1032,70952597838
9440	911,785898737987	1027,78515287402	0			1088,21410126201	1027,78515287402
9453	913,499768686846	1032,35297888603	0			1086,50023131315	1032,35297888603
9473	913,104525645586	1031,006366166	0			1086,89547435441	1031,006366166
9496	915,088539843873	1030,86295417917	0			1084,91146015613	1030,86295417917
9510	913,727824054664	1036,03944700569	0			1086,27217594534	1036,03944700569
9526	914,465861220948	1033,96022683547	0			1085,53413877905	1033,96022683547
9545	914,400044365993	1031,80209341695	0			1085,59995563401	1031,80209341695
9562	913,381684298279	1030,64446194096	0			1086,61831570172	1030,64446194096
9574	914,932532003371	1028,07955931924	0			1085,06746799663	1028,07955931924
9617	914,362559979876	1026,45640899486	0			1085,63744002012	1026,45640899486
9620	914,705288468467	1022,89820132211	0			1085,29471153153	1022,89820132211
9621	914,524957784882	1022,64589068365	0			1085,47504221512	1022,64589068365
9645	918,02156379249	1021,82030136351	0			1081,97843620751	1021,82030136351
9658	912,75914926244	1020,74949363739	0			1087,24085073756	1020,74949363739
9677	913,412835395366	1019,62842433134	0			1086,58716460463	1019,62842433134
9700	912,929489718981	1019,84408582704	0			1087,07051028102	1019,84408582704
9710	913,670620325224	1018,39260920417	0			1086,32937967478	1018,39260920417
9741	914,285230885405	1016,48243149732	1	1085,71476911459	1016,48243149732
9761	914,313217963474	1015,56413009544	1	1085,68678203653	1015,56413009544
9776	912,732051669248	1017,23929663898	1	1087,26794833075	1017,23929663898
9794	914,904123159089	1012,35899763305	1	1085,09587684091	1012,35899763305
9808	916,792751425644	1014,64127480447	1	1083,20724857436	1014,64127480447
9848	918,652289626508	1013,80375175859	1	1081,34771037349	1013,80375175859
9861	918,45134415318	1015,01322994063	1	1081,54865584682	1015,01322994063
9885	917,634651695963	1021,8477914353	0			1082,36534830404	1021,8477914353
9898	919,481265775957	1021,45965102358	0			1080,51873422404	1021,45965102358
9904	920,798639640569	1022,24882139617	0			1079,20136035943	1022,24882139617
9917	929,779751717405	1023,69829798271	0			1070,2202482826	1023,69829798271
9947	932,543297842904	1021,80749758649	0			1067,4567021571	1021,80749758649
9963	924,694216339394	1020,22603848842	0			1075,30578366061	1020,22603848842
9975	921,010963352054	1029,44353363581	0			1078,98903664795	1029,44353363581
