2	748,168511157469	993,600690440736	1	1251,83148884253	993,600690440736
12	748,393744296227	992,699455361792	1	1251,60625570377	992,699455361792
32	765,759467767573	985,431152697336	1	1234,24053223243	985,431152697336
48	760,898118252785	981,96897476181	1	1239,10188174722	981,96897476181
54	754,98128165347	980,309588775373	1	1245,01871834653	980,309588775373
72	740,012536646607	973,438255990571	1	1259,98746335339	973,438255990571
103	743,350537547653	974,505202746867	1	1256,64946245235	974,505202746867
111	740,653513207538	967,922149939966	1	1259,34648679246	967,922149939966
126	741,055167961366	968,863796819237	1	1258,94483203863	968,863796819237
129	750,703045716785	961,014734715404	1	1249,29695428322	961,014734715404
146	748,813787456119	958,462082061629	1	1251,18621254388	958,462082061629
224	746,66465261061	959,198252983407	1	1253,33534738939	959,198252983407
236	758,164024325127	955,372552758856	1	1241,83597567487	955,372552758856
240	760,919276603857	955,338441146065	1	1239,08072339614	955,338441146065
242	761,825582578654	976,611745724074	1	1238,17441742135	976,611745724074
258	764,899667091531	966,347487941715	1	1235,10033290847	966,347487941715
273	765,905135352866	966,983147536638	1	1234,09486464713	966,983147536638
289	765,120190047603	969,545538614205	1	1234,8798099524	969,545538614205
305	746,550357556085	965,852197394457	1	1253,44964244391	965,852197394457
324	749,671430474886	968,313925493731	1	1250,32856952511	968,313925493731
358	757,079952043117	971,573498943835	1	1242,92004795688	971,573498943835
375	757,756164499587	970,108893684464	1	1242,24383550041	970,108893684464
392	757,457908028154	971,808654132731	1	1242,54209197185	971,808654132731
409	757,818052491505	972,275589226412	1	1242,1819475085	972,275589226412
412	757,039259268505	969,003336446586	1	1242,96074073149	969,003336446586
433	750,370902684762	963,343402004461	1	1249,62909731524	963,343402004461
464	753,480957587754	962,491976832305	1	1246,51904241225	962,491976832305
490	754,571206848306	958,952308907704	1	1245,42879315169	958,952308907704
525	755,023670176903	954,408620230791	1	1244,9763298231	954,408620230791
533	756,443486086728	959,924677107969	1	1243,55651391327	959,924677107969
545	753,647892220026	958,213610973294	1	1246,35210777997	958,213610973294
553	754,806266702015	962,249133072104	1	1245,19373329798	962,249133072104
555	758,536726644281	963,212649368294	1	1241,46327335572	963,212649368294
570	759,904337120396	961,805797230856	1	1240,0956628796	961,805797230856
587	761,794835838962	960,091614078749	1	1238,20516416104	960,091614078749
595	769,519446469863	954,879709629539	1	1230,48055353014	954,879709629539
640	767,108848919916	947,686795608741	1	1232,89115108008	947,686795608741
672	758,658659793751	950,607807084561	1	1241,34134020625	950,607807084561
678	755,009164343798	950,584361661273	1	1244,9908356562	950,584361661273
693	753,449610043699	950,467167938118	1	1246,5503899563	950,467167938118
696	752,719160796379	951,506864653564	1	1247,28083920362	951,506864653564
704	755,428002056803	954,242013747324	1	1244,5719979432	954,242013747324
719	755,41686538645	953,219687339069	1	1244,58313461355	953,219687339069
738	764,114677106735	949,139384447589	1	1235,88532289327	949,139384447589
756	765,852125895801	950,411823172835	1	1234,1478741042	950,411823172835
772	769,493894062282	950,986296027044	1	1230,50610593772	950,986296027044
791	765,85329493654	952,506037937891	1	1234,14670506346	952,506037937891
811	760,746897535179	955,512331635312	1	1239,25310246482	955,512331635312
827	758,298901966834	955,843752051017	1	1241,70109803317	955,843752051017
840	750,356093055873	958,084032125318	1	1249,64390694413	958,084032125318
854	745,868612530112	958,844703868328	1	1254,13138746989	958,844703868328
862	747,089783649225	958,667539723101	1	1252,91021635078	958,667539723101
889	752,871759776917	962,582312663885	1	1247,12824022308	962,582312663885
904	749,882886762711	961,166331475386	1	1250,11711323729	961,166331475386
926	760,89702762978	955,691964565789	1	1239,10297237022	955,691964565789
949	755,470073297256	952,669701227642	1	1244,52992670274	952,669701227642
953	758,043921299249	959,890628985872	1	1241,95607870075	959,890628985872
980	760,780701505174	963,186150675311	1	1239,21929849483	963,186150675311
999	760,179424435057	961,361727355917	1	1239,82057556494	961,361727355917
1012	758,753978801723	955,393704780973	1	1241,24602119828	955,393704780973
1019	762,366079805921	942,42086366396	1	1237,63392019408	942,42086366396
1039	762,407692598337	941,807257154397	1	1237,59230740166	941,807257154397
1043	759,221080989786	945,23693444828	1	1240,77891901021	945,23693444828
1084	762,575053311749	956,008639865485	1	1237,42494668825	956,008639865485
1099	764,750108718253	958,43259922636	1	1235,24989128175	958,43259922636
1131	770,749426138499	948,794614822579	1	1229,2505738615	948,794614822579
1137	786,395369717251	890,623909485571	1	1213,60463028275	890,623909485571
1168	802,613361832676	841,867902747558	1	1197,38663816732	841,867902747558
1206	811,180260136368	803,55217165102	1	1188,81973986363	803,55217165102
1225	852,968487035818	629,963181687056	1	1147,03151296418	629,963181687056
1238	843,802483744035	625,269725807966	1	1156,19751625596	625,269725807966
1265	844,267212367692	618,504717852549	1	1155,73278763231	618,504717852549
1269	847,442764703626	580,218534202229	1	1152,55723529637	580,218534202229
1285	843,382069913062	578,35533170364	1	1156,61793008694	578,35533170364
1305	848,131116949862	586,541618533627	1	1151,86888305014	586,541618533627
1337	853,548138281007	576,748448044839	1	1146,45186171899	576,748448044839
1353	879,941429551471	560,198007940486	1	1120,05857044853	560,198007940486
1387	868,065152351788	557,653234451579	1	1131,93484764821	557,653234451579
1405	867,705094297993	560,297194743869	1	1132,29490570201	560,297194743869
1408	853,792215378928	591,715005242184	1	1146,20778462107	591,715005242184
1426	855,278015714681	641,873601502808	1	1144,72198428532	641,873601502808
1441	856,954706698285	645,141812997525	1	1143,04529330172	645,141812997525
1457	861,327628903877	634,193086795184	1	1138,67237109612	634,193086795184
1473	854,095758028871	629,651128850652	1	1145,90424197113	629,651128850652
1480	876,130458151045	595,223191705486	1	1123,86954184895	595,223191705486
1500	870,303174139565	594,333610100779	1	1129,69682586043	594,333610100779
1532	862,209384250608	603,500998325963	1	1137,79061574939	603,500998325963
1559	850,707424508772	619,061026888678	1	1149,29257549123	619,061026888678
1564	844,79022946511	623,802386557659	1	1155,20977053489	623,802386557659
1570	856,301940308813	605,663030705912	1	1143,69805969119	605,663030705912
1595	845,017898146834	613,538160652111	1	1154,98210185317	613,538160652111
1604	850,960317447971	590,998324177389	1	1149,03968255203	590,998324177389
1634	887,386111672003	503,74413505899	1	1112,613888328	503,74413505899
1636	899,767491040348	456,791718289473	1	1100,23250895965	456,791718289473
1652	924,7527741827	413,738610793291	1	1075,2472258173	413,738610793291
1674	963,729714071122	302,713487053592	1	1036,27028592888	302,713487053592
1688	948,283476832533	264,869575547097	1	1051,71652316747	264,869575547097
1703	942,440085787089	289,294909237631	1	1057,55991421291	289,294909237631
1719	949,134868768902	260,454186011376	1	1050,8651312311	260,454186011376
1752	964,044469177657	213,531945224001	1	1035,95553082234	213,531945224001
1756	958,679019596068	209,105346057431	1	1041,32098040393	209,105346057431
1770	956,571173377937	210,321116183106	1	1043,42882662206	210,321116183106
1787	954,11043311932	215,648269828608	1	1045,88956688068	215,648269828608
1804	954,362620372384	222,523160210011	1	1045,63737962762	222,523160210011
1825	956,815021837559	261,288843828503	1	1043,18497816244	261,288843828503
1859	952,544909666016	262,684865930712	1	1047,45509033398	262,684865930712
1865	950,260438873263	274,016934577864	1	1049,73956112674	274,016934577864
1880	942,25346030634	269,290953031492	1	1057,74653969366	269,290953031492
1897	945,326465264156	262,357401434686	1	1054,67353473584	262,357401434686
1901	942,145040423356	223,184677945024	1	1057,85495957664	223,184677945024
1915	942,006915901682	202,614640184254	1	1057,99308409832	202,614640184254
1931	938,913821136553	191,763953927302	1	1061,08617886345	191,763953927302
1944	926,878396318829	186,991904920455	1	1073,12160368117	186,991904920455
1972	915,974231070348	173,409385832924	1	1084,02576892965	173,409385832924
1989	886,675801062943	156,303301889888	1	1113,32419893706	156,303301889888
2006	860,228712541906	142,879949448579	0			1139,77128745809	142,879949448579
2026	857,490291587031	154,848524965695	0			1142,50970841297	154,848524965695
2032	864,43785607183	143,710243858176	0			1135,56214392817	143,710243858176
2060	870,409636875457	146,405669272097	0			1129,59036312454	146,405669272097
2063	873,186328018181	145,050050773551	0			1126,81367198182	145,050050773551
2104	878,480105986955	147,665502966834	0			1121,51989401304	147,665502966834
2139	880,918485922891	150,270042032847	0			1119,08151407711	150,270042032847
2145	895,426498994012	159,70604015308	1	1104,57350100599	159,70604015308
2154	900,038741325776	169,406384597748	1	1099,96125867422	169,406384597748
2156	898,071092999333	167,734703679015	1	1101,92890700067	167,734703679015
2171	886,800793592056	211,234603550381	1	1113,19920640794	211,234603550381
2187	876,977252538801	238,589637751364	1	1123,0227474612	238,589637751364
2202	871,822840879173	211,993709205217	1	1128,17715912083	211,993709205217
2216	856,761112230578	203,716793146429	1	1143,23888776942	203,716793146429
2237	862,886850344613	219,570851993189	1	1137,11314965539	219,570851993189
2246	865,844800718337	222,310549580338	1	1134,15519928166	222,310549580338
2277	868,962011229988	169,076954370911	1	1131,03798877001	169,076954370911
2298	870,170377896616	171,699614343587	1	1129,82962210338	171,699614343587
2323	867,302314847566	218,147886513352	1	1132,69768515243	218,147886513352
2338	871,216783347004	217,19385677394	1	1128,783216653	217,19385677394
2364	876,957733410015	219,989242872396	1	1123,04226658999	219,989242872396
2381	869,985557801501	220,258072600057	1	1130,0144421985	220,258072600057
2403	850,841022263763	227,123692198318	1	1149,15897773624	227,123692198318
2425	855,631481450539	185,792806070298	1	1144,36851854946	185,792806070298
2443	863,610589972155	186,897503721521	1	1136,38941002784	186,897503721521
2455	876,03197056629	198,949046114934	1	1123,96802943371	198,949046114934
2470	870,796591319723	220,662083446953	1	1129,20340868028	220,662083446953
2492	856,69962686243	199,419736175084	1	1143,30037313757	199,419736175084
2500	847,335619097221	182,134248373403	1	1152,66438090278	182,134248373403
2515	849,319794841912	187,597039121776	1	1150,68020515809	187,597039121776
2532	862,244687317267	210,377287660339	1	1137,75531268273	210,377287660339
2550	856,883407512895	198,373121095589	1	1143,11659248711	198,373121095589
2621	859,277911353128	205,89489882813	1	1140,72208864687	205,89489882813
2637	838,350423588624	189,426764413143	1	1161,64957641138	189,426764413143
2639	830,788696621757	181,011454609693	1	1169,21130337824	181,011454609693
2641	836,23004502852	166,989657047161	1	1163,76995497148	166,989657047161
2644	842,527553372157	182,191920325076	1	1157,47244662784	182,191920325076
2667	851,15162755853	188,878962435724	1	1148,84837244147	188,878962435724
2671	851,288086085509	189,261137795529	1	1148,71191391449	189,261137795529
2685	851,515994761811	188,896571772267	1	1148,48400523819	188,896571772267
2698	854,632776840767	189,987936639398	1	1145,36722315923	189,987936639398
2736	886,044674260011	188,423621359729	1	1113,95532573999	188,423621359729
2748	894,806610650371	183,588537910604	1	1105,19338934963	183,588537910604
2758	862,560257605411	192,535194022517	1	1137,43974239459	192,535194022517
2773	860,200832815387	193,841801104803	1	1139,79916718461	193,841801104803
2797	831,256437454675	156,907807004399	1	1168,74356254532	156,907807004399
2819	822,060043648756	122,986857852156	0			1177,93995635124	122,986857852156
2841	827,327030928301	135,407636830904	0			1172,6729690717	135,407636830904
2874	876,060157875478	186,455944336121	1	1123,93984212452	186,455944336121
2889	918,122031536739	196,521757261502	1	1081,87796846326	196,521757261502
2902	907,262568415812	194,154739622024	1	1092,73743158419	194,154739622024
2923	875,339914455551	205,588812885987	1	1124,66008554445	205,588812885987
2938	876,413685209697	205,868473931516	1	1123,5863147903	205,868473931516
2961	855,290024621155	226,293667790531	1	1144,70997537884	226,293667790531
2979	864,396516057907	236,641318898084	1	1135,60348394209	236,641318898084
2981	882,320345262274	248,465272012211	1	1117,67965473773	248,465272012211
2995	876,463594269332	250,361467517297	1	1123,53640573067	250,361467517297
3022	882,683638650672	252,653774701627	1	1117,31636134933	252,653774701627
3049	876,927544277605	244,653534781123	1	1123,0724557224	244,653534781123
3068	860,355708716632	204,689422642248	1	1139,64429128337	204,689422642248
3072	859,294408393711	189,952305738513	1	1140,70559160629	189,952305738513
3090	866,44033002601	184,256812144793	1	1133,55966997399	184,256812144793
3109	867,513451822919	182,248210074714	1	1132,48654817708	182,248210074714
3117	877,645816806031	177,559697899817	1	1122,35418319397	177,559697899817
3133	878,761389779874	152,972758710517	0			1121,23861022013	152,972758710517
3157	879,69045734255	154,399998480561	0			1120,30954265745	154,399998480561
3175	880,26672695065	152,150257253206	0			1119,73327304935	152,150257253206
3192	876,844951203317	148,50163362384	0			1123,15504879668	148,50163362384
3200	883,456560604403	135,112328467131	0			1116,5434393956	135,112328467131
3223	876,957057804706	139,943331425296	0			1123,04294219529	139,943331425296
3240	870,733055653476	154,297815048792	0			1129,26694434652	154,297815048792
3248	859,696835606624	162,801455034618	1	1140,30316439338	162,801455034618
3267	851,383645140352	173,723028355342	1	1148,61635485965	173,723028355342
3291	865,319053241319	170,187349372457	1	1134,68094675868	170,187349372457
3297	880,330965486989	188,290224768422	1	1119,66903451301	188,290224768422
3325	883,428480482904	182,566612211361	1	1116,5715195171	182,566612211361
3354	880,282714971379	177,749670881056	1	1119,71728502862	177,749670881056
3369	875,422101882289	166,238749881401	1	1124,57789811771	166,238749881401
3382	880,073226575275	172,232757500981	1	1119,92677342472	172,232757500981
3386	881,5104970336	186,110335408797	1	1118,4895029664	186,110335408797
3397	883,926610332689	192,916570754966	1	1116,07338966731	192,916570754966
3416	893,001759679085	192,058684663761	1	1106,99824032092	192,058684663761
3434	900,262369684578	191,223188395189	1	1099,73763031542	191,223188395189
3445	898,332421960237	181,78818691443	1	1101,66757803976	181,78818691443
3511	905,779344632878	173,905932170149	1	1094,22065536712	173,905932170149
3539	905,134351759524	175,891971424732	1	1094,86564824048	175,891971424732
3552	902,444436188484	174,917385773478	1	1097,55556381152	174,917385773478
3555	883,261700558732	174,099739154484	1	1116,73829944127	174,099739154484
3559	886,367178129006	175,702505816586	1	1113,63282187099	175,702505816586
3562	888,055981135817	164,834839559213	1	1111,94401886418	164,834839559213
3565	887,859507053171	162,532347664572	1	1112,14049294683	162,532347664572
3586	896,328063024619	159,966258747807	1	1103,67193697538	159,966258747807
3598	897,579429404249	162,681438731341	1	1102,42057059575	162,681438731341
3644	887,999620691672	143,910191321831	0			1112,00037930833	143,910191321831
3660	880,018911209594	140,228117551816	0			1119,98108879041	140,228117551816
3664	882,948821345535	146,600331652894	0			1117,05117865447	146,600331652894
3671	880,103813641281	146,614850392894	0			1119,89618635872	146,614850392894
3690	870,258778712513	142,539067396877	0			1129,74122128749	142,539067396877
3701	867,706785367968	146,373073588796	0			1132,29321463203	146,373073588796
3721	867,368279810141	148,018507288402	0			1132,63172018986	148,018507288402
3736	865,115805446869	158,471794924111	1	1134,88419455313	158,471794924111
3755	866,611061920947	162,296283974903	1	1133,38893807905	162,296283974903
3775	865,354202201471	167,711106884458	1	1134,64579779853	167,711106884458
3804	869,458962382647	182,182568059739	1	1130,54103761735	182,182568059739
3806	871,548413267077	175,498022682332	1	1128,45158673292	175,498022682332
3824	901,155302544494	166,822831705012	1	1098,84469745551	166,822831705012
3838	931,56239368964	136,279592697073	0			1068,43760631036	136,279592697073
3846	933,03569442557	134,209651554074	0			1066,96430557443	134,209651554074
3867	928,204019870518	137,427905148954	0			1071,79598012948	137,427905148954
3881	926,35973606739	138,590025261545	0			1073,64026393261	138,590025261545
3899	925,310998454386	147,250737224751	0			1074,68900154561	147,250737224751
3927	918,53674533106	173,801708440418	1	1081,46325466894	173,801708440418
3947	890,888506487804	168,015456736754	1	1109,1114935122	168,015456736754
3975	888,637374143855	169,046925223814	1	1111,36262585614	169,046925223814
4021	886,595213326253	159,819709773777	1	1113,40478667375	159,819709773777
4033	881,856098839535	145,944228248336	0			1118,14390116047	145,944228248336
4037	883,306080683622	144,837685283719	0			1116,69391931638	144,837685283719
4039	881,651427238116	139,223309565241	0			1118,34857276188	139,223309565241
4042	884,779318905265	136,20206187275	0			1115,22068109474	136,20206187275
4046	881,36056370333	138,028097138432	0			1118,63943629667	138,028097138432
4086	879,242392218103	151,989053316866	0			1120,7576077819	151,989053316866
4092	877,361022625389	142,153521914645	0			1122,63897737461	142,153521914645
4106	879,258593669037	132,594592798337	0			1120,74140633096	132,594592798337
4124	895,843478243952	163,774882502557	1	1104,15652175605	163,774882502557
4135	893,092584516691	145,843613084442	0			1106,90741548331	145,843613084442
4152	886,127555019598	151,354361804261	0			1113,8724449804	151,354361804261
4165	891,326324527912	163,966870498106	1	1108,67367547209	163,966870498106
4190	894,794025019868	170,081838442491	1	1105,20597498013	170,081838442491
4195	891,19815896079	169,991203767667	1	1108,80184103921	169,991203767667
4230	881,32524332741	170,97329015666	1	1118,67475667259	170,97329015666
4242	890,326957069336	198,745687203192	1	1109,67304293066	198,745687203192
4258	883,580615241765	216,106625595035	1	1116,41938475824	216,106625595035
4281	906,797772611361	219,586819126315	1	1093,20222738864	219,586819126315
4302	910,806705162538	226,763136027311	1	1089,19329483746	226,763136027311
4315	893,694535713413	255,769327613971	1	1106,30546428659	255,769327613971
4331	894,178093027973	248,930910542336	1	1105,82190697203	248,930910542336
4361	896,291645441321	230,3397713741	1	1103,70835455868	230,3397713741
4379	885,648048910479	210,972701371465	1	1114,35195108952	210,972701371465
4398	881,4377873814	198,695861322012	1	1118,5622126186	198,695861322012
4440	879,679023945619	182,477941867432	1	1120,32097605438	182,477941867432
4473	877,083812120228	214,043592603277	1	1122,91618787977	214,043592603277
4476	912,052066673081	236,545122169667	1	1087,94793332692	236,545122169667
4480	908,038707938133	302,029152405141	1	1091,96129206187	302,029152405141
4483	910,118036008118	287,182381208896	1	1089,88196399188	287,182381208896
4484	870,15282605931	268,135037252028	1	1129,84717394069	268,135037252028
4499	864,963055044296	278,008359400909	1	1135,0369449557	278,008359400909
4527	858,733694267354	267,469841520167	1	1141,26630573265	267,469841520167
4543	887,365782114438	255,702836590954	1	1112,63421788556	255,702836590954
4556	881,82698769467	233,937440425758	1	1118,17301230533	233,937440425758
4574	876,105188468454	244,462654598171	1	1123,89481153155	244,462654598171
4590	884,589613806749	249,194183380348	1	1115,41038619325	249,194183380348
4604	877,015897303578	254,439838519029	1	1122,98410269642	254,439838519029
4621	851,611950391585	222,440677457241	1	1148,38804960842	222,440677457241
4635	846,743092589311	218,715770988442	1	1153,25690741069	218,715770988442
4643	843,879087323254	216,973310982939	1	1156,12091267675	216,973310982939
4678	879,208221368553	214,215558990843	1	1120,79177863145	214,215558990843
4698	866,406702746287	205,989850213783	1	1133,59329725371	205,989850213783
4714	895,425040657632	220,416477156137	1	1104,57495934237	220,416477156137
4722	892,335325973475	223,6427946523	1	1107,66467402653	223,6427946523
4735	871,326275974633	204,210930457162	1	1128,67372402537	204,210930457162
4750	877,121300085143	212,177722906572	1	1122,87869991486	212,177722906572
4766	874,658639033225	244,177283221686	1	1125,34136096678	244,177283221686
4788	869,850230594572	243,815401901001	1	1130,14976940543	243,815401901001
4801	871,646439367703	246,700097792189	1	1128,3535606323	246,700097792189
4825	871,128882229448	254,7108078088	1	1128,87111777055	254,7108078088
4843	877,218368148589	245,560355463078	1	1122,78163185141	245,560355463078
4866	891,67088474085	223,006452412737	1	1108,32911525915	223,006452412737
4872	898,963035923834	198,253988010572	1	1101,03696407617	198,253988010572
4891	906,893602113268	174,283246563156	1	1093,10639788673	174,283246563156
4909	907,271769839247	179,046725282396	1	1092,72823016075	179,046725282396
4932	877,510621463148	188,40337325812	1	1122,48937853685	188,40337325812
4937	876,82417650117	195,92407950752	1	1123,17582349883	195,92407950752
4952	871,495902529416	204,088012208424	1	1128,50409747058	204,088012208424
4979	866,923624246229	208,69639887292	1	1133,07637575377	208,69639887292
4994	852,450441886598	196,050799770488	1	1147,5495581134	196,050799770488
5004	853,713819007032	198,225991004672	1	1146,28618099297	198,225991004672
5024	848,981391909557	209,254378052161	1	1151,01860809044	209,254378052161
5043	850,355208168937	224,719886676177	1	1149,64479183106	224,719886676177
5063	847,684805995048	221,903034705958	1	1152,31519400495	221,903034705958
5075	855,69803293773	232,390516967767	1	1144,30196706227	232,390516967767
5082	862,291499605453	240,565751639953	1	1137,70850039455	240,565751639953
5102	849,524828112043	269,588253553431	1	1150,47517188796	269,588253553431
5125	862,711663408401	260,119588359908	1	1137,2883365916	260,119588359908
5136	862,679340596779	237,124885271811	1	1137,32065940322	237,124885271811
5165	870,823366428364	238,649403314093	1	1129,17663357164	238,649403314093
5196	884,263908206988	205,333964013098	1	1115,73609179301	205,333964013098
5208	900,029025055017	172,06509731252	1	1099,97097494498	172,06509731252
5225	899,731680116379	178,538027157794	1	1100,26831988362	178,538027157794
5230	849,421663187131	217,979817141316	1	1150,57833681287	217,979817141316
5247	842,501390363607	235,636245399982	1	1157,49860963639	235,636245399982
5271	835,097035453029	248,153832172017	1	1164,90296454697	248,153832172017
5286	835,366762629447	240,552505531788	1	1164,63323737055	240,552505531788
5304	854,010376462769	239,546952281727	1	1145,98962353723	239,546952281727
5318	883,896817972093	185,106083969347	1	1116,10318202791	185,106083969347
5335	878,646940011586	193,268362321451	1	1121,35305998841	193,268362321451
5352	900,047450991424	206,004384254431	1	1099,95254900858	206,004384254431
5373	895,626159387594	195,119538319413	1	1104,37384061241	195,119538319413
5397	898,480187027266	200,179031741611	1	1101,51981297273	200,179031741611
5410	888,712898603312	181,924634909291	1	1111,28710139669	181,924634909291
5475	884,704271887499	176,255361905267	1	1115,2957281125	176,255361905267
5491	878,405202050855	175,858543330001	1	1121,59479794914	175,858543330001
5500	855,465605412978	183,70918027235	1	1144,53439458702	183,70918027235
5525	856,442474685823	184,785800223358	1	1143,55752531418	184,785800223358
5528	869,516751267307	170,02300616043	1	1130,48324873269	170,02300616043
5531	879,046088189123	158,731096279936	1	1120,95391181088	158,731096279936
5533	877,968960910672	161,208384477234	1	1122,03103908933	161,208384477234
5535	882,324647324525	164,448921488694	1	1117,67535267547	164,448921488694
5552	945,190186596896	184,392233039446	1	1054,8098134031	184,392233039446
5577	924,882192701416	270,533159543489	1	1075,11780729858	270,533159543489
5593	896,191864257175	347,844106021501	1	1103,80813574283	347,844106021501
5615	928,310840550011	395,26451932455	1	1071,68915944999	395,26451932455
5620	866,540760460801	641,953767158649	1	1133,4592395392	641,953767158649
5637	870,965602596666	760,055938549797	1	1129,03439740333	760,055938549797
5660	872,16072586264	769,161423523014	1	1127,83927413736	769,161423523014
5690	875,263728293122	803,518240009457	1	1124,73627170688	803,518240009457
5695	874,727494190749	802,332700845988	1	1125,27250580925	802,332700845988
5697	857,798029630185	818,135530968656	1	1142,20197036981	818,135530968656
5727	857,923603962623	817,881194416126	1	1142,07639603738	817,881194416126
5781	838,442435704171	844,137438439384	1	1161,55756429583	844,137438439384
5798	799,232325029931	901,364164235282	1	1200,76767497007	901,364164235282
5806	774,738037335842	1022,02205728893	0			1225,26196266416	1022,02205728893
5808	772,632345636686	1047,86467410675	0			1227,36765436331	1047,86467410675
5811	770,150292952624	1057,8769081675	0			1229,84970704738	1057,8769081675
5815	768,288052560998	1059,65857602731	0			1231,711947439	1059,65857602731
5874	767,025746365753	1054,6406108646	0			1232,97425363425	1054,6406108646
5908	756,395815851368	1058,8664330099	0			1243,60418414863	1058,8664330099
5915	757,395189291695	1059,7142007232	0			1242,6048107083	1059,7142007232
5918	755,847676835223	1059,89923500144	0			1244,15232316478	1059,89923500144
5921	755,602474118335	1061,4170078537	0			1244,39752588167	1061,4170078537
5923	755,886995732453	1062,71660765622	0			1244,11300426755	1062,71660765622
5936	755,823874258847	1064,39707934466	0			1244,17612574115	1064,39707934466
5957	756,677759619853	1066,78524960516	0			1243,32224038015	1066,78524960516
5965	758,430903875349	1058,65954552011	0			1241,56909612465	1058,65954552011
5984	759,205159483572	1055,1140717253	0			1240,79484051643	1055,1140717253
6011	765,173707719488	1025,69524341314	0			1234,82629228051	1025,69524341314
6025	767,171882580013	1015,63021577935	1	1232,82811741999	1015,63021577935
6041	767,116457901643	1015,77663082206	1	1232,88354209836	1015,77663082206
6064	758,880951195887	1037,53231983115	0			1241,11904880411	1037,53231983115
6071	752,899703525503	1053,33294617419	0			1247,1002964745	1053,33294617419
6083	750,699371416157	1051,95958161849	0			1249,30062858384	1051,95958161849
6100	750,364260480625	1049,33622642992	0			1249,63573951937	1049,33622642992
6125	746,235847180914	1031,19554372953	0			1253,76415281909	1031,19554372953
6147	745,494657621719	1024,99377944334	0			1254,50534237828	1024,99377944334
6178	737,453233365532	1045,99508881888	0			1262,54676663447	1045,99508881888
6187	742,998616945533	1030,07476085003	0			1257,00138305447	1030,07476085003
6218	731,734831485803	1060,20031047232	0			1268,2651685142	1060,20031047232
6222	730,735488411327	1062,87310280199	0			1269,26451158867	1062,87310280199
6238	730,268417521418	1064,12230692802	0			1269,73158247858	1064,12230692802
6263	729,258155205489	1066,82430330738	0			1270,74184479451	1066,82430330738
6285	729,260627185043	1066,76751965168	0			1270,73937281496	1066,76751965168
6287	729,771851026555	1055,02423538629	0			1270,22814897345	1055,02423538629
6298	730,108554922729	1047,28983560879	0			1269,89144507727	1047,28983560879
6330	730,530956160774	1037,58688866143	0			1269,46904383923	1037,58688866143
6342	730,584038582159	1036,36753636756	0			1269,41596141784	1036,36753636756
6356	730,710698908522	1034,32558803388	0			1269,28930109148	1034,32558803388
6392	732,606102268641	1038,4900086491	0			1267,39389773136	1038,4900086491
6400	744,282505374025	1055,79361202338	0			1255,71749462598	1055,79361202338
6406	750,909218037997	1060,4951115972	0			1249,090781962	1060,4951115972
6456	756,25891932239	1061,20782868279	0			1243,74108067761	1061,20782868279
6459	760,064040369494	1062,09082771296	0			1239,93595963051	1062,09082771296
6492	761,477016090961	1062,32253987741	0			1238,52298390904	1062,32253987741
6501	761,269334924461	1062,26849749847	0			1238,73066507554	1062,26849749847
6522	748,788039618003	1059,02063972715	0			1251,211960382	1059,02063972715
6553	743,749803262172	1057,70959991114	0			1256,25019673783	1057,70959991114
6555	741,657673364802	1057,1651900419	0			1258,3423266352	1057,1651900419
6596	740,508175822138	1056,86607008396	0			1259,49182417786	1056,86607008396
6609	740,508175822138	1056,86607008396	0			1259,49182417786	1056,86607008396
6611	740,508175822138	1056,86607008396	0			1259,49182417786	1056,86607008396
6634	727,293871716545	1059,62712313767	0			1272,70612828346	1059,62712313767
6646	725,230425923537	1060,05826830146	0			1274,76957407646	1060,05826830146
6666	726,049784021677	1059,88706812619	0			1273,95021597832	1059,88706812619
6668	725,048436053267	1059,40349320506	0			1274,95156394673	1059,40349320506
6706	724,385393120847	1059,26003913129	0			1275,61460687915	1059,26003913129
6734	726,186854439473	1058,33743839064	0			1273,81314556053	1058,33743839064
6839	730,518625314953	1048,24222919283	0			1269,48137468505	1048,24222919283
6874	730,518625314953	1048,24222919283	0			1269,48137468505	1048,24222919283
6878	695,719567291236	1064,96948074243	0			1304,28043270876	1064,96948074243
6881	690,916856395859	1067,27805338288	0			1309,08314360414	1067,27805338288
6884	683,492755250883	1070,8466789272	0			1316,50724474912	1070,8466789272
6895	679,718739694331	1072,66077709973	0			1320,28126030567	1072,66077709973
6929	674,301858550136	1075,26456980732	0			1325,69814144986	1075,26456980732
6956	674,301858550136	1075,26456980732	0			1325,69814144986	1075,26456980732
6986	674,301858550136	1075,26456980732	0			1325,69814144986	1075,26456980732
6988	674,739325730215	1074,9420067278	0			1325,26067426979	1074,9420067278
7004	746,370939994496	1049,58583524089	0			1253,6290600055	1049,58583524089
7028	787,254504928588	1033,73623449879	0			1212,74549507141	1033,73623449879
7031	770,615847744555	1026,01537300323	0			1229,38415225544	1026,01537300323
7069	780,227509321175	1023,88726788019	0			1219,77249067882	1023,88726788019
7090	734,196711881241	1022,02465558456	0			1265,80328811876	1022,02465558456
7101	747,08584113194	1022,96841840734	0			1252,91415886806	1022,96841840734
7118	730,038784481183	1061,01618458896	0			1269,96121551882	1061,01618458896
7135	729,066427904743	1063,79854039863	0			1270,93357209526	1063,79854039863
7163	723,355956907635	1059,57758091967	0			1276,64404309236	1059,57758091967
7170	727,850500481487	1058,65088992239	0			1272,14949951851	1058,65088992239
7298	738,88554979074	1051,97515023768	0			1261,11445020926	1051,97515023768
7319	738,214361487924	1059,17435823854	0			1261,78563851208	1059,17435823854
7323	742,586914296752	1055,30854335055	0			1257,41308570325	1055,30854335055
7326	747,418804355959	1051,03662409774	0			1252,58119564404	1051,03662409774
7328	735,033018488968	1046,06013858007	0			1264,96698151103	1046,06013858007
7331	733,733179050613	1045,89013443017	0			1266,26682094939	1045,89013443017
7335	735,042106421133	1044,49388089577	0			1264,95789357887	1044,49388089577
7339	732,557191546897	1044,83116802309	0			1267,4428084531	1044,83116802309
7342	719,159084765311	1051,14885973542	0			1280,84091523469	1051,14885973542
7365	704,011108366942	1058,59185225168	0			1295,98889163306	1058,59185225168
7377	687,934008917843	1065,93238338145	0			1312,06599108216	1065,93238338145
7383	680,811176010399	1069,44542796502	0			1319,1888239896	1069,44542796502
7407	676,974301207532	1071,23610592679	0			1323,02569879247	1071,23610592679
7426	754,432286383994	1045,55899517788	0			1245,56771361601	1045,55899517788
7457	754,990331146011	1045,31405909966	0			1245,00966885399	1045,31405909966
7470	756,058863126419	1044,95333898079	0			1243,94113687358	1044,95333898079
7482	755,634751952165	1044,61377244318	0			1244,36524804784	1044,61377244318
7525	756,367477576009	1044,96213720288	0			1243,63252242399	1044,96213720288
7551	761,163072388846	1048,46476915922	0			1238,83692761115	1048,46476915922
7558	766,790818145116	1052,16683938815	0			1233,20918185488	1052,16683938815
7575	769,823982349715	1054,40382553429	0			1230,17601765029	1054,40382553429
7585	768,575560583815	1048,87480618632	0			1231,42443941618	1048,87480618632
7611	767,660064555228	1044,70766229925	0			1232,33993544477	1044,70766229925
7624	766,930715949492	1044,94021873944	0			1233,06928405051	1044,94021873944
7656	757,930988096762	1048,69495490767	0			1242,06901190324	1048,69495490767
7662	758,307378608168	1046,72971632359	0			1241,69262139183	1046,72971632359
7694	736,92133656101	1046,8649692853	0			1263,07866343899	1046,8649692853
7739	723,048149335724	1041,66551663571	0			1276,95185066428	1041,66551663571
7796	717,272775930658	1039,73723512344	0			1282,72722406934	1039,73723512344
7803	722,335700249795	1040,48057670114	0			1277,6642997502	1040,48057670114
7810	724,349613769066	1040,06567024474	0			1275,65038623093	1040,06567024474
7812	733,27207898209	1052,5717088247	0			1266,72792101791	1052,5717088247
7815	734,575818956881	1055,16186140274	0			1265,42418104312	1055,16186140274
7817	736,23190877344	1058,5285583023	0			1263,76809122656	1058,5285583023
7833	731,962720657133	1061,55560225775	0			1268,03727934287	1061,55560225775
7835	725,326743197801	1064,040002492	0			1274,6732568022	1064,040002492
7840	725,741047830734	1062,9427977662	0			1274,25895216927	1062,9427977662
7861	726,497305125725	1062,41940793823	0			1273,50269487428	1062,41940793823
7902	726,157887230106	1061,6151308081	0			1273,84211276989	1061,6151308081
7929	724,732643110988	1059,96945298737	0			1275,26735688901	1059,96945298737
7931	721,066553219632	1051,85382390786	0			1278,93344678037	1051,85382390786
7966	719,527903326226	1046,44229367632	0			1280,47209667377	1046,44229367632
7973	718,191503722149	1044,03670816002	0			1281,80849627785	1044,03670816002
7991	717,398730512794	1042,60967709513	0			1282,60126948721	1042,60967709513
7996	715,97593893031	1039,75156150053	0			1284,02406106969	1039,75156150053
7998	726,854118394491	1036,61492138701	0			1273,14588160551	1036,61492138701
8008	732,260148556708	1035,05613380518	0			1267,73985144329	1035,05613380518
8018	735,983326970787	1033,98258369491	0			1264,01667302921	1033,98258369491
8057	736,366085534651	1037,35006184425	0			1263,63391446535	1037,35006184425
8079	729,657301903658	1061,44382044402	0			1270,34269809634	1061,44382044402
8084	728,411501667306	1065,91795641399	0			1271,58849833269	1065,91795641399
8132	727,744778922216	1068,31240789086	0			1272,25522107778	1068,31240789086
8142	726,875396715485	1071,43468551554	0			1273,12460328452	1071,43468551554
8172	726,252939168689	1073,67016406068	0			1273,74706083131	1073,67016406068
8174	726,252939168689	1073,67016406068	0			1273,74706083131	1073,67016406068
8176	726,171728954592	1073,65334747159	0			1273,82827104541	1073,65334747159
8181	719,966739781206	1072,36845056056	0			1280,03326021879	1072,36845056056
8190	716,261149535907	1071,60111619031	0			1283,73885046409	1071,60111619031
8229	712,664426470674	1070,61462298501	0			1287,33557352933	1070,61462298501
8251	725,030222108851	1067,58361432294	0			1274,96977789115	1067,58361432294
8264	743,831156891267	1068,2065162747	0			1256,16884310873	1068,2065162747
8270	744,628554392747	1065,15855692447	0			1255,37144560725	1065,15855692447
8302	749,945157530025	1055,69898471623	0			1250,05484246998	1055,69898471623
8337	747,98242808822	1061,60584445465	0			1252,01757191178	1061,60584445465
8352	750,218490216471	1058,66020011146	0			1249,78150978353	1058,66020011146
8363	750,956612352749	1058,40804347525	0			1249,04338764725	1058,40804347525
8369	749,605389021263	1061,22909420786	0			1250,39461097874	1061,22909420786
8372	757,335568403824	1064,69419345248	0			1242,66443159618	1064,69419345248
8394	761,673809099531	1066,90255521827	0			1238,32619090047	1066,90255521827
8397	758,855247945772	1065,93872623543	0			1241,14475205423	1065,93872623543
8399	762,029857445053	1067,1996878491	0			1237,97014255495	1067,1996878491
8434	754,909088886988	1040,98763747158	0			1245,09091111301	1040,98763747158
8485	752,472339748784	1033,09231072502	0			1247,52766025122	1033,09231072502
8504	756,947517207579	1018,17360596227	0			1243,05248279242	1018,17360596227
8509	759,706853439175	1016,63468366095	1	1240,29314656083	1016,63468366095
8512	763,457351108418	1016,43441353863	1	1236,54264889158	1016,43441353863
8514	768,086030262336	1016,01955665727	1	1231,91396973766	1016,01955665727
8517	762,04753907635	1019,06992351527	0			1237,95246092365	1019,06992351527
8551	762,127547863803	1019,11901614304	0			1237,8724521362	1019,11901614304
8558	761,977381705298	1018,98436492636	0			1238,0226182947	1018,98436492636
8578	760,904101092585	1019,54981957983	0			1239,09589890741	1019,54981957983
8595	759,909630439042	1020,04931606049	0			1240,09036956096	1020,04931606049
8609	759,840136233043	1020,20431820388	0			1240,15986376696	1020,20431820388
8621	754,500248267303	1032,11457846541	0			1245,4997517327	1032,11457846541
8713	750,558667800121	1040,906008081	0			1249,44133219988	1040,906008081
8735	739,983940638666	1039,05215403221	0			1260,01605936133	1039,05215403221
8741	738,274122334339	1038,18443596143	0			1261,72587766566	1038,18443596143
8744	735,571885945848	1036,55597468161	0			1264,42811405415	1036,55597468161
8747	731,142612049873	1039,50932971258	0			1268,85738795013	1039,50932971258
8749	724,492556324369	1052,55172320251	0			1275,50744367563	1052,55172320251
8756	730,967214144631	1055,53796619478	0			1269,03278585537	1055,53796619478
8766	737,200257150479	1064,92269819547	0			1262,79974284952	1064,92269819547
8771	741,745159198902	1068,48351676932	0			1258,2548408011	1068,48351676932
8783	738,017797427594	1066,43353176772	0			1261,98220257241	1066,43353176772
8801	733,915733452133	1064,19003468114	0			1266,08426654787	1064,19003468114
8821	731,532641454129	1061,9224237425	0			1268,46735854587	1061,9224237425
8833	729,149792807433	1060,99321020454	0			1270,85020719257	1060,99321020454
8851	745,40359986446	1042,78996209648	0			1254,59640013554	1042,78996209648
8888	762,783998400372	1019,65950979029	0			1237,21600159963	1019,65950979029
8929	774,058340745451	1007,72429698686	1	1225,94165925455	1007,72429698686
8936	773,911275865877	1008,31623367765	1	1226,08872413412	1008,31623367765
8954	770,530795493182	1021,9226798318	0			1229,46920450682	1021,9226798318
8965	768,716814490194	1029,22396015905	0			1231,28318550981	1029,22396015905
8967	759,24205306827	1042,92903083833	0			1240,75794693173	1042,92903083833
8997	760,158150121989	1041,83453038282	0			1239,84184987801	1041,83453038282
9024	758,839500780998	1044,18634618601	0			1241,160499219	1044,18634618601
9036	758,078535133281	1044,76827677569	0			1241,92146486672	1044,76827677569
9045	757,719640428924	1045,04273306365	0			1242,28035957108	1045,04273306365
9066	757,052916853399	1045,48350500455	0			1242,9470831466	1045,48350500455
9073	755,071328784868	1041,71748795818	0			1244,92867121513	1041,71748795818
9107	753,646386477908	1039,00937868797	0			1246,35361352209	1039,00937868797
9142	752,539855518189	1036,90641161685	0			1247,46014448181	1036,90641161685
9173	753,87767598648	1045,35450282621	0			1246,12232401352	1045,35450282621
9194	754,877825691877	1052,06786238141	0			1245,12217430812	1052,06786238141
9199	753,567306006182	1054,74140122834	0			1246,43269399382	1054,74140122834
9201	737,868676874827	1062,38977165459	0			1262,13132312517	1062,38977165459
9203	722,497088515306	1067,85858913321	0			1277,50291148469	1067,85858913321
9237	723,723674381584	1067,4450886887	0			1276,27632561842	1067,4450886887
9241	725,156773489799	1065,70815758153	0			1274,8432265102	1065,70815758153
9252	741,612670539483	1065,71722361475	0			1258,38732946052	1065,71722361475
9256	749,054671007034	1065,17653494201	0			1250,94532899297	1065,17653494201
9280	766,872104613906	1063,66568666199	0			1233,12789538609	1063,66568666199
9289	769,180141598267	1059,90656121738	0			1230,81985840173	1059,90656121738
9294	774,707816818939	1055,04921002373	0			1225,29218318106	1055,04921002373
9338	771,697425983769	1063,14384467119	0			1228,30257401623	1063,14384467119
9350	771,33111954616	1063,90110167305	0			1228,66888045384	1063,90110167305
9365	769,639495180881	1066,56297478965	0			1230,36050481912	1066,56297478965
9368	766,994116183415	1071,33911089889	0			1233,00588381659	1071,33911089889
9396	773,103697866452	1053,37976553396	0			1226,89630213355	1053,37976553396
9411	776,857496238853	1042,4247267531	0			1223,14250376115	1042,4247267531
9414	778,221828607155	1039,91755568288	0			1221,77817139285	1039,91755568288
9438	777,501949979166	1049,51539891662	0			1222,49805002083	1049,51539891662
9446	778,556158682471	1052,98684651501	0			1221,44384131753	1052,98684651501
9478	752,575300354778	1060,42677409774	0			1247,42469964522	1060,42677409774
9496	756,259537455074	1059,75277667311	0			1243,74046254493	1059,75277667311
9505	758,937923749064	1060,49903243213	0			1241,06207625094	1060,49903243213
9530	760,447572141754	1059,82780771229	0			1239,55242785825	1059,82780771229
9555	751,237472038796	1058,70143358307	0			1248,7625279612	1058,70143358307
9563	752,867946738118	1057,07365450859	0			1247,13205326188	1057,07365450859
9568	758,257595484261	1046,90530820034	0			1241,74240451574	1046,90530820034
9582	761,541932440468	1040,8847852997	0			1238,45806755953	1040,8847852997
9594	766,695585342964	1040,43210539522	0			1233,30441465704	1040,43210539522
9649	772,80507174023	1040,43962246865	0			1227,19492825977	1040,43962246865
9686	773,698017932158	1041,98058288899	0			1226,30198206784	1041,98058288899
9690	766,417903731249	1031,09901951213	0			1233,58209626875	1031,09901951213
9693	760,909704805473	1023,00971161712	0			1239,09029519453	1023,00971161712
9695	756,081854019137	1015,69175428028	1	1243,91814598086	1015,69175428028
9705	754,880070510947	1013,87011545376	1	1245,11992948905	1013,87011545376
9723	752,156970570388	1009,74249633898	1	1247,84302942961	1009,74249633898
9736	732,904339452424	1023,79111600413	0			1267,09566054758	1023,79111600413
9757	730,080292540042	1025,85181933062	0			1269,91970745996	1025,85181933062
9782	747,654586880292	1017,55799712921	1	1252,34541311971	1017,55799712921
9792	763,393495375776	1013,08664436664	1	1236,60650462422	1013,08664436664
9807	769,692890535431	1010,79118891041	1	1230,30710946457	1010,79118891041
9824	777,255536549376	1008,32641104772	1	1222,74446345062	1008,32641104772
9838	761,722860459362	1028,3994496067	0			1238,27713954064	1028,3994496067
9870	744,694809895161	1053,87936229197	0			1255,30519010484	1053,87936229197
9874	738,714273161095	1061,82921655362	0			1261,2857268389	1061,82921655362
9900	735,749330135882	1065,77047901761	0			1264,25066986412	1065,77047901761
9904	731,708299053185	1071,14217216201	0			1268,29170094681	1071,14217216201
9924	728,898620605469	1074,87704332403	0			1271,10137939453	1074,87704332403
9938	728,898620605469	1074,87704332403	0			1271,10137939453	1074,87704332403
9954	728,907151149999	1074,88200467121	0			1271,09284885	1074,88200467121
9970	730,710690188576	1075,93093927314	0			1269,28930981142	1075,93093927314
9988	731,777510273081	1076,55139964397	0			1268,22248972692	1076,55139964397
