3	964,158323566608	843,255676466576	1	1035,84167643339	843,255676466576
86	964,877106289722	833,202772417401	1	1035,12289371028	833,202772417401
101	970,807434323442	818,139069567804	1	1029,19256567656	818,139069567804
105	971,222508166309	815,117463680108	1	1028,77749183369	815,117463680108
107	974,836728072815	805,623809226613	1	1025,16327192719	805,623809226613
109	974,777911619334	804,116798458366	1	1025,22208838067	804,116798458366
113	975,064308595114	800,351761093209	1	1024,93569140489	800,351761093209
116	973,202787150329	807,434145504836	1	1026,79721284967	807,434145504836
133	970,268205086334	819,082244069763	1	1029,73179491367	819,082244069763
155	970,317742907223	820,679033185383	1	1029,68225709278	820,679033185383
175	971,125989441613	811,846848075202	1	1028,87401055839	811,846848075202
181	970,212552389876	805,816069500075	1	1029,78744761012	805,816069500075
202	972,840602920269	798,844511972697	1	1027,15939707973	798,844511972697
221	973,571021594881	795,948714791252	1	1026,42897840512	795,948714791252
240	973,106603293793	797,206566295229	1	1026,89339670621	797,206566295229
246	967,194799822067	817,80764798954	1	1032,80520017793	817,80764798954
274	958,459843217233	822,417076526556	1	1041,54015678277	822,417076526556
312	887,987511505031	825,809341902652	1	1112,01248849497	825,809341902652
338	839,873051290272	829,450824960032	1	1160,12694870973	829,450824960032
355	841,009760988355	834,814132809265	1	1158,99023901165	834,814132809265
371	791,364800369565	841,481995420473	1	1208,63519963044	841,481995420473
374	715,91679100404	827,296994068464	1	1284,08320899596	827,296994068464
383	714,69069060156	823,561527454875	1	1285,30930939844	823,561527454875
401	721,978987800027	823,271124048909	1	1278,02101219997	823,271124048909
433	712,161122148534	818,638843701171	1	1287,83887785147	818,638843701171
454	720,464268095953	825,662860766864	1	1279,53573190405	825,662860766864
468	726,296370478248	836,369077077119	1	1273,70362952175	836,369077077119
475	719,412677441852	852,094779089049	1	1280,58732255815	852,094779089049
478	721,502814914464	849,512980108623	1	1278,49718508554	849,512980108623
536	737,436016209964	843,221218940979	1	1262,56398379004	843,221218940979
552	738,014772582538	838,934049136956	1	1261,98522741746	838,934049136956
578	845,950062761915	760,212808396859	1	1154,04993723808	760,212808396859
614	865,017786562865	754,73113380973	1	1134,98221343713	754,73113380973
620	867,290377295735	763,335928911581	1	1132,70962270427	763,335928911581
643	869,761275931911	770,058563352942	1	1130,23872406809	770,058563352942
694	864,833255611343	787,178061406406	1	1135,16674438866	787,178061406406
701	862,912759578475	790,583307238693	1	1137,08724042153	790,583307238693
705	854,863478986164	792,422832811322	1	1145,13652101384	792,422832811322
719	867,237016809951	793,962208908133	1	1132,76298319005	793,962208908133
735	876,802610536444	794,099939724606	1	1123,19738946356	794,099939724606
746	876,191034294507	793,28096508411	1	1123,80896570549	793,28096508411
765	875,356062903707	791,557688551793	1	1124,64393709629	791,557688551793
782	877,201236355345	788,155343981524	1	1122,79876364466	788,155343981524
797	887,936014408067	771,724234228582	1	1112,06398559193	771,724234228582
831	889,630260377517	761,859626515013	1	1110,36973962248	761,859626515013
835	892,114267896013	759,966338086421	1	1107,88573210399	759,966338086421
851	894,686945603859	759,261066133076	1	1105,31305439614	759,261066133076
886	895,752304255428	759,775069303908	1	1104,24769574457	759,775069303908
895	884,351146804986	787,410337601887	1	1115,64885319501	787,410337601887
913	884,432726049423	787,660486254444	1	1115,56727395058	787,660486254444
921	883,821281509561	781,214321313898	1	1116,17871849044	781,214321313898
936	884,765645073829	782,493076365704	1	1115,23435492617	782,493076365704
942	884,598328413189	782,825945462007	1	1115,40167158681	782,825945462007
1048	883,65368856088	777,000805770264	1	1116,34631143912	777,000805770264
1084	885,509389612106	781,214401712076	1	1114,49061038789	781,214401712076
1090	889,933604634953	781,560789274304	1	1110,06639536505	781,560789274304
1097	895,115405467997	779,792089857821	1	1104,884594532	779,792089857821
1103	867,379917111658	796,323204968556	1	1132,62008288834	796,323204968556
1106	877,619932060441	792,231970365484	1	1122,38006793956	792,231970365484
1111	749,584238665894	754,442516425297	1	1250,41576133411	754,442516425297
1142	716,732855094402	745,275064502731	1	1283,2671449056	745,275064502731
1151	710,387352837281	758,447880716044	1	1289,61264716272	758,447880716044
1156	700,281985891086	773,716417440139	1	1299,71801410891	773,716417440139
1174	692,01411495343	780,215348167753	1	1307,98588504657	780,215348167753
1195	678,239393195599	787,113805997262	1	1321,7606068044	787,113805997262
1201	677,87012284141	789,141324892214	1	1322,12987715859	789,141324892214
1216	676,545471150563	788,150193869239	1	1323,45452884944	788,150193869239
1234	677,47212178513	785,000261251582	1	1322,52787821487	785,000261251582
1241	677,3179795886	749,116858758041	1	1322,6820204114	749,116858758041
1275	673,815729470435	750,462314490457	1	1326,18427052956	750,462314490457
1290	671,25495337511	760,636319181192	1	1328,74504662489	760,636319181192
1305	661,036126646752	758,508334457398	1	1338,96387335325	758,508334457398
1342	646,883663807208	763,565835232708	1	1353,11633619279	763,565835232708
1361	590,013812722367	743,876824745491	1	1409,98618727763	743,876824745491
1380	545,774622012644	729,985100794791	1	1454,22537798736	729,985100794791
1385	532,829236494454	726,931768175479	1	1467,17076350555	726,931768175479
1393	426,186133346665	660,95278087403	1	1573,81386665334	660,95278087403
1420	408,639766541253	652,118499985552	1	1591,36023345875	652,118499985552
1488	401,356427767693	648,357015008339	1	1598,64357223231	648,357015008339
1525	401,419620166653	648,451498802259	1	1598,58037983335	648,451498802259
1532	415,811743668623	689,856025923516	1	1584,18825633138	689,856025923516
1537	417,103552541359	693,864314714413	1	1582,89644745864	693,864314714413
1541	448,160696884473	627,582976203165	1	1551,83930311553	627,582976203165
1575	465,154009352852	610,031868069418	1	1534,84599064715	610,031868069418
1598	752,756115045066	607,579744908083	1	1247,24388495493	607,579744908083
1638	720,154702306851	612,533785303052	1	1279,84529769315	612,533785303052
1646	894,154973214763	615,467931045036	1	1105,84502678524	615,467931045036
1652	900,045776005932	620,143269834333	1	1099,95422399407	620,143269834333
1665	911,808019117376	643,696405183699	1	1088,19198088262	643,696405183699
1680	909,633066131493	685,520919291537	1	1090,36693386851	685,520919291537
1695	911,608308119347	682,857267661882	1	1088,39169188065	682,857267661882
1717	913,055343936299	685,498456422735	1	1086,9446560637	685,498456422735
1733	909,255077110079	686,384753325669	1	1090,74492288992	686,384753325669
1759	903,997024831759	710,504271260898	1	1096,00297516824	710,504271260898
1767	915,77576439887	715,593869253588	1	1084,22423560113	715,593869253588
1784	903,078052868081	715,751441718286	1	1096,92194713192	715,751441718286
1797	905,780199879994	716,818159365357	1	1094,21980012001	716,818159365357
1815	918,232821112668	718,946989633135	1	1081,76717888733	718,946989633135
1823	918,828190998278	713,689354892585	1	1081,17180900172	713,689354892585
1841	911,411679591619	696,093926002506	1	1088,58832040838	696,093926002506
1889	909,505361564283	690,233220799461	1	1090,49463843572	690,233220799461
1899	913,431675415838	688,097091635691	1	1086,56832458416	688,097091635691
1913	921,632788244547	694,237455457725	1	1078,36721175545	694,237455457725
1917	923,926440284703	701,247575847208	1	1076,0735597153	701,247575847208
1948	928,856597658754	721,834350654181	1	1071,14340234125	721,834350654181
1983	939,095215573314	751,497251540356	1	1060,90478442669	751,497251540356
1995	937,058041836126	749,575536468416	1	1062,94195816387	749,575536468416
2005	943,397185247977	752,110539964711	1	1056,60281475202	752,110539964711
2042	941,970152914015	762,579887906643	1	1058,02984708599	762,579887906643
2045	941,542586681348	766,801397319531	1	1058,45741331865	766,801397319531
2061	944,619962955923	763,083348159669	1	1055,38003704408	763,083348159669
2079	944,66747163964	769,452156503668	1	1055,33252836036	769,452156503668
2083	940,925625082216	772,643568336956	1	1059,07437491778	772,643568336956
2092	940,858902688209	769,100486574897	1	1059,14109731179	769,100486574897
2107	939,218045311967	764,600063704241	1	1060,78195468803	764,600063704241
2123	937,769113102591	763,426975525428	1	1062,23088689741	763,426975525428
2138	937,941993136378	758,676994057907	1	1062,05800686362	758,676994057907
2200	941,221216173672	753,203631309513	1	1058,77878382633	753,203631309513
2206	940,736886176764	754,653996280923	1	1059,26311382324	754,653996280923
2208	933,256152179394	756,316256853386	1	1066,74384782061	756,316256853386
2223	930,900903719426	756,592805014343	1	1069,09909628057	756,592805014343
2238	926,317880672227	761,198744021238	1	1073,68211932777	761,198744021238
2255	915,01485824182	773,63472407855	1	1084,98514175818	773,63472407855
2269	900,683190997274	771,497478400684	1	1099,31680900273	771,497478400684
2272	782,895391049752	771,425200539216	1	1217,10460895025	771,425200539216
2290	772,150670425796	772,149187952444	1	1227,8493295742	772,149187952444
2320	745,782024524396	770,471576783954	1	1254,2179754756	770,471576783954
2357	740,309193087723	763,466800373412	1	1259,69080691228	763,466800373412
2368	738,997150960273	758,698065619292	1	1261,00284903973	758,698065619292
2373	732,108587060839	760,106592856587	1	1267,89141293916	760,106592856587
2388	737,47291864711	757,651576484235	1	1262,52708135289	757,651576484235
2414	734,628369939333	758,813242797043	1	1265,37163006067	758,813242797043
2438	737,44234154005	752,891792753932	1	1262,55765845995	752,891792753932
2451	738,286707088332	752,305244233109	1	1261,71329291167	752,305244233109
2454	743,049734879196	752,356701600209	1	1256,9502651208	752,356701600209
2494	746,259316737468	750,932122029712	1	1253,74068326253	750,932122029712
2499	747,42934404655	748,622079977112	1	1252,57065595345	748,622079977112
2503	750,345762882632	741,268911287136	1	1249,65423711737	741,268911287136
2520	747,140774274193	735,671482612774	1	1252,85922572581	735,671482612774
2536	746,441657735121	729,166013251908	1	1253,55834226488	729,166013251908
2554	744,817292090629	728,904027886447	1	1255,18270790937	728,904027886447
2560	756,435897755682	748,558400729923	1	1243,56410224432	748,558400729923
2582	757,573725622636	749,626922651947	1	1242,42627437736	749,626922651947
2588	758,556617060833	749,698406167889	1	1241,44338293917	749,698406167889
2621	759,950490370661	752,819633026303	1	1240,04950962934	752,819633026303
2653	759,930618364791	783,967142481291	1	1240,06938163521	783,967142481291
2660	748,695811181143	795,567881189523	1	1251,30418881886	795,567881189523
2683	753,080788573796	802,711491456411	1	1246,9192114262	802,711491456411
2694	757,53527299665	797,103155960438	1	1242,46472700335	797,103155960438
2707	755,930656204122	795,551329129673	1	1244,06934379588	795,551329129673
2714	748,928841886495	781,476949243529	1	1251,0711581135	781,476949243529
2734	749,972903435037	778,744243563279	1	1250,02709656496	778,744243563279
2745	756,592058278816	771,287915183398	1	1243,40794172118	771,287915183398
2774	753,457347557552	771,03887473446	1	1246,54265244245	771,03887473446
2791	754,018101826868	767,702869553337	1	1245,98189817313	767,702869553337
2803	749,627475674398	764,403379734063	1	1250,3725243256	764,403379734063
2840	749,658240228203	763,837899565409	1	1250,3417597718	763,837899565409
2857	738,468809296067	764,586262112409	1	1261,53119070393	764,586262112409
2878	742,869981019181	772,992597165791	1	1257,13001898082	772,992597165791
2893	727,279516252562	769,698238730825	1	1272,72048374744	769,698238730825
2941	770,797665665461	785,991764754995	1	1229,20233433454	785,991764754995
2968	777,137376617533	793,223530258935	1	1222,86262338247	793,223530258935
2981	930,031808864828	755,678327097634	1	1069,96819113517	755,678327097634
2987	892,191047707521	765,449547498253	1	1107,80895229248	765,449547498253
2992	913,422127704737	751,294475217178	1	1086,57787229526	751,294475217178
2994	947,149923371905	745,725575911975	1	1052,85007662809	745,725575911975
3010	968,037838221438	722,993038382027	1	1031,96216177856	722,993038382027
3033	971,21633535195	718,676385737931	1	1028,78366464805	718,676385737931
3043	969,392974064621	718,890706068366	1	1030,60702593538	718,890706068366
3090	975,233929448398	709,160675109108	1	1024,7660705516	709,160675109108
3093	978,876905834412	698,218686556067	1	1021,12309416559	698,218686556067
3111	957,003558418035	707,599208654483	1	1042,99644158197	707,599208654483
3144	945,42551146344	711,785641768492	1	1054,57448853656	711,785641768492
3147	950,845612602192	706,470821402898	1	1049,15438739781	706,470821402898
3153	944,055148923418	712,652719841368	1	1055,94485107658	712,652719841368
3168	944,997618582609	727,841542077798	1	1055,00238141739	727,841542077798
3173	946,167347334932	728,964303176202	1	1053,83265266507	728,964303176202
3202	944,838726840859	730,178452287714	1	1055,16127315914	730,178452287714
3219	950,929403641734	740,509174758305	1	1049,07059635827	740,509174758305
3239	949,914890671202	738,580732939614	1	1050,0851093288	738,580732939614
3251	947,923602355684	726,853962774975	1	1052,07639764432	726,853962774975
3267	938,652304317667	708,449491964509	1	1061,34769568233	708,449491964509
3281	941,857753049773	704,350064699966	1	1058,14224695023	704,350064699966
3301	942,409266777937	704,220193559217	1	1057,59073322206	704,220193559217
3324	947,294164830028	714,914768652076	1	1052,70583516997	714,914768652076
3343	948,379178705892	718,138862769172	1	1051,62082129411	718,138862769172
3346	947,203043042518	711,311253774041	1	1052,79695695748	711,311253774041
3370	943,304145680435	732,394316885602	1	1056,69585431956	732,394316885602
3387	938,524495480263	740,696709047695	1	1061,47550451974	740,696709047695
3442	935,322046022096	745,161847042338	1	1064,6779539779	745,161847042338
3461	939,15635596697	739,708740406296	1	1060,84364403303	739,708740406296
3482	939,77245923502	737,870728773232	1	1060,22754076498	737,870728773232
3490	942,024666481703	739,080021548191	1	1057,9753335183	739,080021548191
3494	938,150771852103	732,099722655837	1	1061,8492281479	732,099722655837
3499	941,270138436117	738,761459555316	1	1058,72986156388	738,761459555316
3502	944,040265363494	739,05517993011	1	1055,95973463651	739,05517993011
3520	942,341479430124	730,671048318364	1	1057,65852056988	730,671048318364
3539	942,358175950673	724,480680146478	1	1057,64182404933	724,480680146478
3557	946,916048329051	722,405822198792	1	1053,08395167095	722,405822198792
3570	946,291155488517	722,239362874134	1	1053,70884451148	722,239362874134
3584	937,7670242599	729,404039535241	1	1062,2329757401	729,404039535241
3599	910,368175949818	741,741056153134	1	1089,63182405018	741,741056153134
3615	849,331796566747	737,752414299553	1	1150,66820343325	737,752414299553
3623	678,512280146838	693,531760453504	1	1321,48771985316	693,531760453504
3639	683,048197765332	697,368018891512	1	1316,95180223467	697,368018891512
3673	552,547349526553	668,184171335663	1	1447,45265047345	668,184171335663
3688	545,877810452726	663,338561482481	1	1454,12218954727	663,338561482481
3711	536,789703037573	662,672963057106	1	1463,21029696243	662,672963057106
3730	541,036495312871	651,517121845947	1	1458,96350468713	651,517121845947
3737	537,830230515609	644,649412564053	1	1462,16976948439	644,649412564053
3753	533,47460396121	640,936602075556	1	1466,52539603879	640,936602075556
3756	532,783788848301	640,557176449681	1	1467,2162111517	640,557176449681
3786	529,851554596503	641,621730225861	1	1470,1484454035	641,621730225861
3811	526,778812279714	641,660340720449	1	1473,22118772029	641,660340720449
3820	525,366659685924	641,796738737262	1	1474,63334031408	641,796738737262
3848	524,520492847559	642,714648060645	1	1475,47950715244	642,714648060645
3855	524,940232249261	649,609197297331	1	1475,05976775074	649,609197297331
3868	523,748306672954	657,695469297148	1	1476,25169332705	657,695469297148
3901	528,409625600809	672,101402556351	1	1471,59037439919	672,101402556351
3913	526,684939622264	663,837158780594	1	1473,31506037774	663,837158780594
3933	526,520916495218	668,152515508037	1	1473,47908350478	668,152515508037
3949	528,439366450255	678,163055183333	1	1471,56063354975	678,163055183333
3986	526,639696065069	682,854369099857	1	1473,36030393493	682,854369099857
4041	527,207197904033	682,084412486527	1	1472,79280209597	682,084412486527
4055	529,707208757582	671,852730538145	1	1470,29279124242	671,852730538145
4057	531,292475978692	674,485489889715	1	1468,70752402131	674,485489889715
4059	536,895272633048	675,106396724123	1	1463,10472736695	675,106396724123
4079	543,023826438553	673,441987364997	1	1456,97617356145	673,441987364997
4106	576,354090979028	672,210818331288	1	1423,64590902097	672,210818331288
4127	685,189771334548	667,52645383979	1	1314,81022866545	667,52645383979
4140	741,363200793794	663,7973522355	1	1258,63679920621	663,7973522355
4155	816,6344600883	649,001280477018	1	1183,3655399117	649,001280477018
4163	891,71085038662	643,15653310891	1	1108,28914961338	643,15653310891
4181	831,637950467533	651,461076809687	1	1168,36204953247	651,461076809687
4199	931,267088561652	621,487200367333	1	1068,73291143835	621,487200367333
4214	929,93354550641	621,281842501666	1	1070,06645449359	621,281842501666
4228	932,02170238551	622,882737774523	1	1067,97829761449	622,882737774523
4245	929,082917615357	628,566379692091	1	1070,91708238464	628,566379692091
4272	939,75215728812	679,354217256513	1	1060,24784271188	679,354217256513
4285	935,583538593072	700,505141040338	1	1064,41646140693	700,505141040338
4298	935,869078557039	705,077872908186	1	1064,13092144296	705,077872908186
4314	937,467413146258	703,172001829398	1	1062,53258685374	703,172001829398
4332	935,074405062443	711,172423216442	1	1064,92559493756	711,172423216442
4351	932,127643681187	703,186161202648	1	1067,87235631881	703,186161202648
4403	930,848518453936	697,807998061352	1	1069,15148154606	697,807998061352
4409	929,446029602724	682,267113753285	1	1070,55397039728	682,267113753285
4425	973,323508343022	682,143341798233	1	1026,67649165698	682,143341798233
4441	967,593404871785	698,86634076245	1	1032,40659512822	698,86634076245
4448	969,129289513629	694,167411815258	1	1030,87071048637	694,167411815258
4470	963,204932757538	688,647581001575	1	1036,79506724246	688,647581001575
4488	956,62680901715	685,257971890919	1	1043,37319098285	685,257971890919
4496	947,809400827449	680,706067335089	1	1052,19059917255	680,706067335089
4508	951,690449298826	680,87222114612	1	1048,30955070117	680,87222114612
4533	951,992642685293	678,192728335008	1	1048,00735731471	678,192728335008
4548	949,635164088961	673,847323916588	1	1050,36483591104	673,847323916588
4580	952,595034335858	665,877035480819	1	1047,40496566414	665,877035480819
4611	953,318452753026	663,153632499047	1	1046,68154724697	663,153632499047
4623	955,203052980646	665,239344677387	1	1044,79694701935	665,239344677387
4627	949,860134703755	655,332064290898	1	1050,13986529625	655,332064290898
4642	948,30676222265	659,522399705212	1	1051,69323777735	659,522399705212
4657	944,931626720767	668,218622962477	1	1055,06837327923	668,218622962477
4661	946,107696305868	665,906407501786	1	1053,89230369413	665,906407501786
4679	948,317591281772	660,687455165745	1	1051,68240871823	660,687455165745
4703	949,051693719475	659,656635397752	1	1050,94830628052	659,656635397752
4720	964,252074776171	622,234727109416	1	1035,74792522383	622,234727109416
4736	971,130810671845	611,649523701811	1	1028,86918932815	611,649523701811
4749	803,692264386882	647,901852133081	1	1196,30773561312	647,901852133081
4766	723,983780579804	666,228907222963	1	1276,0162194202	666,228907222963
4781	630,328485843042	687,244379291402	1	1369,67151415696	687,244379291402
4831	616,907087893591	690,202479942933	1	1383,09291210641	690,202479942933
4856	598,239450948658	705,909721367119	1	1401,76054905134	705,909721367119
4859	577,895443297398	703,145029425278	1	1422,1045567026	703,145029425278
4864	537,891252975528	713,174397478238	1	1462,10874702447	713,174397478238
4879	526,315694802487	704,493553973848	1	1473,68430519751	704,493553973848
4894	524,422822343461	699,916157362275	1	1475,57717765654	699,916157362275
4912	522,996741424408	694,937750920147	1	1477,00325857559	694,937750920147
4919	529,033726793194	669,937605934737	1	1470,96627320681	669,937605934737
4934	524,966473715003	657,831024325476	1	1475,033526285	657,831024325476
4946	521,787439618128	655,83549954911	1	1478,21256038187	655,83549954911
4962	525,819648416039	647,549567908544	1	1474,18035158396	647,549567908544
4984	522,837438235473	655,587575061166	1	1477,16256176453	655,587575061166
5004	516,596064042755	671,284222790395	1	1483,40393595725	671,284222790395
5018	516,528234263167	713,67483919827	1	1483,47176573683	713,67483919827
5039	525,529936961521	719,033336848245	1	1474,47006303848	719,033336848245
5058	530,984188292094	729,397886023618	1	1469,01581170791	729,397886023618
5081	530,7543453809	728,012713156371	1	1469,2456546191	728,012713156371
5097	530,135871724834	728,596770103172	1	1469,86412827517	728,596770103172
5102	528,740567545348	714,787803113138	1	1471,25943245465	714,787803113138
5110	527,495728328441	712,661328187633	1	1472,50427167156	712,661328187633
5169	532,635502017315	703,425671500259	1	1467,36449798268	703,425671500259
5172	531,943056351352	698,665714912275	1	1468,05694364865	698,665714912275
5187	566,162187977733	695,351551465768	1	1433,83781202227	695,351551465768
5201	558,166678997688	694,431962481779	1	1441,83332100231	694,431962481779
5203	847,527276633654	656,06819148375	1	1152,47272336635	656,06819148375
5218	856,351139575948	664,069009689184	1	1143,64886042405	664,069009689184
5231	878,697349946699	665,132454523302	1	1121,3026500533	665,132454523302
5251	921,551344231863	660,086688330106	1	1078,44865576814	660,086688330106
5274	934,183679372542	662,383440869196	1	1065,81632062746	662,383440869196
5300	942,296045259007	657,798769278404	1	1057,70395474099	657,798769278404
5341	951,395244108414	660,127340275677	1	1048,60475589159	660,127340275677
5353	942,785454611064	642,272771314725	1	1057,21454538894	642,272771314725
5359	947,225750300217	652,208908620523	1	1052,77424969978	652,208908620523
5376	943,080493344931	621,157096073406	1	1056,91950665507	621,157096073406
5391	948,336701781346	643,531897427615	1	1051,66329821865	643,531897427615
5395	944,091005700053	641,816965994257	1	1055,90899429995	641,816965994257
5412	944,407500614021	639,329784687308	1	1055,59249938598	639,329784687308
5425	945,408009214645	648,826073039338	1	1054,59199078536	648,826073039338
5444	944,527790599483	648,638317656254	1	1055,47220940052	648,638317656254
5486	943,963564796055	646,127977086507	1	1056,03643520394	646,127977086507
5490	944,318852499886	642,770967806696	1	1055,68114750011	642,770967806696
5506	946,880726709133	653,935800799847	1	1053,11927329087	653,935800799847
5523	944,130212287382	663,774274424089	1	1055,86978771262	663,774274424089
5527	940,585106365743	662,061912126408	1	1059,41489363426	662,061912126408
5545	939,958283974458	653,676648104936	1	1060,04171602554	653,676648104936
5562	938,216047650839	652,393632497481	1	1061,78395234916	652,393632497481
5585	932,811264752461	644,290994460336	1	1067,18873524754	644,290994460336
5593	937,447327083027	638,040943789614	1	1062,55267291697	638,040943789614
5622	936,09376587732	636,392257653747	1	1063,90623412268	636,392257653747
5638	939,375181209743	642,6224181005	1	1060,62481879026	642,6224181005
5645	937,213059866961	658,492169147087	1	1062,78694013304	658,492169147087
5668	926,799195037588	639,993287424584	1	1073,20080496241	639,993287424584
5736	931,965547531407	670,541040820295	1	1068,03445246859	670,541040820295
5743	928,400612892596	670,124049967554	1	1071,5993871074	670,124049967554
5747	920,908733450516	634,255595266201	1	1079,09126654948	634,255595266201
5748	928,489549120247	638,128623996941	1	1071,51045087975	638,128623996941
5751	941,08819181544	620,910769348594	1	1058,91180818456	620,910769348594
5819	945,455691059895	600,827229933219	1	1054,5443089401	600,827229933219
5838	947,782965978943	596,018735592103	1	1052,21703402106	596,018735592103
5846	948,169005942208	601,240851340796	1	1051,83099405779	601,240851340796
5849	957,246427410463	609,161147095439	1	1042,75357258954	609,161147095439
5852	952,268729063445	616,162057057219	1	1047,73127093656	616,162057057219
5854	948,965828161441	611,44256006166	1	1051,03417183856	611,44256006166
5860	953,29606456995	613,851261861157	1	1046,70393543005	613,851261861157
5878	946,352590857867	612,792096313152	1	1053,64740914213	612,792096313152
5895	940,624131975827	616,495174135981	1	1059,37586802417	616,495174135981
5918	937,540858497683	617,7717969999	1	1062,45914150232	617,7717969999
5938	944,857782209682	619,304158803061	1	1055,14221779032	619,304158803061
5954	944,043246821256	617,707826009515	1	1055,95675317874	617,707826009515
5970	957,172595901291	608,038221492276	1	1042,82740409871	608,038221492276
5985	945,797380121687	593,393247097168	1	1054,20261987831	593,393247097168
6001	975,778663712899	583,05764183535	1	1024,2213362871	583,05764183535
6017	929,989979728289	581,235385668311	1	1070,01002027171	581,235385668311
6035	808,683012958925	582,407589452487	1	1191,31698704108	582,407589452487
6042	665,146250303492	584,218170958536	1	1334,85374969651	584,218170958536
6078	545,00639522331	576,387512069677	1	1454,99360477669	576,387512069677
6091	538,10404106129	577,757262448119	1	1461,89595893871	577,757262448119
6095	526,357812659653	571,529549976342	1	1473,64218734035	571,529549976342
6122	522,437765490093	571,401481734445	1	1477,56223450991	571,401481734445
6137	517,942940267856	570,252001065498	1	1482,05705973214	570,252001065498
6143	521,229888911986	575,482186348717	1	1478,77011108801	575,482186348717
6158	501,363015649943	606,689378570435	1	1498,63698435006	606,689378570435
6176	499,732926211938	604,13692292581	1	1500,26707378806	604,13692292581
6189	497,822098875062	593,11609692587	1	1502,17790112494	593,11609692587
6220	489,119098014339	583,077529487442	1	1510,88090198566	583,077529487442
6244	487,664537529794	574,607576963529	1	1512,33546247021	574,607576963529
6250	490,97849001461	593,751633265681	1	1509,02150998539	593,751633265681
6280	492,456317014864	584,296648188841	1	1507,54368298514	584,296648188841
6284	494,644686641331	596,38463692169	1	1505,35531335867	596,38463692169
6308	494,711536132751	607,489054954721	1	1505,28846386725	607,489054954721
6325	492,339678305638	622,091549049554	1	1507,66032169436	622,091549049554
6327	498,597773357684	607,219118827284	1	1501,40222664232	607,219118827284
6350	492,059991764389	622,621287140821	1	1507,94000823561	622,621287140821
6372	496,251738822306	599,814962790257	1	1503,74826117769	599,814962790257
6384	498,987988196957	602,773424350398	1	1501,01201180304	602,773424350398
6406	501,550536981273	599,555727131908	1	1498,44946301873	599,555727131908
6428	502,001451103895	603,20304111755	1	1497,99854889611	603,20304111755
6435	523,560024833435	600,536551403472	1	1476,43997516657	600,536551403472
6453	524,941844110972	601,579789983576	1	1475,05815588903	601,579789983576
6467	557,819966489915	597,783400240047	1	1442,18003351009	597,783400240047
6473	650,673858477283	594,981698989026	1	1349,32614152272	594,981698989026
6488	725,664756668579	588,589337882007	1	1274,33524333142	588,589337882007
6525	815,671758979752	592,258314251676	1	1184,32824102025	592,258314251676
6540	895,926224309095	571,401593757779	1	1104,0737756909	571,401593757779
6554	900,232223721576	607,113290898871	1	1099,76777627842	607,113290898871
6568	902,171849325834	588,747787064104	1	1097,82815067417	588,747787064104
6584	904,182573486352	579,140973561444	1	1095,81742651365	579,140973561444
6592	902,978919327005	599,641684930981	1	1097,021080673	599,641684930981
6622	913,413932236229	594,377261446779	1	1086,58606776377	594,377261446779
6644	918,664180634956	590,867292042851	1	1081,33581936504	590,867292042851
6647	918,645134612254	617,221655492644	1	1081,35486538775	617,221655492644
6671	921,657642975278	611,217835322787	1	1078,34235702472	611,217835322787
6686	919,347438791988	620,436787715154	1	1080,65256120801	620,436787715154
6702	920,545255906925	617,197091351766	1	1079,45474409308	617,197091351766
6719	907,572400408432	602,558270379169	1	1092,42759959157	602,558270379169
6741	910,304088780114	598,42303003121	1	1089,69591121989	598,42303003121
6747	900,508134491669	576,215490492545	1	1099,49186550833	576,215490492545
6786	899,998885301499	569,467208126843	1	1100,0011146985	569,467208126843
6803	898,648466512047	567,438569532833	1	1101,35153348795	567,438569532833
6806	902,110749099304	566,327898146622	1	1097,8892509007	566,327898146622
6825	899,473488346334	554,928302841785	1	1100,52651165367	554,928302841785
6834	897,816377322879	568,13782785295	1	1102,18362267712	568,13782785295
6863	895,400317045731	577,546651823205	1	1104,59968295427	577,546651823205
6868	901,683395012273	572,4232603219	1	1098,31660498773	572,4232603219
6898	902,97291788369	572,424113556226	1	1097,02708211631	572,424113556226
6938	905,624111573457	581,87965167867	1	1094,37588842654	581,87965167867
6941	902,773629204584	588,585496854906	1	1097,22637079542	588,585496854906
6947	904,936596510746	597,103109908828	1	1095,06340348925	597,103109908828
6950	917,11470271651	594,368269718127	1	1082,88529728349	594,368269718127
6972	911,094868084292	598,292702790045	1	1088,90513191571	598,292702790045
6989	922,106123479936	592,560357884913	1	1077,89387652006	592,560357884913
7006	909,823241362344	580,332875435296	1	1090,17675863766	580,332875435296
7019	902,825857981751	574,745881948347	1	1097,17414201825	574,745881948347
7036	909,185813446171	569,88404437998	1	1090,81418655383	569,88404437998
7047	896,539973764352	561,939397041075	1	1103,46002623565	561,939397041075
7086	896,85595493248	562,563909600323	1	1103,14404506752	562,563909600323
7102	910,231694683255	565,079258712082	1	1089,76830531674	565,079258712082
7104	909,638902563628	564,629168522154	1	1090,36109743637	564,629168522154
7143	911,303078606286	565,282185006671	1	1088,69692139371	565,282185006671
7169	898,871392942129	567,966972190481	1	1101,12860705787	567,966972190481
7172	768,018617701307	594,312358093598	1	1231,98138229869	594,312358093598
7175	555,073272196056	623,495827904342	1	1444,92672780394	623,495827904342
7179	513,868700037121	624,9674342603	1	1486,13129996288	624,9674342603
7195	508,844012494748	620,982737814351	1	1491,15598750525	620,982737814351
7210	502,994669767772	610,642392598236	1	1497,00533023223	610,642392598236
7226	497,602139670902	614,983335352807	1	1502,3978603291	614,983335352807
7240	471,486854511279	651,643786273762	1	1528,51314548872	651,643786273762
7318	504,414684965109	618,289129082852	1	1495,58531503489	618,289129082852
7342	493,168510188877	627,197961154887	1	1506,83148981112	627,197961154887
7347	482,799828139755	663,517712161304	1	1517,20017186024	663,517712161304
7351	483,36189621661	661,996909679622	1	1516,63810378339	661,996909679622
7356	484,458360625998	646,191828023354	1	1515,541639374	646,191828023354
7360	476,862486032816	643,249767432012	1	1523,13751396718	643,249767432012
7363	472,617134569548	646,606747905345	1	1527,38286543045	646,606747905345
7380	475,029469598906	649,379921001624	1	1524,97053040109	649,379921001624
7432	493,565781903887	674,558625994739	1	1506,43421809611	674,558625994739
7442	490,091303960221	662,831385010926	1	1509,90869603978	662,831385010926
7450	492,35015893336	670,015428670102	1	1507,64984106664	670,015428670102
7469	522,620724708035	663,233615565287	1	1477,37927529197	663,233615565287
7487	626,469500001644	625,670037231625	1	1373,53049999836	625,670037231625
7491	661,653742251302	627,081417793539	1	1338,3462577487	627,081417793539
7507	703,763982452565	632,88311404326	1	1296,23601754743	632,88311404326
7554	783,68454458705	626,68027943277	1	1216,31545541295	626,68027943277
7581	793,303890131607	648,582139134155	1	1206,69610986839	648,582139134155
7584	841,563846334446	653,447776365278	1	1158,43615366555	653,447776365278
7587	848,369860385251	647,300909785435	1	1151,63013961475	647,300909785435
7628	905,443522397566	612,906459028009	1	1094,55647760243	612,906459028009
7642	893,809473107627	617,362478580285	1	1106,19052689237	617,362478580285
7646	892,172183012483	620,506013252423	1	1107,82781698752	620,506013252423
7664	880,223560253113	698,560360586637	1	1119,77643974689	698,560360586637
7680	888,854647518135	675,165944707598	1	1111,14535248186	675,165944707598
7696	911,816338341428	717,081405089948	1	1088,18366165857	717,081405089948
7724	902,862945934477	756,543416481422	1	1097,13705406552	756,543416481422
7740	913,01955940886	761,519725539292	1	1086,98044059114	761,519725539292
7760	912,360595564162	713,386675133024	1	1087,63940443584	713,386675133024
7771	911,445155169904	704,83174576249	1	1088,5548448301	704,83174576249
7785	910,103150906271	690,734749661433	1	1089,89684909373	690,734749661433
7804	909,020629600339	682,92500440728	1	1090,97937039966	682,92500440728
7819	909,284025435	679,717013787676	1	1090,715974565	679,717013787676
7823	911,681673272899	677,811206284183	1	1088,3183267271	677,811206284183
7840	916,950777606717	669,864131068874	1	1083,04922239328	669,864131068874
7881	900,781055230724	651,711022841569	1	1099,21894476928	651,711022841569
7886	899,591803384644	651,460760738974	1	1100,40819661536	651,460760738974
7911	904,99740227772	654,63826885266	1	1095,00259772228	654,63826885266
7924	899,566980401363	660,251090821035	1	1100,43301959864	660,251090821035
7932	894,901768637926	652,107829246806	1	1105,09823136207	652,107829246806
7943	901,353276456289	645,110263529366	1	1098,64672354371	645,110263529366
7969	903,905393867616	647,383343180849	1	1096,09460613238	647,383343180849
8009	905,814328821221	648,409011276947	1	1094,18567117878	648,409011276947
8037	905,460096807382	651,820540045922	1	1094,53990319262	651,820540045922
8042	901,851290561091	669,233266047774	1	1098,14870943891	669,233266047774
8044	900,350751385515	676,237621478197	1	1099,64924861449	676,237621478197
8062	899,950789996809	679,400369887888	1	1100,04921000319	679,400369887888
8065	896,617676097716	692,767696537305	1	1103,38232390228	692,767696537305
8076	897,113497773687	696,382357047761	1	1102,88650222631	696,382357047761
8109	898,297825911612	687,99263082591	1	1101,70217408839	687,99263082591
8125	902,90202353359	681,288494647007	1	1097,09797646641	681,288494647007
8130	906,709671334267	675,77174121991	1	1093,29032866573	675,77174121991
8145	898,52220707527	660,504111966111	1	1101,47779292473	660,504111966111
8166	894,202289579408	659,206855283615	1	1105,79771042059	659,206855283615
8197	890,772472637648	657,658983591972	1	1109,22752736235	657,658983591972
8214	893,460443738828	656,581664276843	1	1106,53955626117	656,581664276843
8216	897,943383151313	643,549737543105	1	1102,05661684869	643,549737543105
8238	902,948682875406	640,886621511761	1	1097,05131712459	640,886621511761
8249	921,814967889099	623,411941485638	1	1078,1850321109	623,411941485638
8267	906,644767100628	627,553399508581	1	1093,35523289937	627,553399508581
8273	910,280641091428	626,69662576651	1	1089,71935890857	626,69662576651
8287	922,433283780301	636,031125118088	1	1077,5667162197	636,031125118088
8342	920,215605167589	635,859991882789	1	1079,78439483241	635,859991882789
8346	873,634596616705	620,317210152976	1	1126,36540338329	620,317210152976
8350	813,915101393419	597,316324072541	1	1186,08489860658	597,316324072541
8382	719,492883309462	623,779540179191	1	1280,50711669054	623,779540179191
8399	630,82118873469	651,790628049188	1	1369,17881126531	651,790628049188
8423	550,995728559282	646,268858259149	1	1449,00427144072	646,268858259149
8444	512,568332250632	651,070093290292	1	1487,43166774937	651,070093290292
8498	506,554677579235	664,234333007829	1	1493,44532242076	664,234333007829
8501	504,481398002463	661,325333824072	1	1495,51860199754	661,325333824072
8519	498,475126127627	663,049632045602	1	1501,52487387237	663,049632045602
8541	491,566762407955	671,0932777135	1	1508,43323759204	671,0932777135
8546	491,150867061495	671,438129290936	1	1508,8491329385	671,438129290936
8613	477,478688488308	670,831292021436	1	1522,52131151169	670,831292021436
8619	477,366597113943	666,253783677904	1	1522,63340288606	666,253783677904
8624	451,245054821478	673,217967422445	1	1548,75494517852	673,217967422445
8630	446,417645431552	667,682103650174	1	1553,58235456845	667,682103650174
8634	438,43587097377	675,638994502244	1	1561,56412902623	675,638994502244
8657	444,455488195994	671,597827368505	1	1555,54451180401	671,597827368505
8723	447,024028555078	671,46368374107	1	1552,97597144492	671,46368374107
8752	473,496378151383	687,456658163861	1	1526,50362184862	687,456658163861
8755	487,342612542393	695,770126335962	1	1512,65738745761	695,770126335962
8760	489,747178211192	697,856165094589	1	1510,25282178881	697,856165094589
8763	464,363107223308	695,222305217907	1	1535,63689277669	695,222305217907
8766	482,414332596677	706,678017967829	1	1517,58566740332	706,678017967829
8771	481,977401828856	733,51790915676	1	1518,02259817114	733,51790915676
8791	479,899829129618	736,317106390601	1	1520,10017087038	736,317106390601
8797	479,13631139853	739,794489823466	1	1520,86368860147	739,794489823466
8820	468,447584544051	697,654876623351	1	1531,55241545595	697,654876623351
8829	477,367710633348	710,536906997707	1	1522,63228936665	710,536906997707
8852	474,022551229273	701,338946169968	1	1525,97744877073	701,338946169968
8860	474,618465616511	705,443906677301	1	1525,38153438349	705,443906677301
8893	473,426619396082	717,262907718721	1	1526,57338060392	717,262907718721
8900	489,641482907671	728,143943290517	1	1510,35851709233	728,143943290517
8922	526,254671012301	736,996416733509	1	1473,7453289877	736,996416733509
8944	563,397876729116	741,378997779149	1	1436,60212327088	741,378997779149
8955	814,592558627467	703,851424533754	1	1185,40744137253	703,851424533754
8970	868,958704375718	658,774959523633	1	1131,04129562428	658,774959523633
8985	874,015267459233	656,136518412254	1	1125,98473254077	656,136518412254
9002	878,297440798134	653,596526371137	1	1121,70255920187	653,596526371137
9022	889,719121149242	645,948638085394	1	1110,28087885076	645,948638085394
9043	888,247190306739	656,086774629065	1	1111,75280969326	656,086774629065
9072	881,749894829277	664,857286933266	1	1118,25010517072	664,857286933266
9093	880,26816691123	653,375521670738	1	1119,73183308877	653,375521670738
9114	878,735134957233	635,804699879808	1	1121,26486504277	635,804699879808
9138	884,272775726659	625,637812216478	1	1115,72722427334	625,637812216478
9159	884,745435861416	620,723446635177	1	1115,25456413858	620,723446635177
9197	890,415855387275	618,343063224646	1	1109,58414461272	618,343063224646
9202	895,625644458256	607,397730173059	1	1104,37435554174	607,397730173059
9220	878,407515175608	574,036966178247	1	1121,59248482439	574,036966178247
9259	880,699340026507	578,134894784267	1	1119,30065997349	578,134894784267
9274	878,092689127971	573,614465731023	1	1121,90731087203	573,614465731023
9277	875,848192911313	569,77159122753	1	1124,15180708869	569,77159122753
9282	909,70937099729	603,947923810675	1	1090,29062900271	603,947923810675
9296	910,818504329115	622,079988085022	1	1089,18149567088	622,079988085022
9312	888,664650455516	585,905102416016	1	1111,33534954448	585,905102416016
9328	895,466148513313	608,775016443882	1	1104,53385148669	608,775016443882
9335	892,926351785241	599,241850432626	1	1107,07364821476	599,241850432626
9368	900,245038917926	641,897520559087	1	1099,75496108207	641,897520559087
9386	916,907019801157	673,258263396902	1	1083,09298019884	673,258263396902
9408	915,894508012205	638,115096872134	1	1084,10549198779	638,115096872134
9433	933,470118591925	655,984847877486	1	1066,52988140808	655,984847877486
9439	923,904776191236	680,982604820645	1	1076,09522380876	680,982604820645
9445	945,954314718374	640,984639057794	1	1054,04568528163	640,984639057794
9473	945,664189862196	634,129460531773	1	1054,3358101378	634,129460531773
9477	919,276502890448	681,916296305052	1	1080,72349710955	681,916296305052
9498	921,455257782563	675,497359583711	1	1078,54474221744	675,497359583711
9532	917,744567998429	684,546189742874	1	1082,25543200157	684,546189742874
9556	911,718083871364	684,498255320732	1	1088,28191612864	684,498255320732
9566	922,322789673102	675,243731037537	1	1077,6772103269	675,243731037537
9568	913,976226687486	689,946445088213	1	1086,02377331251	689,946445088213
9582	921,585966427643	727,334882451185	1	1078,41403357236	727,334882451185
9606	922,968956190556	734,491149706534	1	1077,03104380944	734,491149706534
9611	931,961405068956	749,337982076444	1	1068,03859493104	749,337982076444
9632	927,082009694777	746,714530215582	1	1072,91799030522	746,714530215582
9642	947,316249546605	682,147864676523	1	1052,6837504534	682,147864676523
9702	924,595847682949	655,432610498736	1	1075,40415231705	655,432610498736
9720	933,912576295011	663,036595591737	1	1066,08742370499	663,036595591737
9725	923,382677174388	655,62671428452	1	1076,61732282561	655,62671428452
9727	918,10896815886	665,769644250599	1	1081,89103184114	665,769644250599
9732	901,478626845173	675,147126088741	1	1098,52137315483	675,147126088741
9747	903,584281998014	674,019478540697	1	1096,41571800199	674,019478540697
9824	904,202593297301	677,88529992632	1	1095,7974067027	677,88529992632
9835	894,894216731485	663,046437327789	1	1105,10578326852	663,046437327789
9837	890,493704492708	652,333777543599	1	1109,50629550729	652,333777543599
9840	884,01042757015	628,340756237707	1	1115,98957242985	628,340756237707
9843	886,049183851432	621,866350302447	1	1113,95081614857	621,866350302447
9849	886,116596099744	625,704038066636	1	1113,88340390026	625,704038066636
9873	888,672817956017	636,117463658675	1	1111,32718204398	636,117463658675
9898	887,775492600748	654,289297219564	1	1112,22450739925	654,289297219564
9901	886,555321645001	655,377455589283	1	1113,444678355	655,377455589283
9916	894,568641943268	645,040999983396	1	1105,43135805673	645,040999983396
9921	894,269210382911	649,60763359108	1	1105,73078961709	649,60763359108
9954	890,908862367889	648,425071838158	1	1109,09113763211	648,425071838158
9975	892,278069322753	652,193079990503	1	1107,72193067725	652,193079990503
9985	892,599484722891	651,587199076309	1	1107,40051527711	651,587199076309
10005	909,52640666763	671,840497923389	1	1090,47359333237	671,840497923389
10009	902,756474393716	663,595575098146	1	1097,24352560628	663,595575098146
