1	851,116763674696	796,725172367615	1	1148,8832363253	796,725172367615
4	851,967493993726	795,486395762535	1	1148,03250600627	795,486395762535
5	854,955397741221	805,408518642653	1	1145,04460225878	805,408518642653
17	855,591246023325	803,883192396112	1	1144,40875397668	803,883192396112
34	851,548600594856	818,612681834305	1	1148,45139940514	818,612681834305
50	853,777315691068	840,761326591718	1	1146,22268430893	840,761326591718
60	864,267935237879	832,019298252216	1	1135,73206476212	832,019298252216
82	872,068199026515	826,264942112946	1	1127,93180097349	826,264942112946
121	868,850839030407	827,501602861126	1	1131,14916096959	827,501602861126
129	863,828256839371	835,839469089424	1	1136,17174316063	835,839469089424
131	856,494764400631	839,555071646931	1	1143,50523559937	839,555071646931
147	850,13681073046	845,242502948028	1	1149,86318926954	845,242502948028
167	848,935708936369	847,935716317841	1	1151,06429106363	847,935716317841
178	849,207622785196	846,132424311387	1	1150,7923772148	846,132424311387
194	849,625060293496	845,414454425792	1	1150,3749397065	845,414454425792
215	851,101502641569	837,321708318011	1	1148,89849735843	837,321708318011
232	852,552967322697	836,581829521014	1	1147,4470326773	836,581829521014
244	852,761920046914	836,679597638385	1	1147,23807995309	836,679597638385
277	852,371345763449	836,701607658234	1	1147,62865423655	836,701607658234
294	847,663834007759	841,826732487061	1	1152,33616599224	841,826732487061
302	846,246756147149	813,824411816204	1	1153,75324385285	813,824411816204
318	845,444875086705	822,627280443104	1	1154,5551249133	822,627280443104
338	866,139763260513	812,449191038797	1	1133,86023673949	812,449191038797
340	871,461834250391	808,118925859149	1	1128,53816574961	808,118925859149
364	878,432048136394	789,220640787616	1	1121,56795186361	789,220640787616
372	879,383390258095	785,712220514907	1	1120,6166097419	785,712220514907
407	880,936628022775	781,397712392083	1	1119,06337197722	781,397712392083
410	858,104105290504	770,726348363919	1	1141,8958947095	770,726348363919
427	856,988896703295	756,149711132797	1	1143,0111032967	756,149711132797
451	852,059184246276	737,19465065763	1	1147,94081575372	737,19465065763
464	833,419165696623	728,474486407962	1	1166,58083430338	728,474486407962
479	844,967337722275	740,11855867692	1	1155,03266227772	740,11855867692
500	826,714110377704	727,851920976376	1	1173,2858896223	727,851920976376
518	826,698152206921	723,958740906558	1	1173,30184779308	723,958740906558
541	826,285767190098	722,801741593225	1	1173,7142328099	722,801741593225
555	828,90884632449	739,757556839984	1	1171,09115367551	739,757556839984
558	829,937728423654	741,623053032642	1	1170,06227157635	741,623053032642
574	831,225353136757	744,338571644019	1	1168,77464686324	744,338571644019
610	832,001513791445	741,616429248758	1	1167,99848620856	741,616429248758
624	828,672169514759	743,505384824665	1	1171,32783048524	743,505384824665
640	826,923784255893	743,684736580816	1	1173,07621574411	743,684736580816
654	823,77377565504	743,757656033546	1	1176,22622434496	743,757656033546
669	820,053193500479	744,018805933539	1	1179,94680649952	744,018805933539
684	821,314783487301	744,814806375726	1	1178,6852165127	744,814806375726
702	828,07976387587	743,723481647593	1	1171,92023612413	743,723481647593
704	822,61852243528	745,912108122296	1	1177,38147756472	745,912108122296
737	823,947251563304	750,001526632063	1	1176,0527484367	750,001526632063
756	823,39789376971	754,244259532695	1	1176,60210623029	754,244259532695
769	820,592593479521	749,162768150899	1	1179,40740652048	749,162768150899
781	817,090890942549	740,753584053491	1	1182,90910905745	740,753584053491
796	816,644377058661	738,013950261867	1	1183,35562294134	738,013950261867
809	817,549318728808	733,936848280908	1	1182,45068127119	733,936848280908
825	818,184422090585	711,902657825739	1	1181,81557790941	711,902657825739
887	816,612890092406	717,32706936409	1	1183,38710990759	717,32706936409
908	817,743885999094	708,118474992251	1	1182,25611400091	708,118474992251
912	818,397403539754	708,339076360826	1	1181,60259646025	708,339076360826
916	821,95363401253	728,691892009371	1	1178,04636598747	728,691892009371
919	839,917456960592	732,388874837854	1	1160,08254303941	732,388874837854
936	846,887493493847	732,14310113879	1	1153,11250650615	732,14310113879
947	846,016109398479	738,40622623479	1	1153,98389060152	738,40622623479
963	846,863271164848	735,267515107737	1	1153,13672883515	735,267515107737
978	844,123975062427	742,393507065624	1	1155,87602493757	742,393507065624
1006	837,847693032381	730,353001553099	1	1162,15230696762	730,353001553099
1010	832,955428429285	722,816793058458	1	1167,04457157072	722,816793058458
1041	831,574967029546	730,341421176955	1	1168,42503297045	730,341421176955
1084	825,469656367547	726,419054551501	1	1174,53034363245	726,419054551501
1107	821,233464290255	735,002296716479	1	1178,76653570974	735,002296716479
1113	820,685280559505	737,237428518832	1	1179,31471944049	737,237428518832
1140	825,213933297729	737,565932996232	1	1174,78606670227	737,565932996232
1143	824,095830463506	737,076367780251	1	1175,90416953649	737,076367780251
1150	816,424520773192	699,305174746082	1	1183,57547922681	699,305174746082
1155	808,823922669562	676,474607534873	1	1191,17607733044	676,474607534873
1167	811,035535215243	679,945809124188	1	1188,96446478476	679,945809124188
1200	817,61094468744	687,859942628766	1	1182,38905531256	687,859942628766
1249	820,253336436141	688,960326167834	1	1179,74666356386	688,960326167834
1252	817,690999016997	688,821884606377	1	1182,309000983	688,821884606377
1254	812,741609888972	684,681919870653	1	1187,25839011103	684,681919870653
1274	793,763828678366	670,577594953193	1	1206,23617132163	670,577594953193
1279	694,478001381457	635,975813921381	1	1305,52199861854	635,975813921381
1290	652,886742123555	616,307074099421	1	1347,11325787645	616,307074099421
1313	629,506931042021	605,815213942632	1	1370,49306895798	605,815213942632
1329	647,381166380248	606,441134846875	1	1352,61883361975	606,441134846875
1354	590,571069760378	563,983927451535	1	1409,42893023962	563,983927451535
1364	588,638813759311	556,106108861806	1	1411,36118624069	556,106108861806
1387	590,881839192232	550,166302385516	1	1409,11816080777	550,166302385516
1402	590,929210302148	546,464194408572	1	1409,07078969785	546,464194408572
1418	567,825233722174	535,036759427681	1	1432,17476627783	535,036759427681
1422	537,546036806104	526,271462540326	1	1462,4539631939	526,271462540326
1442	517,599951687757	521,191009270597	1	1482,40004831224	521,191009270597
1459	517,061745662037	501,535254751637	1	1482,93825433796	501,535254751637
1483	518,919052636483	499,73946226606	1	1481,08094736352	499,73946226606
1506	512,482593313696	438,305040373678	1	1487,5174066863	438,305040373678
1515	511,207779542755	431,10986724332	1	1488,79222045725	431,10986724332
1537	519,962735952853	441,402021630143	1	1480,03726404715	441,402021630143
1542	507,72932561494	443,202441422627	1	1492,27067438506	443,202441422627
1561	496,318759576166	445,349225325476	1	1503,68124042383	445,349225325476
1576	493,333966956472	445,555285996514	1	1506,66603304353	445,555285996514
1593	433,857597878033	469,476506315621	1	1566,14240212197	469,476506315621
1607	449,379500678803	464,08254226523	1	1550,6204993212	464,08254226523
1630	384,376217269733	498,17702121822	1	1615,62378273027	498,17702121822
1657	309,975052840285	549,345189529333	1	1690,02494715971	549,345189529333
1673	294,839069456262	607,622042201035	1	1705,16093054374	607,622042201035
1680	284,542633587244	639,947095380181	1	1715,45736641276	639,947095380181
1700	278,748054682219	644,738475499787	1	1721,25194531778	644,738475499787
1717	240,527631527208	702,072391901294	1	1759,47236847279	702,072391901294
1744	238,871059516897	718,253898797427	1	1761,1289404831	718,253898797427
1766	236,979374385596	732,966516191739	1	1763,0206256144	732,966516191739
1770	220,65615932827	760,8095230855	0			1779,34384067173	760,8095230855
1773	184,435294302154	762,99892018253	0			1815,56470569785	762,99892018253
1804	183,98811771527	768,994091799398	0			1816,01188228473	768,994091799398
1817	184,544105418992	753,438738271928	0			1815,45589458101	753,438738271928
1830	182,945067687079	750,543600548488	0			1817,05493231292	750,543600548488
1847	181,093497663883	752,376744929026	0			1818,90650233612	752,376744929026
1855	178,544557349457	759,350885502848	0			1821,45544265054	759,350885502848
1879	171,814312446706	759,17550215284	0			1828,18568755329	759,17550215284
1927	161,24765289561	764,412547640731	0			1838,75234710439	764,412547640731
1971	169,58204561686	771,48343348323	0			1830,41795438314	771,48343348323
1992	183,850498284733	781,889923920166	0			1816,14950171527	781,889923920166
1998	193,604017088891	787,13161626742	0			1806,39598291111	787,13161626742
2001	197,01943771637	789,309203532457	0			1802,98056228363	789,309203532457
2011	194,812525372844	786,856467474103	0			1805,18747462716	786,856467474103
2014	191,219960581864	775,91494632045	0			1808,78003941814	775,91494632045
2017	193,323399973624	774,004613079234	0			1806,67660002638	774,004613079234
2031	188,647972383275	763,672142284415	0			1811,35202761672	763,672142284415
2046	186,372318301693	757,152518292429	0			1813,62768169831	757,152518292429
2073	182,262687902185	762,672552128212	0			1817,73731209781	762,672552128212
2087	178,073118545057	772,233785032358	0			1821,92688145494	772,233785032358
2126	175,161896059483	776,142118430447	0			1824,83810394052	776,142118430447
2139	179,005266340203	766,042844339453	0			1820,9947336598	766,042844339453
2141	173,843504363	785,800812617078	0			1826,156495637	785,800812617078
2220	173,462891532714	784,95818492879	0			1826,53710846729	784,95818492879
2228	172,978544184708	785,871025339569	0			1827,02145581529	785,871025339569
2235	166,498415001909	792,634656500846	0			1833,50158499809	792,634656500846
2238	160,472491045769	788,961200958528	0			1839,52750895423	788,961200958528
2240	145,124499257281	789,008541033849	0			1854,87550074272	789,008541033849
2247	143,543546972069	787,007411232739	0			1856,45645302793	787,007411232739
2252	143,102222062698	796,705226152191	0			1856,8977779373	796,705226152191
2316	143,034816789696	803,308821558566	0			1856,9651832103	803,308821558566
2334	149,975616524638	801,986008544528	0			1850,02438347536	801,986008544528
2339	209,14228259802	755,900876582674	0			1790,85771740198	755,900876582674
2343	296,721445137813	689,068210892729	1	1703,27855486219	689,068210892729
2354	362,639267331188	641,871334324141	1	1637,36073266881	641,871334324141
2430	430,698520101544	592,711084437551	1	1569,30147989846	592,711084437551
2453	413,923477705449	604,53971623633	1	1586,07652229455	604,53971623633
2473	550,842860314302	598,681908756736	1	1449,1571396857	598,681908756736
2476	595,33612966613	571,721161292684	1	1404,66387033387	571,721161292684
2478	600,82798727262	562,428079377928	1	1399,17201272738	562,428079377928
2481	636,85461756112	517,381548782178	1	1363,14538243888	517,381548782178
2485	643,908698200846	502,473899411562	1	1356,09130179915	502,473899411562
2509	647,787060809382	480,86941135197	1	1352,21293919062	480,86941135197
2521	661,943622909769	462,605381464637	1	1338,05637709023	462,605381464637
2551	645,325185981561	470,420481423641	1	1354,67481401844	470,420481423641
2566	645,512959400063	479,056006106541	1	1354,48704059994	479,056006106541
2579	647,350967198874	480,814822231693	1	1352,64903280113	480,814822231693
2598	642,238403129579	480,501341265721	1	1357,76159687042	480,501341265721
2618	651,152559830448	489,812857496962	1	1348,84744016955	489,812857496962
2622	647,249853033138	492,796007606943	1	1352,75014696686	492,796007606943
2643	645,949903133699	494,331479485172	1	1354,0500968663	494,331479485172
2663	647,051292424613	489,372515997914	1	1352,94870757539	489,372515997914
2677	651,719192799481	482,70579998728	1	1348,28080720052	482,70579998728
2699	642,553958676214	491,101900247295	1	1357,44604132379	491,101900247295
2716	638,317460035477	493,778974604929	1	1361,68253996452	493,778974604929
2730	641,641369805023	497,674464292252	1	1358,35863019498	497,674464292252
2745	644,015856078197	490,46149420624	1	1355,9841439218	490,46149420624
2764	641,626335138155	489,865881969028	1	1358,37366486184	489,865881969028
2779	630,04253891702	500,941153013393	1	1369,95746108298	500,941153013393
2788	630,207684504598	500,536112903951	1	1369,7923154954	500,536112903951
2804	633,813801782347	497,827624131716	1	1366,18619821765	497,827624131716
2825	636,674636448314	494,918750144791	1	1363,32536355169	494,918750144791
2850	646,384655397637	489,661864020972	1	1353,61534460236	489,661864020972
2865	647,977772475906	495,765604185548	1	1352,02222752409	495,765604185548
2882	648,41389900266	497,580027594126	1	1351,58610099734	497,580027594126
2891	646,010970302812	512,92625685432	1	1353,98902969719	512,92625685432
2909	646,239081665498	530,078162124731	1	1353,7609183345	530,078162124731
2936	656,469655897996	536,685571692524	1	1343,530344102	536,685571692524
2939	712,86556968066	519,176289146208	1	1287,13443031934	519,176289146208
2960	725,503037479535	482,297222776267	1	1274,49696252046	482,297222776267
2971	736,19901362699	487,345119638565	1	1263,80098637301	487,345119638565
3004	741,874144040941	484,18172238272	1	1258,12585595906	484,18172238272
3015	742,811921042422	486,217451993091	1	1257,18807895758	486,217451993091
3033	740,199473146212	486,854900682237	1	1259,80052685379	486,854900682237
3047	746,087276080835	463,783499713188	1	1253,91272391917	463,783499713188
3066	765,759760183167	462,469891412076	1	1234,24023981683	462,469891412076
3076	771,118185794211	463,660835464147	1	1228,88181420579	463,660835464147
3091	762,160144585022	456,106544957492	1	1237,83985541498	456,106544957492
3106	758,607258238183	460,569902507939	1	1241,39274176182	460,569902507939
3121	756,904689443043	476,56081626095	1	1243,09531055696	476,56081626095
3155	735,195286072414	493,413532044244	1	1264,80471392759	493,413532044244
3162	729,830811963299	483,965641897314	1	1270,1691880367	483,965641897314
3178	695,478775763321	479,117081764039	1	1304,52122423668	479,117081764039
3197	688,590064136395	480,919444487525	1	1311,4099358636	480,919444487525
3213	651,730664032875	480,095585079342	1	1348,26933596713	480,095585079342
3225	639,655751438921	477,050567453589	1	1360,34424856108	477,050567453589
3241	607,3155293533	467,23651356756	1	1392,6844706467	467,23651356756
3258	610,542461779139	461,786959621208	1	1389,45753822086	461,786959621208
3274	610,61544110899	463,248464891811	1	1389,38455889101	463,248464891811
3300	628,98211392413	480,534013431003	1	1371,01788607587	480,534013431003
3315	623,491150755187	470,01726363289	1	1376,50884924481	470,01726363289
3332	623,587913761693	436,893553639315	1	1376,41208623831	436,893553639315
3345	623,929405977949	433,510528855437	1	1376,07059402205	433,510528855437
3363	630,451645093559	445,166117893046	1	1369,54835490644	445,166117893046
3397	633,090729565147	452,088151489722	1	1366,90927043485	452,088151489722
3400	633,767340954087	455,04364760291	1	1366,23265904591	455,04364760291
3414	634,378012951571	456,11244505919	1	1365,62198704843	456,11244505919
3420	621,113623727815	446,302572329936	1	1378,88637627218	446,302572329936
3452	602,364647331819	443,157818065117	1	1397,63535266818	443,157818065117
3469	572,00485074416	455,356695188037	1	1427,99514925584	455,356695188037
3479	550,910246138781	477,251529299834	1	1449,08975386122	477,251529299834
3497	506,036008589421	478,096690420915	1	1493,96399141058	478,096690420915
3512	396,702592034267	497,815896551251	1	1603,29740796573	497,815896551251
3538	273,693666736835	495,576115726832	1	1726,30633326316	495,576115726832
3556	194,018220877424	527,554341395055	0			1805,98177912258	527,554341395055
3589	116,743088084195	520,748362663912	0			1883,2569119158	520,748362663912
3601	-182,318445086945	561,662699992465	0			2182,31844508695	561,662699992465
3607	-160,586568327631	476,222316595385	0			2160,58656832763	476,222316595385
3628	-205,28973842477	541,400400210465	0			2205,28973842477	541,400400210465
3645	-216,949355381041	518,946887487461	0			2216,94935538104	518,946887487461
3655	-190,702724848534	493,839548130654	0			2190,70272484853	493,839548130654
3670	-187,950708026368	483,472376034194	0			2187,95070802637	483,472376034194
3700	-229,405240270682	551,121798531224	0			2229,40524027068	551,121798531224
3706	-201,960721328554	512,055421862326	0			2201,96072132855	512,055421862326
3718	-143,927219056881	553,620109549954	0			2143,92721905688	553,620109549954
3743	-106,23739029065	505,630547403477	0			2106,23739029065	505,630547403477
3762	-24,0989484296003	471,048708722411	0			2024,0989484296	471,048708722411
3775	-1,07652624044263	467,117854054505	0			2001,07652624044	467,117854054505
3791	13,4008872878457	440,709459700554	0			1986,59911271215	440,709459700554
3809	32,8410580628417	460,573378927055	0			1967,15894193716	460,573378927055
3825	33,6132838407246	456,337155073063	0			1966,38671615928	456,337155073063
3865	73,0144249463236	464,464068736278	0			1926,98557505368	464,464068736278
3871	91,6774243121187	482,458310910736	0			1908,32257568788	482,458310910736
3873	103,178551672253	501,932120628932	0			1896,82144832775	501,932120628932
3902	74,8749262982394	515,229208543322	0			1925,12507370176	515,229208543322
3925	74,4363389047321	514,192798297477	0			1925,56366109527	514,192798297477
3931	181,151378924261	523,014876101282	0			1818,84862107574	523,014876101282
3946	486,581255100924	528,931891693914	1	1513,41874489908	528,931891693914
3964	694,256518456839	521,80710102339	1	1305,74348154316	521,80710102339
3978	801,073056064696	521,822424453074	1	1198,9269439353	521,822424453074
3993	803,559560470477	518,987312558657	1	1196,44043952952	518,987312558657
4010	809,154593217869	500,8624383523	1	1190,84540678213	500,8624383523
4028	806,02253033511	506,159714146042	1	1193,97746966489	506,159714146042
4048	809,476389562579	506,51690724261	1	1190,52361043742	506,51690724261
4067	807,410918025181	502,486256322362	1	1192,58908197482	502,486256322362
4079	804,124940866422	511,055524602768	1	1195,87505913358	511,055524602768
4096	802,752184185873	508,679308973697	1	1197,24781581413	508,679308973697
4109	802,639964811842	496,371908839505	1	1197,36003518816	496,371908839505
4125	793,016449556156	499,346809145572	1	1206,98355044384	499,346809145572
4145	795,417735449009	501,964822860483	1	1204,58226455099	501,964822860483
4160	796,220573336315	505,779575106618	1	1203,77942666368	505,779575106618
4173	798,616268700684	519,814377424238	1	1201,38373129932	519,814377424238
4195	800,205115198865	530,390854387115	1	1199,79488480113	530,390854387115
4241	801,180470150315	539,377047454103	1	1198,81952984968	539,377047454103
4246	801,712285530009	546,190871227803	1	1198,28771446999	546,190871227803
4249	810,736791801283	575,606031440832	1	1189,26320819872	575,606031440832
4265	812,965567266252	583,09003247227	1	1187,03443273375	583,09003247227
4281	804,712624844285	603,767979950839	1	1195,28737515572	603,767979950839
4290	801,594833502607	608,426294633257	1	1198,40516649739	608,426294633257
4331	802,136747320004	611,585813134352	1	1197,86325268	611,585813134352
4339	809,463843920387	610,219667937306	1	1190,53615607961	610,219667937306
4359	802,376972458341	595,003798289243	1	1197,62302754166	595,003798289243
4366	806,435557413097	592,931479965978	1	1193,5644425869	592,931479965978
4381	810,208724321916	583,884619012083	1	1189,79127567808	583,884619012083
4396	822,245990653258	579,345381431943	1	1177,75400934674	579,345381431943
4412	820,903273249472	582,493683836278	1	1179,09672675053	582,493683836278
4427	821,264829927873	581,886954794483	1	1178,73517007213	581,886954794483
4443	807,000273889348	585,417643292455	1	1192,99972611065	585,417643292455
4464	801,82565492702	584,838966692397	1	1198,17434507298	584,838966692397
4468	797,085314754128	583,321751534862	1	1202,91468524587	583,321751534862
4500	791,789285935415	591,242970449128	1	1208,21071406459	591,242970449128
4516	800,303790843143	600,18576135132	1	1199,69620915686	600,18576135132
4532	809,622019575278	621,137361759633	1	1190,37798042472	621,137361759633
4548	866,279990009132	707,411897441257	1	1133,72000999087	707,411897441257
4563	887,133548785067	743,833663874962	1	1112,86645121493	743,833663874962
4579	900,040057498004	762,135944875925	1	1099,959942502	762,135944875925
4596	905,305996973035	761,458609625747	1	1094,69400302696	761,458609625747
4611	907,916904835591	766,180936250364	1	1092,08309516441	766,180936250364
4627	915,33823722562	783,588342281776	1	1084,66176277438	783,588342281776
4660	913,69173602402	784,010922289016	1	1086,30826397598	784,010922289016
4674	912,825286934568	777,987890713735	1	1087,17471306543	777,987890713735
4680	912,283937839183	776,590123768229	1	1087,71606216082	776,590123768229
4700	907,375698981725	749,969963415442	1	1092,62430101827	749,969963415442
4718	911,19075848047	745,98451877088	1	1088,80924151953	745,98451877088
4738	907,837766780102	748,632571586335	1	1092,1622332199	748,632571586335
4754	903,896691540957	750,992509483656	1	1096,10330845904	750,992509483656
4756	898,720615827102	753,361715213983	1	1101,2793841729	753,361715213983
4772	899,497050137781	752,175373916057	1	1100,50294986222	752,175373916057
4803	953,890405421628	725,989563777568	1	1046,10959457837	725,989563777568
4814	1009,36248029915	669,99187371594	1	990,637519700848	669,99187371594
4829	1012,72865364016	673,714415869435	1	987,271346359836	673,714415869435
4844	1031,79212026839	665,820645661923	1	968,207879731613	665,820645661923
4859	1072,90018483597	664,245251951523	1	927,099815164026	664,245251951523
4874	1097,69365135229	655,806296281633	1	902,306348647712	655,806296281633
4899	1107,51404390533	619,99494481894	1	892,485956094667	619,99494481894
4922	1101,37177817183	612,238777773995	1	898,628221828171	612,238777773995
4924	1103,71695887756	592,358506538408	1	896,283041122444	592,358506538408
4965	1096,77506988992	571,331359952096	1	903,224930110079	571,331359952096
4967	1088,38249791472	561,293305385855	1	911,617502085281	561,293305385855
4979	1090,14645012422	576,061560589679	1	909,853549875782	576,061560589679
5010	1080,73591292885	563,006402700625	1	919,264087071148	563,006402700625
5012	1077,70621461327	587,765052674142	1	922,293785386728	587,765052674142
5030	1077,51858609652	591,847308799674	1	922,481413903482	591,847308799674
5043	1077,4303150689	596,077799240444	1	922,569684931102	596,077799240444
5058	1090,52761988324	582,664619600723	1	909,472380116764	582,664619600723
5070	1088,30587072117	583,008813764901	1	911,694129278829	583,008813764901
5095	1077,53301104395	586,70861604563	1	922,466988956051	586,70861604563
5115	1078,77464604653	584,575371798466	1	921,225353953473	584,575371798466
5139	1069,5985395479	587,809279733714	1	930,401460452097	587,809279733714
5185	1035,87976074676	598,680338344372	1	964,120239253242	598,680338344372
5302	1000,47759515954	560,344754433921	1	999,522404840463	560,344754433921
5320	996,113311353081	567,535207665693	1	1003,88668864692	567,535207665693
5327	981,818386644663	577,238020420673	1	1018,18161335534	577,238020420673
5329	934,539259215593	557,903819458504	1	1065,46074078441	557,903819458504
5331	941,807211444995	554,665688755541	1	1058,19278855501	554,665688755541
5351	947,759212976267	550,780384200333	1	1052,24078702373	550,780384200333
5356	934,805722838236	561,219833889671	1	1065,19427716176	561,219833889671
5364	937,215456168085	568,584331357112	1	1062,78454383192	568,584331357112
5400	929,940881437667	569,423460714295	1	1070,05911856233	569,423460714295
5413	926,233927171565	579,98095285481	1	1073,76607282843	579,98095285481
5429	1109,81206296883	585,749458558925	1	890,187937031173	585,749458558925
5444	1395,82045340439	600,80682340732	0			604,179546595607	600,80682340732
5458	1522,45925919567	605,309035763116	0			477,540740804334	605,309035763116
5483	1543,23784108623	613,421333618514	0			456,762158913765	613,421333618514
5491	1584,31064309512	618,834229350665	0			415,689356904881	618,834229350665
5503	1585,34687554552	619,870391884749	0			414,653124454485	619,870391884749
5522	1587,36967937321	615,073903991039	0			412,630320626788	615,073903991039
5548	1579,85012358417	621,234429638921	0			420,149876415827	621,234429638921
5562	1576,58902712067	623,763773411838	0			423,410972879327	623,763773411838
5592	1570,80484741265	627,134483788484	0			429,195152587347	627,134483788484
5606	1566,79106316727	631,023467607537	0			433,208936832725	631,023467607537
5636	1564,72083657755	645,208999495134	0			435,279163422451	645,208999495134
5662	1563,9541852819	644,172809186713	0			436,045814718099	644,172809186713
5700	1310,52182976156	738,238160154046	1	689,478170238439	738,238160154046
5746	1171,08587379364	766,50789429307	1	828,914126206363	766,50789429307
5794	1151,29779934607	768,828019088009	1	848,702200653933	768,828019088009
5798	1122,76116408564	790,315212574662	1	877,238835914358	790,315212574662
5803	1119,52639014316	792,908515444451	1	880,473609856844	792,908515444451
5807	1113,82624029775	797,061841337562	1	886,173759702254	797,061841337562
5809	1110,28332107885	799,870233970407	1	889,716678921146	799,870233970407
5824	1105,28601604639	790,811804959966	1	894,713983953606	790,811804959966
5863	1095,63578332647	799,597490892998	1	904,364216673526	799,597490892998
5867	1098,94435226249	790,870323623962	1	901,055647737506	790,870323623962
5887	1063,6607476738	797,613492010346	1	936,339252326202	797,613492010346
5901	899,69383985121	807,598638444146	1	1100,30616014879	807,598638444146
5913	861,526565002319	811,181570872253	1	1138,47343499768	811,181570872253
5924	854,531880679582	811,21870187791	1	1145,46811932042	811,21870187791
5943	892,331418389386	810,576278453313	1	1107,66858161061	810,576278453313
5953	859,292301866456	808,707718920418	1	1140,70769813354	808,707718920418
5997	853,924050084783	809,623633991735	1	1146,07594991522	809,623633991735
6008	850,573100839834	811,813679943787	1	1149,42689916017	811,813679943787
6032	846,851517020123	813,915757491958	1	1153,14848297988	813,915757491958
6062	851,475493130652	817,610525098144	1	1148,52450686935	817,610525098144
6069	852,70809800726	818,469432582056	1	1147,29190199274	818,469432582056
6073	852,56542138063	812,797357982629	1	1147,43457861937	812,797357982629
6081	854,480395694159	814,966162750427	1	1145,51960430584	814,966162750427
6104	850,021715673982	812,601031485872	1	1149,97828432602	812,601031485872
6122	842,913862971155	809,639100332276	1	1157,08613702884	809,639100332276
6130	835,156719275107	805,100849803987	1	1164,84328072489	805,100849803987
6149	823,202302035416	812,23498341763	1	1176,79769796458	812,23498341763
6166	801,137511486121	826,559690776985	1	1198,86248851388	826,559690776985
6185	790,449455102183	843,687250146449	1	1209,55054489782	843,687250146449
6209	776,854161657036	872,53319429806	1	1223,14583834296	872,53319429806
6269	763,222590503123	876,501917690531	1	1236,77740949688	876,501917690531
6274	753,37293612818	889,668729864853	1	1246,62706387182	889,668729864853
6277	751,752884920884	881,482423811002	1	1248,24711507912	881,482423811002
6278	754,627342321187	884,539678942158	1	1245,37265767881	884,539678942158
6281	757,997536826932	882,01662381225	1	1242,00246317307	882,01662381225
6305	754,129914795642	871,058285871421	1	1245,87008520436	871,058285871421
6314	755,751851641032	872,132562483159	1	1244,24814835897	872,132562483159
6333	755,07466517051	873,608482987705	1	1244,92533482949	873,608482987705
6347	752,713126431195	874,412692010303	1	1247,28687356881	874,412692010303
6366	750,40747662605	876,087209627056	1	1249,59252337395	876,087209627056
6408	757,60610256184	884,840924717413	1	1242,39389743816	884,840924717413
6433	760,450645113979	886,594077919164	1	1239,54935488602	886,594077919164
6438	762,523271167267	882,892568564597	1	1237,47672883273	882,892568564597
6440	761,378950072229	875,618977832536	1	1238,62104992777	875,618977832536
6469	756,873236654421	872,204813246691	1	1243,12676334558	872,204813246691
6473	751,357102849714	897,307731295923	1	1248,64289715029	897,307731295923
6480	740,528685612817	925,197798237558	1	1259,47131438718	925,197798237558
6503	736,735439602203	937,122221934482	1	1263,2645603978	937,122221934482
6520	735,904905421807	942,469485813178	1	1264,09509457819	942,469485813178
6535	734,593781166476	948,821815437996	1	1265,40621883352	948,821815437996
6541	733,856486888477	951,164439489767	1	1266,14351311152	951,164439489767
6556	733,627992860281	952,156720310997	1	1266,37200713972	952,156720310997
6571	732,838882022864	954,160191804292	1	1267,16111797714	954,160191804292
6604	733,224088538524	954,117864905236	1	1266,77591146148	954,117864905236
6625	732,908826401708	954,998789952522	1	1267,09117359829	954,998789952522
6637	723,499906723142	975,943827310987	1	1276,50009327686	975,943827310987
6651	710,156272199466	994,422407104576	1	1289,84372780053	994,422407104576
6667	700,928240353707	1004,39569063552	1	1299,07175964629	1004,39569063552
6700	683,84271475821	1019,13665010158	0			1316,15728524179	1019,13665010158
6719	692,570658538819	1013,93787220965	1	1307,42934146118	1013,93787220965
6722	704,736885157649	1007,29589309671	1	1295,26311484235	1007,29589309671
6724	713,268421975208	1001,10288376455	1	1286,73157802479	1001,10288376455
6793	739,566706685187	997,254991773399	1	1260,43329331481	997,254991773399
6809	849,675318042286	1049,15854521222	0			1150,32468195771	1049,15854521222
6834	859,780440621628	1053,92194894004	0			1140,21955937837	1053,92194894004
6839	886,498164204718	1066,5162844481	0			1113,50183579528	1066,5162844481
6855	886,498164204718	1066,5162844481	0			1113,50183579528	1066,5162844481
6866	886,498164204718	1066,5162844481	0			1113,50183579528	1066,5162844481
6896	886,498164204718	1066,5162844481	0			1113,50183579528	1066,5162844481
6914	886,498164204718	1066,5162844481	0			1113,50183579528	1066,5162844481
6941	886,498164204718	1066,5162844481	0			1113,50183579528	1066,5162844481
6959	886,498164204718	1066,5162844481	0			1113,50183579528	1066,5162844481
6983	886,498164204718	1066,5162844481	0			1113,50183579528	1066,5162844481
7004	886,498164204718	1066,5162844481	0			1113,50183579528	1066,5162844481
8729	990,55948596942	926,812350539886	1	1009,44051403058	926,812350539886
8744	1025,18897195464	806,835530245028	1	974,811028045358	806,835530245028
8761	1037,63166845342	775,095414272777	1	962,368331546581	775,095414272777
8780	1046,89363766254	750,638500470466	1	953,106362337459	750,638500470466
8801	1048,83836725939	744,854811109027	1	951,161632740607	744,854811109027
8823	1050,43268374282	738,273546079053	1	949,567316257177	738,273546079053
8832	1050,03180245737	730,048264622919	1	949,968197542629	730,048264622919
8850	1063,31362101666	721,311233863232	1	936,68637898334	721,311233863232
8864	1070,06612287828	722,133952441992	1	929,933877121719	722,133952441992
8891	1068,43562923749	719,690352357674	1	931,564370762511	719,690352357674
8905	1059,35936868074	721,196104011994	1	940,640631319259	721,196104011994
8922	1064,47438972348	722,638653199128	1	935,525610276525	722,638653199128
8941	1053,75631495202	739,668769893311	1	946,243685047983	739,668769893311
8954	1048,00289679948	736,704500461214	1	951,997103200519	736,704500461214
8966	1040,5518765756	742,135517076791	1	959,448123424396	742,135517076791
8999	1024,48662210574	738,240246720405	1	975,51337789426	738,240246720405
9016	1020,72805602177	739,522807448246	1	979,271943978229	739,522807448246
9042	1020,07684017797	739,607043403112	1	979,923159822028	739,607043403112
9061	1016,76809217239	739,794435051246	1	983,231907827611	739,794435051246
9069	1019,75549124996	738,357551390239	1	980,244508750036	738,357551390239
9076	1023,22571067136	736,831663676945	1	976,774289328636	736,831663676945
9088	1038,31334256569	734,559517328369	1	961,68665743431	734,559517328369
9121	1039,21947655604	735,080343160173	1	960,780523443957	735,080343160173
9141	1041,65018203514	736,528210078625	1	958,349817964861	736,528210078625
9157	1043,2998053036	743,161018234024	1	956,7001946964	743,161018234024
9162	1042,77726294238	742,124845665332	1	957,222737057621	742,124845665332
9181	1037,394886107	735,371617414624	1	962,605113893005	735,371617414624
9191	1036,94421690454	731,298553874032	1	963,055783095458	731,298553874032
9209	1031,79141950384	718,204133754722	1	968,20858049616	718,204133754722
9229	1032,91956653328	718,711326844105	1	967,080433466722	718,711326844105
9248	1031,73340066838	719,082196367295	1	968,266599331625	719,082196367295
9263	1029,99979593746	721,247285629097	1	970,00020406254	721,247285629097
9269	1026,53554103815	722,767917309191	1	973,464458961849	722,767917309191
9298	1029,3181287244	756,251461011012	1	970,681871275599	756,251461011012
9327	1028,95923940427	754,497100232032	1	971,040760595728	754,497100232032
9329	1024,79393080617	741,528170779088	1	975,206069193829	741,528170779088
9383	1025,07846874384	727,520065500879	1	974,921531256164	727,520065500879
9386	1025,51113442397	699,577967597037	1	974,488865576027	699,577967597037
9404	1024,03068890133	706,84161124113	1	975,969311098672	706,84161124113
9410	1031,21068993126	728,789290364514	1	968,789310068745	728,789290364514
9425	1028,88073561043	720,528445622968	1	971,119264389569	720,528445622968
9454	1029,67970614533	741,472372442209	1	970,320293854665	741,472372442209
9461	1030,20869955711	743,057805171246	1	969,791300442891	743,057805171246
9478	1030,8526634992	744,23132974417	1	969,147336500802	744,23132974417
9491	1032,91576722784	754,561802844423	1	967,084232772161	754,561802844423
9513	1012,93790955056	741,040453311267	1	987,062090449438	741,040453311267
9548	998,019961071772	746,451211393574	1	1001,98003892823	746,451211393574
9568	993,657915772259	746,619250476935	1	1006,34208422774	746,619250476935
9571	993,741621753165	743,512023176445	1	1006,25837824684	743,512023176445
9576	988,564492133024	743,377397694724	1	1011,43550786698	743,377397694724
9646	961,277569997693	737,702043515065	1	1038,72243000231	737,702043515065
9652	953,166105787964	726,886941170852	1	1046,83389421204	726,886941170852
9655	951,281476824749	729,632756390262	1	1048,71852317525	729,632756390262
9662	953,119226685307	733,808510503812	1	1046,88077331469	733,808510503812
9665	948,878781241573	735,805440276062	1	1051,12121875843	735,805440276062
9683	949,520462984981	730,598267261648	1	1050,47953701502	730,598267261648
9687	951,784903383279	725,468520806885	1	1048,21509661672	725,468520806885
9705	953,094000715988	725,237442347218	1	1046,90599928401	725,237442347218
9730	955,529827385666	724,601287356718	1	1044,47017261433	724,601287356718
9750	959,858428592018	724,076720878211	1	1040,14157140798	724,076720878211
9769	965,244795375332	725,381706173022	1	1034,75520462467	725,381706173022
9787	965,372658178833	722,19935437476	1	1034,62734182117	722,19935437476
9798	962,912230549942	719,660266079502	1	1037,08776945006	719,660266079502
9821	962,200250341845	719,545995552601	1	1037,79974965816	719,545995552601
9830	961,443461043896	720,261314485731	1	1038,5565389561	720,261314485731
9844	961,201424615471	720,328536098866	1	1038,79857538453	720,328536098866
9858	961,381886117578	720,884530882168	1	1038,61811388242	720,884530882168
9874	958,628461916132	721,373834840565	1	1041,37153808387	721,373834840565
9919	958,897463019784	728,710687985415	1	1041,10253698022	728,710687985415
9923	958,932334203527	730,375682608	1	1041,06766579647	730,375682608
9937	959,875927068687	733,469263826477	1	1040,12407293131	733,469263826477
9952	959,052385025146	733,843578753933	1	1040,94761497485	733,843578753933
9954	955,624884113933	736,026996282562	1	1044,37511588607	736,026996282562
9975	959,162239201882	731,137778029783	1	1040,83776079812	731,137778029783
