191	1249,8470368123	304,525498582749	1	750,152963187702	304,525498582749
206	1119,82287558151	398,980706700407	1	880,177124418487	398,980706700407
287	1033,15893787417	485,982051168742	1	966,841062125834	485,982051168742
303	935,842261351947	561,010955041418	1	1064,15773864805	561,010955041418
306	920,226988643286	571,492210478398	1	1079,77301135671	571,492210478398
338	905,869076971197	598,660795792737	1	1094,1309230288	598,660795792737
344	890,024780158009	615,223973342934	1	1109,97521984199	615,223973342934
346	897,195135518646	610,707958500255	1	1102,80486448135	610,707958500255
364	903,615308205634	618,16507804096	1	1096,38469179437	618,16507804096
370	901,212421820696	618,792304397839	1	1098,7875781793	618,792304397839
399	897,612774406085	644,808696034933	1	1102,38722559392	644,808696034933
418	901,633416289444	646,78051212123	1	1098,36658371056	646,78051212123
453	900,146981432408	658,684337693875	1	1099,85301856759	658,684337693875
465	898,560500260085	711,842865894168	1	1101,43949973991	711,842865894168
480	896,847241596099	738,998278216448	1	1103,1527584039	738,998278216448
519	889,367955115658	757,897047067955	1	1110,63204488434	757,897047067955
525	882,42948617127	770,317109620599	1	1117,57051382873	770,317109620599
550	870,195240455014	800,401792578327	1	1129,80475954499	800,401792578327
566	870,795869567304	803,366480699773	1	1129,2041304327	803,366480699773
584	869,888141812705	804,735970381685	1	1130,1118581873	804,735970381685
601	861,641068742256	839,923212419114	1	1138,35893125774	839,923212419114
616	864,733782461102	814,135343125729	1	1135,2662175389	814,135343125729
636	862,720975884939	819,579534360123	1	1137,27902411506	819,579534360123
640	861,291240119703	822,149657984676	1	1138,7087598803	822,149657984676
658	861,537294773112	822,01017341798	1	1138,46270522689	822,01017341798
675	881,986620259081	806,788783096296	1	1118,01337974092	806,788783096296
711	873,634846108677	807,562264573701	1	1126,36515389132	807,562264573701
734	880,733202449615	807,420404343807	1	1119,26679755039	807,420404343807
743	875,006092431889	828,062604208996	1	1124,99390756811	828,062604208996
765	868,232699258882	862,355481562529	1	1131,76730074112	862,355481562529
770	845,750211319383	919,748664785825	1	1154,24978868062	919,748664785825
777	837,950470777794	941,71661977043	1	1162,04952922221	941,71661977043
795	835,083582138524	954,736469851352	1	1164,91641786148	954,736469851352
809	822,349302300866	967,324464518829	1	1177,65069769913	967,324464518829
825	830,727805276049	955,160479535622	1	1169,27219472395	955,160479535622
871	823,707322111179	960,131304697572	1	1176,29267788882	960,131304697572
878	820,828727684863	960,082279404073	1	1179,17127231514	960,082279404073
885	814,267040914541	958,311546881337	1	1185,73295908546	958,311546881337
900	808,678401742537	957,27425781708	1	1191,32159825746	957,27425781708
916	812,849437637102	959,15238233944	1	1187,1505623629	959,15238233944
929	816,307306107979	959,491970886326	1	1183,69269389202	959,491970886326
946	815,415089630267	958,778743898804	1	1184,58491036973	958,778743898804
956	815,527881392146	958,33971269177	1	1184,47211860785	958,33971269177
976	814,626063498388	960,894591882846	1	1185,37393650161	960,894591882846
1001	815,09993808415	958,210484226429	1	1184,90006191585	958,210484226429
1026	814,482368794578	957,450466734796	1	1185,51763120542	957,450466734796
1043	812,777226742335	946,6982844907	1	1187,22277325767	946,6982844907
1078	811,632071583483	933,096579563204	1	1188,36792841652	933,096579563204
1102	812,158817016354	924,947031753124	1	1187,84118298365	924,947031753124
1123	810,102531758138	903,778466405367	1	1189,89746824186	903,778466405367
1135	810,145664984192	921,288531578086	1	1189,85433501581	921,288531578086
1138	811,776592712454	896,794885067524	1	1188,22340728755	896,794885067524
1158	812,134762874674	911,9717460852	1	1187,86523712533	911,9717460852
1172	818,19101772766	888,469867286692	1	1181,80898227234	888,469867286692
1201	818,718350192259	893,459943456331	1	1181,28164980774	893,459943456331
1225	822,570944419382	891,165019384406	1	1177,42905558062	891,165019384406
1228	823,568267284499	885,256865891942	1	1176,4317327155	885,256865891942
1230	824,620895844857	885,326180710923	1	1175,37910415514	885,326180710923
1245	821,306157839846	868,768945244728	1	1178,69384216015	868,768945244728
1270	823,594521724758	874,474638934358	1	1176,40547827524	874,474638934358
1278	822,551026334906	874,94552748179	1	1177,44897366509	874,94552748179
1324	817,801927935022	882,478394250381	1	1182,19807206498	882,478394250381
1355	816,186804885489	882,184989590602	1	1183,81319511451	882,184989590602
1360	823,484562222975	883,548823659202	1	1176,51543777702	883,548823659202
1363	830,937780355919	885,825260269487	1	1169,06221964408	885,825260269487
1365	829,680813978767	883,956108044942	1	1170,31918602123	883,956108044942
1380	824,336441228485	874,539507623815	1	1175,66355877152	874,539507623815
1400	823,730834422711	870,80146430537	1	1176,26916557729	870,80146430537
1405	818,253664657355	861,507440758013	1	1181,74633534265	861,507440758013
1435	816,250554400149	848,301646156962	1	1183,74944559985	848,301646156962
1453	813,500571687095	845,410165451862	1	1186,49942831291	845,410165451862
1472	677,8066144635	623,704177713274	1	1322,1933855365	623,704177713274
1497	686,459268919613	637,989937415346	1	1313,54073108039	637,989937415346
1499	587,746388936457	495,68681674189	1	1412,25361106354	495,68681674189
1518	542,196573880526	427,141891659616	1	1457,80342611947	427,141891659616
1531	495,444424092602	90,1898338147902	0			1504,5555759074	90,1898338147902
1555	495,586061437406	122,384937435184	0			1504,41393856259	122,384937435184
1569	489,903365803406	90,4528518123652	0			1510,09663419659	90,4528518123652
1599	475,987239033188	-91,7402021750276	0			1524,01276096681	-91,7402021750276
1628	476,112566050979	-92,2405149128599	0			1523,88743394902	-92,2405149128599
1638	475,776651383344	-90,8913719221432	0			1524,22334861666	-90,8913719221432
1649	501,663630348299	-103,961751868398	0			1498,3363696517	-103,961751868398
1690	649,549555804319	-98,3772236974843	0			1350,45044419568	-98,3772236974843
1707	664,372892068986	-87,6320745248816	0			1335,62710793101	-87,6320745248816
1710	744,264243360653	-46,9835759487479	0			1255,73575663935	-46,9835759487479
1724	764,046551057091	-42,4283502363779	0			1235,95344894291	-42,4283502363779
1754	886,782295430943	-37,7749082274351	0			1113,21770456906	-37,7749082274351
1760	900,01958183864	-29,9762207507636	0			1099,98041816136	-29,9762207507636
1785	875,347040667743	-20,6298609583381	0			1124,65295933226	-20,6298609583381
1801	859,408842792729	39,6638317515025	0			1140,59115720727	39,6638317515025
1812	856,920402710099	49,9555140084278	0			1143,0795972899	49,9555140084278
1825	829,718196548293	55,6165849364319	0			1170,28180345171	55,6165849364319
1838	822,292027786711	64,1142400203924	0			1177,70797221329	64,1142400203924
1860	824,785767947465	64,8509948717833	0			1175,21423205253	64,8509948717833
1869	795,988979698937	77,3740916106696	0			1204,01102030106	77,3740916106696
1899	830,636112005263	80,2876917786207	0			1169,36388799474	80,2876917786207
1921	839,505391707546	75,8851735803861	0			1160,49460829245	75,8851735803861
1942	860,624884047366	80,3030592177018	0			1139,37511595263	80,3030592177018
1965	876,427704076689	81,045760724664	0			1123,57229592331	81,045760724664
1995	935,4233820217	139,994739420668	0			1064,5766179783	139,994739420668
2006	935,175767597519	147,174504244684	0			1064,82423240248	147,174504244684
2025	945,498142386024	181,190542134914	1	1054,50185761398	181,190542134914
2048	947,099101627105	212,78662910803	1	1052,90089837289	212,78662910803
2078	960,786072742188	233,4852408196	1	1039,21392725781	233,4852408196
2081	948,396062519273	207,767462257633	1	1051,60393748073	207,767462257633
2093	939,002943510495	218,432688250084	1	1060,99705648951	218,432688250084
2111	937,001594589986	219,636151334832	1	1062,99840541001	219,636151334832
2148	940,107288276382	211,166081356564	1	1059,89271172362	211,166081356564
2178	946,383590384854	221,07493409667	1	1053,61640961515	221,07493409667
2182	949,702627543163	223,848014582868	1	1050,29737245684	223,848014582868
2185	951,552512869418	212,705439110513	1	1048,44748713058	212,705439110513
2201	970,620897672389	217,454106912478	1	1029,37910232761	217,454106912478
2218	976,898881918621	222,721033064405	1	1023,10111808138	222,721033064405
2234	964,136904707501	209,556349642673	1	1035,8630952925	209,556349642673
2258	958,242878669896	190,89563220646	1	1041,7571213301	190,89563220646
2274	947,33589175745	183,955105414794	1	1052,66410824255	183,955105414794
2275	949,836973206243	187,89776806995	1	1050,16302679376	187,89776806995
2294	948,002058489119	181,224254145106	1	1051,99794151088	181,224254145106
2307	961,459954437999	190,200530130798	1	1038,540045562	190,200530130798
2325	943,0168989574	181,256795715409	1	1056,9831010426	181,256795715409
2354	953,426066241652	178,351184851863	1	1046,57393375835	178,351184851863
2365	940,369781199089	181,19285147818	1	1059,63021880091	181,19285147818
2400	930,267017163393	182,347242440007	1	1069,73298283661	182,347242440007
2406	934,38987167743	174,640687954694	1	1065,61012832257	174,640687954694
2410	932,677722656103	186,792471413005	1	1067,3222773439	186,792471413005
2428	933,645013380487	199,269105091815	1	1066,35498661951	199,269105091815
2442	940,312947426831	190,09783618216	1	1059,68705257317	190,09783618216
2464	937,790442603897	191,504147757236	1	1062,2095573961	191,504147757236
2473	927,680695277717	209,416300644493	1	1072,31930472228	209,416300644493
2510	917,560224922218	174,640326594624	1	1082,43977507778	174,640326594624
2519	863,024690116045	20,0593332487289	0			1136,97530988396	20,0593332487289
2529	877,846291730706	64,4370426551314	0			1122,15370826929	64,4370426551314
2547	889,748120770122	77,138723536982	0			1110,25187922988	77,138723536982
2574	946,993748559623	170,474990748121	1	1053,00625144038	170,474990748121
2605	931,567264656794	155,308770086256	1	1068,43273534321	155,308770086256
2635	923,417121258952	210,800492077376	1	1076,58287874105	210,800492077376
2639	934,882392926629	263,424974365916	1	1065,11760707337	263,424974365916
2656	931,045472379975	315,792715330466	1	1068,95452762003	315,792715330466
2670	937,024239922059	279,087630215573	1	1062,97576007794	279,087630215573
2689	940,467470005027	261,055066787152	1	1059,53252999497	261,055066787152
2707	937,805763727837	189,332700166715	1	1062,19423627216	189,332700166715
2722	966,135698706571	150,077067898255	0			1033,86430129343	150,077067898255
2728	932,602429052462	96,0510852803888	0			1067,39757094754	96,0510852803888
2744	935,401917151688	94,7761145327495	0			1064,59808284831	94,7761145327495
2755	941,932730330556	102,842614652121	0			1058,06726966944	102,842614652121
2800	950,84554163018	86,6409320383461	0			1049,15445836982	86,6409320383461
2830	930,046825329473	110,423619179437	0			1069,95317467053	110,423619179437
2852	923,441777823015	113,975741582679	0			1076,55822217699	113,975741582679
2875	927,048179998397	153,781092602007	0			1072,9518200016	153,781092602007
2890	910,197724754271	175,792425002041	1	1089,80227524573	175,792425002041
2948	916,543454490326	170,808431892359	1	1083,45654550967	170,808431892359
2967	948,160573392951	164,758085487347	1	1051,83942660705	164,758085487347
2977	950,633307992478	185,448719490559	1	1049,36669200752	185,448719490559
2996	947,590614528116	177,088936938303	1	1052,40938547188	177,088936938303
3033	934,750748678473	161,604421281404	1	1065,24925132153	161,604421281404
3040	939,128077570804	164,05657599307	1	1060,8719224292	164,05657599307
3081	909,889286517927	235,42494368943	1	1090,11071348207	235,42494368943
3116	923,961688523937	170,484068964215	1	1076,03831147606	170,484068964215
3138	904,244204158146	154,548176929835	0			1095,75579584185	154,548176929835
3148	898,66074374222	196,308301227426	1	1101,33925625778	196,308301227426
3168	884,909762040263	198,12765316204	1	1115,09023795974	198,12765316204
3184	897,015926544383	195,814498737317	1	1102,98407345562	195,814498737317
3199	896,026567953231	257,336011508947	1	1103,97343204677	257,336011508947
3201	895,023929528009	246,423854011389	1	1104,97607047199	246,423854011389
3223	917,534670626493	226,901365012082	1	1082,46532937351	226,901365012082
3250	937,466899237408	208,564756480987	1	1062,53310076259	208,564756480987
3269	935,887620319763	212,959241633148	1	1064,11237968024	212,959241633148
3288	929,950522196655	220,925008923361	1	1070,04947780335	220,925008923361
3312	940,66932115918	197,786524336855	1	1059,33067884082	197,786524336855
3330	946,3601154444	216,400308160275	1	1053,6398845556	216,400308160275
3347	977,616528482856	187,057916826672	1	1022,38347151714	187,057916826672
3361	990,718644593567	176,570330777161	1	1009,28135540643	176,570330777161
3378	912,281063342658	204,993394593288	1	1087,71893665734	204,993394593288
3404	898,074557754552	192,204259410336	1	1101,92544224545	192,204259410336
3416	896,341908797627	189,940463882228	1	1103,65809120237	189,940463882228
3432	908,470272722185	139,375802003926	0			1091,52972727782	139,375802003926
3458	915,047469245876	138,542924035975	0			1084,95253075412	138,542924035975
3465	909,062530939985	171,116270016424	1	1090,93746906002	171,116270016424
3477	921,194748599054	166,053101450213	1	1078,80525140095	166,053101450213
3494	916,453247449037	160,293864325768	1	1083,54675255096	160,293864325768
3508	911,258064755903	176,418140834786	1	1088,7419352441	176,418140834786
3527	909,545277039066	182,366294915331	1	1090,45472296093	182,366294915331
3573	899,905004197059	188,563380163026	1	1100,09499580294	188,563380163026
3598	905,625176861861	187,640668676173	1	1094,37482313814	187,640668676173
3600	903,274372247665	204,22262972063	1	1096,72562775234	204,22262972063
3603	900,891447733801	226,155139396445	1	1099,1085522662	226,155139396445
3618	912,694434527626	191,746210806302	1	1087,30556547237	191,746210806302
3629	923,550940099517	195,08758467205	1	1076,44905990048	195,08758467205
3644	918,803848339221	219,715123918918	1	1081,19615166078	219,715123918918
3665	926,681488232218	205,173246304354	1	1073,31851176778	205,173246304354
3680	923,774305979447	201,990675582149	1	1076,22569402055	201,990675582149
3712	922,671548698891	205,112148329707	1	1077,32845130111	205,112148329707
3737	921,663810249215	200,854617083231	1	1078,33618975078	200,854617083231
3746	876,293266751053	77,7175222627732	0			1123,70673324895	77,7175222627732
3765	893,207565858704	101,246852751094	0			1106,7924341413	101,246852751094
3791	910,144925367201	121,981345661336	0			1089,8550746328	121,981345661336
3808	916,701779712181	133,590039307068	0			1083,29822028782	133,590039307068
3880	871,913110030028	58,0751744201125	0			1128,08688996997	58,0751744201125
3897	838,537802571131	48,7400441776651	0			1161,46219742887	48,7400441776651
3926	812,707072791487	16,3925970442969	0			1187,29292720851	16,3925970442969
3942	781,571129132553	-32,344742590748	0			1218,42887086745	-32,344742590748
3966	813,665405660347	3,02395751929647	0			1186,33459433965	3,02395751929647
3997	916,498695625505	101,6948931383	0			1083,5013043745	101,6948931383
4013	911,178799813738	100,860792223748	0			1088,82120018626	100,860792223748
4055	885,171799556873	96,2615876725273	0			1114,82820044313	96,2615876725273
4070	855,232908042462	74,6929991291638	0			1144,76709195754	74,6929991291638
4094	873,475829455757	90,4994843411903	0			1126,52417054424	90,4994843411903
4103	878,765147344321	100,3019394301	0			1121,23485265568	100,3019394301
4148	953,453255220598	158,159728501462	1	1046,5467447794	158,159728501462
4180	943,52799337864	167,256924262239	1	1056,47200662136	167,256924262239
4198	873,951002692652	212,189053877063	1	1126,04899730735	212,189053877063
4224	880,751360350167	203,264131302108	1	1119,24863964983	203,264131302108
4237	881,289686415467	168,949802450088	1	1118,71031358453	168,949802450088
4267	944,961914032961	101,7053118524	0			1055,03808596704	101,7053118524
4301	889,60058656753	113,232603705542	0			1110,39941343247	113,232603705542
4318	874,782104215932	114,562110696012	0			1125,21789578407	114,562110696012
4331	836,356376582693	116,315739452451	0			1163,64362341731	116,315739452451
4361	858,118023689061	111,951864884432	0			1141,88197631094	111,951864884432
4367	817,318648846593	66,9946514692136	0			1182,68135115341	66,9946514692136
4376	810,677359508308	42,8562840916648	0			1189,32264049169	42,8562840916648
4393	805,795174945599	11,2337222082362	0			1194,2048250544	11,2337222082362
4406	851,348284257278	33,6164033856423	0			1148,65171574272	33,6164033856423
4423	859,572312897624	33,3041764641465	0			1140,42768710238	33,3041764641465
4454	846,622433692977	10,55823458673	0			1153,37756630702	10,55823458673
4468	869,940308984641	42,9030922906866	0			1130,05969101536	42,9030922906866
4479	859,715724458879	31,9069310664003	0			1140,28427554112	31,9069310664003
4537	862,887123211333	17,7309355115896	0			1137,11287678867	17,7309355115896
4542	877,597441790682	40,9138268569678	0			1122,40255820932	40,9138268569678
4547	897,413119434968	86,8454548628051	0			1102,58688056503	86,8454548628051
4553	849,6188081123	118,65693887537	0			1150,3811918877	118,65693887537
4598	848,079424506306	118,630483068567	0			1151,92057549369	118,630483068567
4631	800,207442189902	139,505574966783	0			1199,7925578101	139,505574966783
4659	792,911523337552	141,25736964617	0			1207,08847666245	141,25736964617
4697	791,971247391964	148,7705603132	0			1208,02875260804	148,7705603132
4721	772,578960398306	146,650152704856	0			1227,42103960169	146,650152704856
4765	758,058972722855	142,323689183087	0			1241,94102727714	142,323689183087
4778	749,500578712097	128,808560154086	0			1250,4994212879	128,808560154086
4813	728,935076862801	108,941212904217	0			1271,0649231372	108,941212904217
4823	730,666674033734	102,013971375226	0			1269,33332596627	102,013971375226
4842	758,547393500189	183,760644329834	1	1241,45260649981	183,760644329834
4859	727,40597671327	126,850742952337	0			1272,59402328673	126,850742952337
4868	734,516097697286	160,053819166769	1	1265,48390230271	160,053819166769
4903	734,914399838265	161,642750634513	1	1265,08560016173	161,642750634513
4916	735,955119953065	181,748204407929	1	1264,04488004694	181,748204407929
4932	757,586119683696	279,491112806036	1	1242,4138803163	279,491112806036
4947	778,308257108084	380,385149296713	1	1221,69174289192	380,385149296713
4976	807,832785969527	450,842017189834	1	1192,16721403047	450,842017189834
5006	822,208506614627	444,071145490459	1	1177,79149338537	444,071145490459
5015	834,699865389057	438,813437940147	1	1165,30013461094	438,813437940147
5058	865,746817966718	367,244644087265	1	1134,25318203328	367,244644087265
5084	841,884501269912	427,347143274577	1	1158,11549873009	427,347143274577
5097	846,60272559465	447,080143669662	1	1153,39727440535	447,080143669662
5127	837,667295108877	455,967585103365	1	1162,33270489112	455,967585103365
5136	911,625642690306	407,863379284922	1	1088,37435730969	407,863379284922
5139	905,251263663712	411,457387534229	1	1094,74873633629	411,457387534229
5153	912,233083007992	403,942831006801	1	1087,76691699201	403,942831006801
5217	805,112729021141	415,819494981279	1	1194,88727097886	415,819494981279
5230	811,884354012954	425,625780557295	1	1188,11564598705	425,625780557295
5245	850,937589640469	424,076874865973	1	1149,06241035953	424,076874865973
5272	901,59493285515	461,761348971539	1	1098,40506714485	461,761348971539
5289	893,636726535116	465,25574636228	1	1106,36327346488	465,25574636228
5305	905,368294965464	505,961748852845	1	1094,63170503454	505,961748852845
5320	908,045221918617	488,428731627166	1	1091,95477808138	488,428731627166
5351	941,600927637984	577,530091088604	1	1058,39907236202	577,530091088604
5370	933,19472617635	530,821040213114	1	1066,80527382365	530,821040213114
5397	934,629079279086	531,211686063921	1	1065,37092072091	531,211686063921
5406	939,589876774637	539,741114938073	1	1060,41012322536	539,741114938073
5446	961,522944400497	602,621924671122	1	1038,4770555995	602,621924671122
5459	957,61881048003	594,393041321604	1	1042,38118951997	594,393041321604
5499	943,917583309524	570,895965679809	1	1056,08241669048	570,895965679809
5513	918,086512686237	529,160647430147	1	1081,91348731376	529,160647430147
5547	873,00068441563	412,305710044482	1	1126,99931558437	412,305710044482
5563	877,397791616077	497,334868668165	1	1122,60220838392	497,334868668165
5592	878,843439530303	504,219439978852	1	1121,1565604697	504,219439978852
5604	884,434329193429	526,152093894247	1	1115,56567080657	526,152093894247
5626	837,02483819489	465,305985446156	1	1162,97516180511	465,305985446156
5656	811,19575141945	446,313237068274	1	1188,80424858055	446,313237068274
5676	891,56503749623	457,916092819195	1	1108,43496250377	457,916092819195
5711	828,904903824838	429,204366512224	1	1171,09509617516	429,204366512224
5726	936,891220970283	480,930990535496	1	1063,10877902972	480,930990535496
5745	919,62248419778	474,394804731784	1	1080,37751580222	474,394804731784
5767	919,014539303284	494,283716798656	1	1080,98546069672	494,283716798656
5773	924,619205042493	509,338183861022	1	1075,38079495751	509,338183861022
5802	924,022855226428	514,488378639907	1	1075,97714477357	514,488378639907
5815	925,5677552591	520,766898931665	1	1074,4322447409	520,766898931665
5831	921,60103395755	519,578964762162	1	1078,39896604245	519,578964762162
5847	939,635338048041	520,381161520012	1	1060,36466195196	520,381161520012
5859	936,685474600375	522,64745040337	1	1063,31452539963	522,64745040337
5881	943,724896813039	521,973788172682	1	1056,27510318696	521,973788172682
5921	946,500746692306	521,991020790973	1	1053,49925330769	521,991020790973
5925	948,054028410809	521,414700236088	1	1051,94597158919	521,414700236088
5929	954,650752124204	516,583078839444	1	1045,3492478758	516,583078839444
5954	954,241625786538	511,898752451083	1	1045,75837421346	511,898752451083
5967	952,977792376135	507,832541856008	1	1047,02220762386	507,832541856008
5983	953,135609445113	508,278364013959	1	1046,86439055489	508,278364013959
5997	949,315770066288	507,789652076782	1	1050,68422993371	507,789652076782
6015	948,595553054521	514,472981839112	1	1051,40444694548	514,472981839112
6027	946,925052611763	510,332855132642	1	1053,07494738824	510,332855132642
6044	944,02782739622	516,311998534366	1	1055,97217260378	516,311998534366
6059	933,452577198739	516,984020304603	1	1066,54742280126	516,984020304603
6073	932,238901942375	531,82313557196	1	1067,76109805763	531,82313557196
6106	926,747608042594	514,27640325849	1	1073,25239195741	514,27640325849
6118	916,966145093174	500,729503299988	1	1083,03385490683	500,729503299988
6142	910,362346282977	485,75046123805	1	1089,63765371702	485,75046123805
6157	911,610213933858	487,615354743426	1	1088,38978606614	487,615354743426
6163	907,550232804018	515,60771317071	1	1092,44976719598	515,60771317071
6177	904,043941039823	510,688962233769	1	1095,95605896018	510,688962233769
6192	913,508177576279	509,079035222629	1	1086,49182242372	509,079035222629
6209	915,616017537921	506,486117019216	1	1084,38398246208	506,486117019216
6226	916,746138242435	500,344059042012	1	1083,25386175757	500,344059042012
6262	935,286863268848	503,546514297427	1	1064,71313673115	503,546514297427
6280	935,104855064271	504,99225852015	1	1064,89514493573	504,99225852015
6301	934,604966876022	505,52776367291	1	1065,39503312398	505,52776367291
6308	933,136310340315	506,880340008547	1	1066,86368965969	506,880340008547
6329	908,836357738853	495,921901970262	1	1091,16364226115	495,921901970262
6350	899,728606806775	502,675193000275	1	1100,27139319322	502,675193000275
6355	891,944100449866	507,857665097796	1	1108,05589955013	507,857665097796
6410	783,484441724992	520,105749274751	1	1216,51555827501	520,105749274751
6430	799,962979047463	535,099313920499	1	1200,03702095254	535,099313920499
6445	637,699345208721	510,755084327116	1	1362,30065479128	510,755084327116
6455	456,123771064203	521,950374626136	1	1543,8762289358	521,950374626136
6463	465,706187478987	529,953971633382	1	1534,29381252101	529,953971633382
6480	439,112123754082	534,1000628437	1	1560,88787624592	534,1000628437
6500	396,389559365238	537,367492846852	1	1603,61044063476	537,367492846852
6527	409,14880871796	527,611259674215	1	1590,85119128204	527,611259674215
6551	402,537649606634	523,991136975079	1	1597,46235039337	523,991136975079
6566	411,743738783847	517,544119465746	1	1588,25626121615	517,544119465746
6580	417,530908469479	513,672220907457	1	1582,46909153052	513,672220907457
6598	410,25807660048	519,650958149351	1	1589,74192339952	519,650958149351
6614	416,724685677341	516,209404140297	1	1583,27531432266	516,209404140297
6628	415,453903733088	524,988138602288	1	1584,54609626691	524,988138602288
6650	417,496227419897	521,728663710063	1	1582,5037725801	521,728663710063
6654	422,908320965526	530,582127986068	1	1577,09167903447	530,582127986068
6671	425,489820458399	540,382976991203	1	1574,5101795416	540,382976991203
6699	423,249365897676	555,337846695133	1	1576,75063410232	555,337846695133
6720	423,317245106915	568,08946684958	1	1576,68275489308	568,08946684958
6755	423,004873762066	561,713633072075	1	1576,99512623793	561,713633072075
6760	423,523713591752	558,597972079135	1	1576,47628640825	558,597972079135
6761	418,323013373864	542,696658504241	1	1581,67698662614	542,696658504241
6784	428,458110795596	507,014749243772	1	1571,5418892044	507,014749243772
6798	422,222292325627	515,241014929781	1	1577,77770767437	515,241014929781
6804	420,279270583511	517,56298083758	1	1579,72072941649	517,56298083758
6829	426,259830293921	508,030594474303	1	1573,74016970608	508,030594474303
6856	415,939587760809	518,656347058609	1	1584,06041223919	518,656347058609
6887	407,74756003436	535,711710169815	1	1592,25243996564	535,711710169815
6891	406,924105118215	563,879036581586	1	1593,07589488178	563,879036581586
6897	406,370858906639	564,459779263234	1	1593,62914109336	564,459779263234
6914	405,589479633389	559,932272050163	1	1594,41052036661	559,932272050163
6933	405,414004284634	556,170076178923	1	1594,58599571537	556,170076178923
6947	396,697640771911	552,978168907038	1	1603,30235922809	552,978168907038
6969	403,053701265146	520,565010216362	1	1596,94629873485	520,565010216362
6984	407,412358610341	523,935918102519	1	1592,58764138966	523,935918102519
7001	407,748557461116	519,135387387211	1	1592,25144253888	519,135387387211
7023	408,339830923814	518,293715044863	1	1591,66016907619	518,293715044863
7037	404,756229365451	528,174414220944	1	1595,24377063455	528,174414220944
7052	405,202684747772	555,0520342509	1	1594,79731525223	555,0520342509
7074	404,492006832128	556,27815847695	1	1595,50799316787	556,27815847695
7077	402,953725870564	580,856460688878	1	1597,04627412944	580,856460688878
7096	403,105897892241	581,79172902498	1	1596,89410210776	581,79172902498
7109	405,479193369901	579,834220450072	1	1594,5208066301	579,834220450072
7124	404,357255372402	581,563963507349	1	1595,6427446276	581,563963507349
7159	405,881443196812	581,235546003341	1	1594,11855680319	581,235546003341
7172	417,026646544272	565,353994563632	1	1582,97335345573	565,353994563632
7207	414,725032052836	554,56012362554	1	1585,27496794716	554,56012362554
7213	420,46859123492	555,513656322685	1	1579,53140876508	555,513656322685
7222	421,311066539077	558,326675419612	1	1578,68893346092	558,326675419612
7226	417,008795283832	564,028395494019	1	1582,99120471617	564,028395494019
7250	414,514375052896	567,372741381384	1	1585,4856249471	567,372741381384
7261	417,753849345973	557,912075878957	1	1582,24615065403	557,912075878957
7276	421,091717610031	552,107602013528	1	1578,90828238997	552,107602013528
7326	422,050565901521	549,591209155096	1	1577,94943409848	549,591209155096
7339	437,539515341877	541,429015814542	1	1562,46048465812	541,429015814542
7342	440,259791904225	542,732581985409	1	1559,74020809578	542,732581985409
7346	442,201105167832	545,060929906757	1	1557,79889483217	545,060929906757
7360	442,411963477083	543,063167574956	1	1557,58803652292	543,063167574956
7388	399,284659151344	492,412745485111	1	1600,71534084866	492,412745485111
7408	381,269806954135	460,897867800582	1	1618,73019304586	460,897867800582
7424	363,041419115592	410,227006552315	1	1636,95858088441	410,227006552315
7458	342,914929819617	433,968235877253	1	1657,08507018038	433,968235877253
7472	347,849591577013	424,396168424148	1	1652,15040842299	424,396168424148
7478	341,418897086582	433,020753469835	1	1658,58110291342	433,020753469835
7499	336,587777274635	396,357850512125	1	1663,41222272536	396,357850512125
7519	353,814785138054	396,102016568077	1	1646,18521486195	396,102016568077
7536	360,90821340821	381,317063014824	1	1639,09178659179	381,317063014824
7556	358,454259727351	382,669270523752	1	1641,54574027265	382,669270523752
7562	356,285356627615	378,022684512652	1	1643,71464337238	378,022684512652
7578	357,487662155037	370,386576723874	1	1642,51233784496	370,386576723874
7600	345,521309624073	356,37185202904	1	1654,47869037593	356,37185202904
7626	343,933327436797	355,377498973664	1	1656,0666725632	355,377498973664
7634	343,882363988437	373,052073500344	1	1656,11763601156	373,052073500344
7646	341,773127077414	381,552018773573	1	1658,22687292259	381,552018773573
7665	342,823834083471	380,692659413986	1	1657,17616591653	380,692659413986
7679	349,496350085903	391,216399277007	1	1650,5036499141	391,216399277007
7695	345,610235920821	380,198481375444	1	1654,38976407918	380,198481375444
7706	344,765886997596	379,593358269425	1	1655,2341130024	379,593358269425
7732	343,001317996964	375,36043407167	1	1656,99868200304	375,36043407167
7752	337,875065596946	361,946253920074	1	1662,12493440305	361,946253920074
7773	342,252157513356	371,621642022684	1	1657,74784248664	371,621642022684
7790	325,882627710363	391,622825706171	1	1674,11737228964	391,622825706171
7798	318,389453381737	409,870668958443	1	1681,61054661826	409,870668958443
7814	320,783932730861	415,928186649034	1	1679,21606726914	415,928186649034
7835	320,805175332123	406,537084959265	1	1679,19482466788	406,537084959265
7855	317,511426414358	397,384973222498	1	1682,48857358564	397,384973222498
7869	322,77792712254	375,524042037496	1	1677,22207287746	375,524042037496
7898	351,802410096327	325,897611622582	1	1648,19758990367	325,897611622582
7918	354,70989841326	313,133985592908	1	1645,29010158674	313,133985592908
7932	352,108193224614	320,689873857379	1	1647,89180677539	320,689873857379
7949	352,224904438401	326,089072411759	1	1647,7750955616	326,089072411759
7962	353,787678145295	315,314840724283	1	1646,21232185471	315,314840724283
7976	343,007917041291	281,133235456734	1	1656,99208295871	281,133235456734
7991	355,386373371201	290,912166614084	1	1644,6136266288	290,912166614084
8005	351,024064106523	327,864928555854	1	1648,97593589348	327,864928555854
8022	348,016218499914	351,832387675419	1	1651,98378150009	351,832387675419
8051	358,49703825882	380,025974057252	1	1641,50296174118	380,025974057252
8064	356,587414876063	414,358028115479	1	1643,41258512394	414,358028115479
8079	356,509709133437	411,516582868884	1	1643,49029086656	411,516582868884
8096	357,959053372456	408,088908890815	1	1642,04094662754	408,088908890815
8114	360,974930827205	417,264041245384	1	1639,0250691728	417,264041245384
8128	371,040777768592	420,720912357664	1	1628,95922223141	420,720912357664
8142	391,120105222762	428,782987305071	1	1608,87989477724	428,782987305071
8161	421,103057647347	445,19546808029	1	1578,89694235265	445,19546808029
8174	549,866088696775	630,710565284384	1	1450,13391130322	630,710565284384
8198	571,065297978289	660,700577873834	1	1428,93470202171	660,700577873834
8225	578,155169049153	690,859002608041	1	1421,84483095085	690,859002608041
8263	578,218261759678	695,88473642973	1	1421,78173824032	695,88473642973
8268	581,041048730753	702,430924861651	1	1418,95895126925	702,430924861651
8279	575,029527699551	683,198561347812	1	1424,97047230045	683,198561347812
8298	570,803723953316	664,025723245458	1	1429,19627604668	664,025723245458
8302	570,286613505245	662,740558011345	1	1429,71338649476	662,740558011345
8307	572,182121013891	668,046167666929	1	1427,81787898611	668,046167666929
8322	575,113796260584	675,722597758339	1	1424,88620373942	675,722597758339
8374	576,391062089402	671,647459834167	1	1423,6089379106	671,647459834167
8382	573,345401890748	674,022857306145	1	1426,65459810925	674,022857306145
8387	578,142726189773	684,694390269118	1	1421,85727381023	684,694390269118
8400	577,235358955757	698,373738706553	1	1422,76464104424	698,373738706553
8416	578,659064011819	694,118524509497	1	1421,34093598818	694,118524509497
8430	578,453128323514	700,18627131582	1	1421,54687167649	700,18627131582
8449	578,787700151861	697,510679454287	1	1421,21229984814	697,510679454287
8465	577,94361468666	698,620381987633	1	1422,05638531334	698,620381987633
8479	580,852461412388	696,079119910753	1	1419,14753858761	696,079119910753
8512	584,564612710861	689,193022746783	1	1415,43538728914	689,193022746783
8536	587,964984250106	691,576067902192	1	1412,03501574989	691,576067902192
8539	602,522739400139	690,280320151366	1	1397,47726059986	690,280320151366
8562	605,92713822832	683,368979908964	1	1394,07286177168	683,368979908964
8570	603,236401863641	686,940876283382	1	1396,76359813636	686,940876283382
8585	602,201523974301	686,849054399199	1	1397,7984760257	686,849054399199
8600	599,208873286743	691,212303062173	1	1400,79112671326	691,212303062173
8622	598,401424985703	694,351804646135	1	1401,5985750143	694,351804646135
8636	595,701042299239	697,72577051519	1	1404,29895770076	697,72577051519
8657	586,461906231104	730,468312504354	1	1413,5380937689	730,468312504354
8676	583,336866757277	731,921001294913	1	1416,66313324272	731,921001294913
8697	582,953667193253	730,914746437388	1	1417,04633280675	730,914746437388
8700	580,823409087388	732,585821690839	1	1419,17659091261	732,585821690839
8725	579,908281748107	738,760327737555	1	1420,09171825189	738,760327737555
8759	588,78764168146	711,681008271124	1	1411,21235831854	711,681008271124
8764	591,289487652037	710,723446270497	1	1408,71051234796	710,723446270497
8792	587,182059504767	724,28862133792	1	1412,81794049523	724,28862133792
8795	591,700084477614	710,593812283521	1	1408,29991552239	710,593812283521
8810	589,328444231452	719,520804381687	1	1410,67155576855	719,520804381687
8827	591,002118480789	704,21993970298	1	1408,99788151921	704,21993970298
8832	585,167545677753	714,480797976356	1	1414,83245432225	714,480797976356
8854	581,703174099897	731,970013758768	1	1418,2968259001	731,970013758768
8863	622,312058593469	684,117636640759	1	1377,68794140653	684,117636640759
8879	612,480522998338	698,674151721766	1	1387,51947700166	698,674151721766
8904	606,850435972689	696,375177225535	1	1393,14956402731	696,375177225535
8924	596,462849367923	691,138107973151	1	1403,53715063208	691,138107973151
8930	606,354041464075	660,10276660237	1	1393,64595853593	660,10276660237
8956	604,581269071916	653,205039716263	1	1395,41873092808	653,205039716263
8965	591,139660208384	658,282344085585	1	1408,86033979162	658,282344085585
8993	591,968199066379	664,68310600135	1	1408,03180093362	664,68310600135
9011	593,5991593865	669,070978734178	1	1406,4008406135	669,070978734178
9027	594,56329016636	672,500297983953	1	1405,43670983364	672,500297983953
9035	592,752858504177	669,161655499205	1	1407,24714149582	669,161655499205
9052	589,600856627277	665,641125140853	1	1410,39914337272	665,641125140853
9062	600,117957240448	680,929246968724	1	1399,88204275955	680,929246968724
9080	601,602988448019	672,129324670488	1	1398,39701155198	672,129324670488
9101	605,445938733884	676,735406102568	1	1394,55406126612	676,735406102568
9119	605,31358944503	696,819939309397	1	1394,68641055497	696,819939309397
9138	612,28947107913	692,568511396805	1	1387,71052892087	692,568511396805
9147	610,817645932256	694,506202578573	1	1389,18235406774	694,506202578573
9158	614,337389641108	683,16718284773	1	1385,66261035889	683,16718284773
9187	612,237105250951	682,134177402044	1	1387,76289474905	682,134177402044
9198	606,69220557902	698,540191675618	1	1393,30779442098	698,540191675618
9212	608,729112034987	705,52973912428	1	1391,27088796501	705,52973912428
9226	610,233397461879	698,004827711192	1	1389,76660253812	698,004827711192
9277	612,621260601316	693,401520491489	1	1387,37873939868	693,401520491489
9293	623,35347480055	662,020594711538	1	1376,64652519945	662,020594711538
9301	601,263679076486	658,362117529344	1	1398,73632092351	658,362117529344
9303	598,415572611011	664,022367608829	1	1401,58442738899	664,022367608829
9322	598,952475997039	654,920295873604	1	1401,04752400296	654,920295873604
9338	591,355232029006	657,465153976408	1	1408,64476797099	657,465153976408
9343	587,872423706364	659,5417107142	1	1412,12757629364	659,5417107142
9361	595,419444981767	663,600821086044	1	1404,58055501823	663,600821086044
9377	582,444389345098	668,549423568267	1	1417,5556106549	668,549423568267
9402	580,925489292268	672,724686715163	1	1419,07451070773	672,724686715163
9422	578,802384624883	685,380706636403	1	1421,19761537512	685,380706636403
9449	580,527054795533	690,617673213	1	1419,47294520447	690,617673213
9457	588,117440173184	699,288718669814	1	1411,88255982682	699,288718669814
9463	586,54335854389	694,820889679921	1	1413,45664145611	694,820889679921
9487	589,045586272392	695,497758464987	1	1410,95441372761	695,497758464987
9501	589,655121997279	703,132043889472	1	1410,34487800272	703,132043889472
9528	588,713388338838	703,768527077033	1	1411,28661166116	703,768527077033
9554	583,52345793531	707,360072945822	1	1416,47654206469	707,360072945822
9578	573,543851150341	713,168952392313	1	1426,45614884966	713,168952392313
9585	569,055346061228	726,471246773288	1	1430,94465393877	726,471246773288
9603	557,413779823744	742,492339929178	1	1442,58622017626	742,492339929178
9619	539,616736093489	758,493383060084	1	1460,38326390651	758,493383060084
9630	544,619644848933	768,344350960114	1	1455,38035515107	768,344350960114
9650	541,841522316853	772,992788200224	1	1458,15847768315	772,992788200224
9671	549,241571325525	761,190056594618	1	1450,75842867448	761,190056594618
9675	528,518648824837	731,533012591272	1	1471,48135117516	731,533012591272
9707	529,239118238748	725,954352192669	1	1470,76088176125	725,954352192669
9739	534,190264611038	733,998061908929	1	1465,80973538896	733,998061908929
9744	534,620137132517	734,348563807968	1	1465,37986286748	734,348563807968
9758	533,59910931333	734,51856013583	1	1466,40089068667	734,51856013583
9762	525,111996031357	741,918715923701	1	1474,88800396864	741,918715923701
9783	526,698352438592	748,818141896844	1	1473,30164756141	748,818141896844
9818	516,044876036039	757,975518909453	1	1483,95512396396	757,975518909453
9824	518,725564246672	762,225466386054	1	1481,27443575333	762,225466386054
9828	517,890729566495	751,495931922038	1	1482,1092704335	751,495931922038
9855	508,694607755345	762,943933675715	1	1491,30539224465	762,943933675715
9875	505,900202022764	759,714967845298	1	1494,09979797724	759,714967845298
9910	512,547598914277	755,072362363745	1	1487,45240108572	755,072362363745
9959	539,854208140659	715,902623248221	1	1460,14579185934	715,902623248221
9967	559,429090835351	688,679520799259	1	1440,57090916465	688,679520799259
