2	841,880916762867	676,761113556581	1	1158,11908323713	676,761113556581
16	835,07446893587	696,078112355693	1	1164,92553106413	696,078112355693
30	818,100755757105	704,327921395177	1	1181,8992442429	704,327921395177
47	817,009470994721	731,815336019393	1	1182,99052900528	731,815336019393
60	817,987875257629	748,327966701825	1	1182,01212474237	748,327966701825
68	816,59417937633	754,952891446837	1	1183,40582062367	754,952891446837
113	811,27263285009	757,44293500384	1	1188,72736714991	757,44293500384
124	827,19619492989	754,470011098758	1	1172,80380507011	754,470011098758
126	822,92465449742	761,465568108272	1	1177,07534550258	761,465568108272
143	814,945924002944	767,610654697418	1	1185,05407599706	767,610654697418
170	793,547935725588	787,76361536505	1	1206,45206427441	787,76361536505
181	810,855211557194	771,398743536833	1	1189,14478844281	771,398743536833
206	881,92946139301	692,920200242721	1	1118,07053860699	692,920200242721
212	867,437763299049	688,757084644667	1	1132,56223670095	688,757084644667
228	852,940118235021	683,433116848426	1	1147,05988176498	683,433116848426
235	873,658745562429	647,293749182005	1	1126,34125443757	647,293749182005
258	871,619344401238	653,769841914209	1	1128,38065559876	653,769841914209
266	875,406726922217	661,015703602921	1	1124,59327307778	661,015703602921
294	877,701887886981	659,225936034339	1	1122,29811211302	659,225936034339
320	871,234591833182	670,59342644619	1	1128,76540816682	670,59342644619
332	872,922190752895	671,458772931585	1	1127,07780924711	671,458772931585
376	874,298321753565	670,283789140537	1	1125,70167824643	670,283789140537
383	874,215636713161	666,193664043735	1	1125,78436328684	666,193664043735
385	883,681030872337	637,672708504291	1	1116,31896912766	637,672708504291
387	884,526625091988	622,848020156258	1	1115,47337490801	622,848020156258
402	886,108741702195	618,068267189427	1	1113,8912582978	618,068267189427
435	902,727066737368	648,71829600086	1	1097,27293326263	648,71829600086
451	881,535266492438	667,10542178451	1	1118,46473350756	667,10542178451
472	881,101650687468	658,214438291662	1	1118,89834931253	658,214438291662
477	880,197188502065	664,392044493187	1	1119,80281149794	664,392044493187
506	872,392049988474	680,249954029488	1	1127,60795001153	680,249954029488
524	859,192366162452	686,605476905315	1	1140,80763383755	686,605476905315
566	830,318843840602	691,439722833559	1	1169,6811561594	691,439722833559
578	827,252098182006	703,281528883445	1	1172,74790181799	703,281528883445
606	814,542273475393	693,648774915017	1	1185,45772652461	693,648774915017
636	811,566220885474	726,141847106897	1	1188,43377911453	726,141847106897
668	810,39397384703	782,579053498686	1	1189,60602615297	782,579053498686
672	810,751627760991	787,247235600678	1	1189,24837223901	787,247235600678
678	808,128290816101	792,386446330832	1	1191,8717091839	792,386446330832
694	802,601006403058	796,623085901172	1	1197,39899359694	796,623085901172
697	800,096500698047	788,292370726816	1	1199,90349930195	788,292370726816
717	800,882197257544	784,011032140659	1	1199,11780274246	784,011032140659
731	801,395364318524	784,611237805109	1	1198,60463568148	784,611237805109
791	805,693145467222	799,69950605383	1	1194,30685453278	799,69950605383
796	807,04804304427	803,75218206041	1	1192,95195695573	803,75218206041
801	807,539304181151	808,963970983666	1	1192,46069581885	808,963970983666
827	804,295897974777	804,680967053415	1	1195,70410202522	804,680967053415
843	802,514119066506	813,935861650481	1	1197,48588093349	813,935861650481
862	802,880521651777	806,084341935836	1	1197,11947834822	806,084341935836
868	806,822791183882	804,827966629242	1	1193,17720881612	804,827966629242
881	805,874300242005	805,893584876121	1	1194,125699758	805,893584876121
886	807,204151636519	806,898820367435	1	1192,79584836348	806,898820367435
911	808,057889563528	803,853113677915	1	1191,94211043647	803,853113677915
928	832,810914852111	778,176287472572	1	1167,18908514789	778,176287472572
942	817,175961736728	789,139790504722	1	1182,82403826327	789,139790504722
977	815,051745563032	784,741159910282	1	1184,94825443697	784,741159910282
985	812,724505564172	788,240896609598	1	1187,27549443583	788,240896609598
995	806,930308152527	794,035778037154	1	1193,06969184747	794,035778037154
1010	808,66950694784	796,991716781334	1	1191,33049305216	796,991716781334
1019	809,991159739954	793,944521394315	1	1190,00884026005	793,944521394315
1031	812,417532996512	791,676767269225	1	1187,58246700349	791,676767269225
1068	824,093384218	795,539871873765	1	1175,906615782	795,539871873765
1091	819,065621321569	793,571500425909	1	1180,93437867843	793,571500425909
1108	825,396423412101	786,769028969176	1	1174,6035765879	786,769028969176
1110	828,032363360787	780,604244130978	1	1171,96763663921	780,604244130978
1125	826,324421783127	775,55909351237	1	1173,67557821687	775,55909351237
1142	821,805239785708	776,033641503884	1	1178,19476021429	776,033641503884
1158	819,944102474391	774,757888082132	1	1180,05589752561	774,757888082132
1173	821,335078050746	774,29811504332	1	1178,66492194925	774,29811504332
1190	823,188551463463	765,403011036967	1	1176,81144853654	765,403011036967
1255	828,55555725726	757,617964793628	1	1171,44444274274	757,617964793628
1283	828,881560680298	761,220655599681	1	1171,1184393197	761,220655599681
1299	825,932310087803	747,663205921902	1	1174,0676899122	747,663205921902
1305	793,901474213777	760,053582007051	1	1206,09852578622	760,053582007051
1307	720,840905812514	702,117107320312	1	1279,15909418749	702,117107320312
1311	670,518973537611	675,516580165292	1	1329,48102646239	675,516580165292
1316	554,539222621482	645,471574919035	1	1445,46077737852	645,471574919035
1322	586,108065029951	654,43767516468	1	1413,89193497005	654,43767516468
1336	524,249525004598	637,039691183203	1	1475,7504749954	637,039691183203
1373	449,141931923284	626,134358299502	1	1550,85806807672	626,134358299502
1382	443,269862593382	629,138207223186	1	1556,73013740662	629,138207223186
1415	419,217945320426	606,1591188521	1	1580,78205467957	606,1591188521
1421	435,015511464023	611,168441371208	1	1564,98448853598	611,168441371208
1425	426,113284610525	595,933221706977	1	1573,88671538948	595,933221706977
1437	411,62687315595	600,126418269114	1	1588,37312684405	600,126418269114
1455	417,354753451426	597,132462520989	1	1582,64524654857	597,132462520989
1463	438,302637236402	579,325304081945	1	1561,6973627636	579,325304081945
1488	441,670262753538	578,577906546793	1	1558,32973724646	578,577906546793
1516	439,212194956897	583,741222982573	1	1560,7878050431	583,741222982573
1531	426,810818934072	588,266133824888	1	1573,18918106593	588,266133824888
1553	445,717460032686	581,843828820782	1	1554,28253996731	581,843828820782
1569	441,27798987882	586,89376609982	1	1558,72201012118	586,89376609982
1635	458,320730148061	592,671263897227	1	1541,67926985194	592,671263897227
1639	442,337432959949	594,082707301929	1	1557,66256704005	594,082707301929
1679	446,389419031426	577,256122237478	1	1553,61058096857	577,256122237478
1689	378,756778631476	547,042214715469	1	1621,24322136852	547,042214715469
1707	380,041908268877	512,998784894754	1	1619,95809173112	512,998784894754
1756	374,270888408361	517,512623286582	1	1625,72911159164	517,512623286582
1767	369,591711314214	518,807036406788	1	1630,40828868579	518,807036406788
1770	350,816180604708	523,937143852082	1	1649,18381939529	523,937143852082
1772	363,916111135287	502,79035494861	1	1636,08388886471	502,79035494861
1787	363,457841556082	502,539421071012	1	1636,54215844392	502,539421071012
1822	340,83249802975	529,320349513063	1	1659,16750197025	529,320349513063
1825	344,328743448495	528,662237905834	1	1655,67125655151	528,662237905834
1857	341,290990875439	527,950688853729	1	1658,70900912456	527,950688853729
1869	333,711898934037	523,684188539796	1	1666,28810106596	523,684188539796
1897	333,462375726489	521,839884743936	1	1666,53762427351	521,839884743936
1918	333,660120855479	521,451037631455	1	1666,33987914452	521,451037631455
1959	334,144908580446	518,048266599646	1	1665,85509141955	518,048266599646
1979	334,820509274071	520,13929091911	1	1665,17949072593	520,13929091911
1993	283,343752441459	558,126587345574	1	1716,65624755854	558,126587345574
2007	307,291761044678	534,773156266004	1	1692,70823895532	534,773156266004
2030	296,286801790741	534,480481191966	1	1703,71319820926	534,480481191966
2042	290,696978114756	534,726856092623	1	1709,30302188524	534,726856092623
2071	293,792984125332	525,147385397581	1	1706,20701587467	525,147385397581
2074	292,696004596236	531,207810750261	1	1707,30399540376	531,207810750261
2089	293,249732013872	530,418819228615	1	1706,75026798613	530,418819228615
2115	281,706748255421	538,12747873256	1	1718,29325174458	538,12747873256
2130	295,008355889244	533,55241291363	1	1704,99164411076	533,55241291363
2142	300,899805143011	543,723240246791	1	1699,10019485699	543,723240246791
2158	303,3826956863	550,595958078698	1	1696,6173043137	550,595958078698
2180	296,661766697064	563,622621812339	1	1703,33823330294	563,622621812339
2200	296,579314006161	563,286503806571	1	1703,42068599384	563,286503806571
2216	304,720052162244	565,737630968267	1	1695,27994783776	565,737630968267
2230	316,604607722049	535,680425397746	1	1683,39539227795	535,680425397746
2234	325,03274638859	525,153307417563	1	1674,96725361141	525,153307417563
2292	319,386837305349	534,853733396907	1	1680,61316269465	534,853733396907
2297	319,137649308942	535,588834029847	1	1680,86235069106	535,588834029847
2301	319,283120151622	533,457341455274	1	1680,71687984838	533,457341455274
2316	314,229895134449	543,541370465633	1	1685,77010486555	543,541370465633
2334	310,906498023981	548,356752023248	1	1689,09350197602	548,356752023248
2336	309,592058378716	549,602078126128	1	1690,40794162128	549,602078126128
2351	323,995102254198	530,715482161932	1	1676,0048977458	530,715482161932
2366	323,829896743901	532,517943393583	1	1676,1701032561	532,517943393583
2385	323,366740878487	532,449977224305	1	1676,63325912151	532,449977224305
2414	330,681047724895	525,598815117429	1	1669,3189522751	525,598815117429
2431	331,700911883755	523,594878801782	1	1668,29908811625	523,594878801782
2452	322,540972386778	540,980503502261	1	1677,45902761322	540,980503502261
2453	319,461836798403	544,463802927441	1	1680,5381632016	544,463802927441
2470	314,746881566744	543,833046568692	1	1685,25311843326	543,833046568692
2501	310,945100446055	541,469497528386	1	1689,05489955395	541,469497528386
2517	321,33297141864	543,311993920672	1	1678,66702858136	543,311993920672
2523	322,618254379785	542,888397905045	1	1677,38174562022	542,888397905045
2538	322,910074193134	542,355655931206	1	1677,08992580687	542,355655931206
2558	321,630472352708	535,580877297439	1	1678,36952764729	535,580877297439
2592	325,390053928323	538,936662805674	1	1674,60994607168	538,936662805674
2594	320,296056503345	551,837081623741	1	1679,70394349665	551,837081623741
2611	314,892729423754	556,364823827164	1	1685,10727057625	556,364823827164
2626	315,451858387079	554,680328865485	1	1684,54814161292	554,680328865485
2640	317,041217836486	552,480256330263	1	1682,95878216351	552,480256330263
2655	320,645718982808	529,479448747775	1	1679,35428101719	529,479448747775
2670	322,234755383273	523,98219489984	1	1677,76524461673	523,98219489984
2680	318,031569370161	524,484874739029	1	1681,96843062984	524,484874739029
2726	320,907223560666	516,937797500022	1	1679,09277643933	516,937797500022
2730	318,98493652495	520,407471899856	1	1681,01506347505	520,407471899856
2756	320,801772421859	522,904909510709	1	1679,19822757814	522,904909510709
2765	320,876353349931	530,159493889329	1	1679,12364665007	530,159493889329
2784	320,733284898208	532,261679434343	1	1679,26671510179	532,261679434343
2800	322,923667737405	531,225815714482	1	1677,07633226259	531,225815714482
2815	323,241445512739	530,007937547039	1	1676,75855448726	530,007937547039
2859	336,000435797126	512,568737132345	1	1663,99956420287	512,568737132345
2892	335,408292024033	523,661907911408	1	1664,59170797597	523,661907911408
2908	302,975575586632	604,530470532202	1	1697,02442441337	604,530470532202
2933	328,227043897663	547,092638029505	1	1671,77295610234	547,092638029505
2948	325,334863485105	546,470099857516	1	1674,6651365149	546,470099857516
2969	353,975334363975	521,08619205603	1	1646,02466563602	521,08619205603
2996	371,120290372084	511,974407598893	1	1628,87970962792	511,974407598893
3015	401,181627743902	493,888760692084	1	1598,8183722561	493,888760692084
3032	556,009908779363	447,598894319801	1	1443,99009122064	447,598894319801
3053	645,481404688471	435,563083088714	1	1354,51859531153	435,563083088714
3070	621,937138094701	432,764754416496	1	1378,0628619053	432,764754416496
3098	737,486668971348	412,497256105264	1	1262,51333102865	412,497256105264
3121	768,658163416345	399,516726155713	1	1231,34183658365	399,516726155713
3131	837,24216620482	375,228923487807	1	1162,75783379518	375,228923487807
3164	819,038915945722	385,379104144054	1	1180,96108405428	385,379104144054
3176	863,979768253886	349,225805468177	1	1136,02023174611	349,225805468177
3189	871,962973981805	358,983441704059	1	1128,0370260182	358,983441704059
3207	856,497489400765	371,000044059366	1	1143,50251059923	371,000044059366
3223	869,400533925417	361,083718346102	1	1130,59946607458	361,083718346102
3251	880,882019042197	358,578301575892	1	1119,1179809578	358,578301575892
3270	933,265345442498	322,672697961572	1	1066,7346545575	322,672697961572
3286	924,782722935125	338,956728197501	1	1075,21727706487	338,956728197501
3303	921,978615890291	332,85420641752	1	1078,02138410971	332,85420641752
3326	922,576732097691	345,686372082656	1	1077,42326790231	345,686372082656
3339	912,393945567205	371,336696644588	1	1087,60605443279	371,336696644588
3342	904,783240355415	373,294485349768	1	1095,21675964459	373,294485349768
3371	897,423645964076	374,84242403337	1	1102,57635403592	374,84242403337
3389	880,009023007327	376,95569550884	1	1119,99097699267	376,95569550884
3419	882,456971728659	374,206970360377	1	1117,54302827134	374,206970360377
3431	897,239177565284	351,927347041086	1	1102,76082243472	351,927347041086
3456	894,588559566199	346,519742542121	1	1105,4114404338	346,519742542121
3479	905,419178058184	331,823760502582	1	1094,58082194182	331,823760502582
3505	897,222746058534	321,630596346225	1	1102,77725394147	321,630596346225
3521	883,576438854343	297,870043847095	1	1116,42356114566	297,870043847095
3535	890,435711209018	301,563608623134	1	1109,56428879098	301,563608623134
3552	894,436617565915	314,456680565445	1	1105,56338243409	314,456680565445
3568	916,07566433618	330,955031010636	1	1083,92433566382	330,955031010636
3582	949,604647307611	362,406696644906	1	1050,39535269239	362,406696644906
3612	950,493450954374	361,725741636408	1	1049,50654904563	361,725741636408
3629	945,554801980703	360,584193959169	1	1054,4451980193	360,584193959169
3648	956,199844991609	308,014989980687	1	1043,80015500839	308,014989980687
3664	940,878460727929	315,09449413504	1	1059,12153927207	315,09449413504
3722	927,533878030305	334,629514971663	1	1072,4661219697	334,629514971663
3727	925,982815806383	312,288608446207	1	1074,01718419362	312,288608446207
3730	827,212453893779	314,410859669136	1	1172,78754610622	314,410859669136
3762	516,136515332715	320,574798387563	1	1483,86348466729	320,574798387563
3792	449,770522497021	351,990126189887	1	1550,22947750298	351,990126189887
3805	522,161494176705	348,940617229815	1	1477,8385058233	348,940617229815
3819	387,494206965569	388,325826369093	1	1612,50579303443	388,325826369093
3833	371,914853108167	410,633743943547	1	1628,08514689183	410,633743943547
3847	406,938576974305	402,632175636231	1	1593,0614230257	402,632175636231
3879	374,771110470846	403,624602458378	1	1625,22888952915	403,624602458378
3930	388,618061386778	403,274514111846	1	1611,38193861322	403,274514111846
3941	368,60950146879	411,5380783012	1	1631,39049853121	411,5380783012
3968	377,001563684794	412,850128879883	1	1622,99843631521	412,850128879883
3985	380,658751223134	420,78411829919	1	1619,34124877687	420,78411829919
4017	366,083578133433	434,910712145616	1	1633,91642186657	434,910712145616
4019	358,227465067471	438,885739988299	1	1641,77253493253	438,885739988299
4038	372,966724869708	428,096646173395	1	1627,03327513029	428,096646173395
4065	355,410731929482	451,450830224796	1	1644,58926807052	451,450830224796
4077	351,030258580984	456,251668348801	1	1648,96974141902	456,251668348801
4104	350,822806838839	460,12162439821	1	1649,17719316116	460,12162439821
4129	348,764140486716	465,593337880401	1	1651,23585951328	465,593337880401
4177	349,890365537329	459,521676463393	1	1650,10963446267	459,521676463393
4182	355,095232387002	458,836214152859	1	1644,904767613	458,836214152859
4219	358,834558878294	447,873158760553	1	1641,16544112171	447,873158760553
4242	363,76537175942	449,875273973503	1	1636,23462824058	449,875273973503
4257	363,02106867649	444,842642953028	1	1636,97893132351	444,842642953028
4288	368,240277291795	431,454427982941	1	1631,75972270821	431,454427982941
4291	378,788995239031	435,051223508636	1	1621,21100476097	435,051223508636
4305	379,262802416407	422,928714766293	1	1620,73719758359	422,928714766293
4321	381,960905581808	425,542973168924	1	1618,03909441819	425,542973168924
4332	386,97130352566	435,957095219876	1	1613,02869647434	435,957095219876
4375	388,781650311273	426,920727159965	1	1611,21834968873	426,920727159965
4386	390,275228833932	435,158325940523	1	1609,72477116607	435,158325940523
4409	383,071151314051	457,046305372062	1	1616,92884868595	457,046305372062
4421	386,150204780339	452,5155538405	1	1613,84979521966	452,5155538405
4437	387,3075965191	455,658673635141	1	1612,6924034809	455,658673635141
4451	386,248864415213	426,156911000532	1	1613,75113558479	426,156911000532
4466	389,284767433886	426,085460587082	1	1610,71523256611	426,085460587082
4483	374,959730601742	428,077001038405	1	1625,04026939826	428,077001038405
4514	372,431030538357	430,256815403818	1	1627,56896946164	430,256815403818
4527	373,358568151075	433,899799633107	1	1626,64143184892	433,899799633107
4543	372,569271331863	436,542058854597	1	1627,43072866814	436,542058854597
4565	372,137936133782	432,009177488257	1	1627,86206386622	432,009177488257
4568	371,36905056197	434,684514919749	1	1628,63094943803	434,684514919749
4583	371,531444427871	435,435117559809	1	1628,46855557213	435,435117559809
4605	372,082719608693	431,998263669479	1	1627,91728039131	431,998263669479
4623	369,674780239558	431,582002118367	1	1630,32521976044	431,582002118367
4644	368,193073787619	431,726477522813	1	1631,80692621238	431,726477522813
4669	366,45074235175	434,75917055357	1	1633,54925764825	434,75917055357
4681	366,130391469791	444,957787986564	1	1633,86960853021	444,957787986564
4708	359,364996977175	476,107414802085	1	1640,63500302283	476,107414802085
4710	360,457079083931	477,264540283665	1	1639,54292091607	477,264540283665
4724	360,37722237527	463,826252469366	1	1639,62277762473	463,826252469366
4755	360,795530927463	461,577943555206	1	1639,20446907254	461,577943555206
4758	360,905731578854	461,338908634026	1	1639,09426842115	461,338908634026
4771	361,299972800089	460,4006077955	1	1638,70002719991	460,4006077955
4785	357,541456952477	467,483439734474	1	1642,45854304752	467,483439734474
4810	337,794871596796	471,070689215533	1	1662,2051284032	471,070689215533
4824	346,607430690543	476,909619851568	1	1653,39256930946	476,909619851568
4843	367,691157648335	491,044704714843	1	1632,30884235166	491,044704714843
4857	394,561370088556	502,513684777335	1	1605,43862991144	502,513684777335
4872	567,323816399356	629,551521057453	1	1432,67618360064	629,551521057453
4892	595,179620531608	646,085669238265	1	1404,82037946839	646,085669238265
4899	616,699222906839	666,879392235791	1	1383,30077709316	666,879392235791
4921	634,816740588826	677,837927857697	1	1365,18325941117	677,837927857697
4931	660,871574030297	698,631839812893	1	1339,1284259697	698,631839812893
4961	673,77445994104	698,182517432105	1	1326,22554005896	698,182517432105
4973	680,267133991459	705,710291648566	1	1319,73286600854	705,710291648566
4995	683,271396548421	699,615912644155	1	1316,72860345158	699,615912644155
5018	687,146059548573	704,059661079736	1	1312,85394045143	704,059661079736
5029	679,572853423256	705,12269712321	1	1320,42714657674	705,12269712321
5040	680,781285065754	718,485932486508	1	1319,21871493425	718,485932486508
5058	679,615441179328	726,521054021214	1	1320,38455882067	726,521054021214
5065	678,949541700241	729,496951878107	1	1321,05045829976	729,496951878107
5095	684,329270111435	731,337773286354	1	1315,67072988856	731,337773286354
5122	691,572202007785	733,769112574349	1	1308,42779799221	733,769112574349
5137	695,050589957591	735,133671075232	1	1304,94941004241	735,133671075232
5147	725,047289627208	727,832774965501	1	1274,95271037279	727,832774965501
5157	806,724007722448	715,414733661385	1	1193,27599227755	715,414733661385
5175	829,175881309593	713,276655886981	1	1170,82411869041	713,276655886981
5190	901,208311280578	676,673923063011	1	1098,79168871942	676,673923063011
5207	899,628093488761	678,293753573702	1	1100,37190651124	678,293753573702
5222	923,812431113159	646,500975053704	1	1076,18756888684	646,500975053704
5248	883,868260746299	682,621079627352	1	1116,1317392537	682,621079627352
5281	945,346087640648	662,107911472621	1	1054,65391235935	662,107911472621
5286	943,467584887771	663,316531881922	1	1056,53241511223	663,316531881922
5288	938,469899712061	652,158738366126	1	1061,53010028794	652,158738366126
5306	939,325842317155	648,69085394362	1	1060,67415768285	648,69085394362
5322	934,313399181506	661,313776877562	1	1065,68660081849	661,313776877562
5336	931,312381077832	666,836553598018	1	1068,68761892217	666,836553598018
5352	924,928803254765	666,017913023206	1	1075,07119674523	666,017913023206
5366	912,977277791395	649,974169540783	1	1087,02272220861	649,974169540783
5381	910,516394143784	643,721269575988	1	1089,48360585622	643,721269575988
5415	906,898957772122	601,508121195509	1	1093,10104222788	601,508121195509
5425	906,528318812216	593,178342844073	1	1093,47168118778	593,178342844073
5442	928,465444654347	602,323081813602	1	1071,53455534565	602,323081813602
5460	911,952747003133	586,233024819195	1	1088,04725299687	586,233024819195
5475	908,538559888516	588,540968303193	1	1091,46144011148	588,540968303193
5491	910,197375107711	600,483516413639	1	1089,80262489229	600,483516413639
5508	908,08331572559	612,035461859145	1	1091,91668427441	612,035461859145
5526	907,598439070821	619,674903549522	1	1092,40156092918	619,674903549522
5548	907,122486308006	616,745301304102	1	1092,87751369199	616,745301304102
5562	902,016546379882	629,035042582654	1	1097,98345362012	629,035042582654
5582	903,977099460079	627,517055158742	1	1096,02290053992	627,517055158742
5594	925,504035570858	635,882920892188	1	1074,49596442914	635,882920892188
5615	903,698727939794	620,125893948046	1	1096,30127206021	620,125893948046
5630	909,900088957559	632,688706049697	1	1090,09991104244	632,688706049697
5664	906,343139224386	622,149054301857	1	1093,65686077561	622,149054301857
5671	909,198301816433	627,717946911843	1	1090,80169818357	627,717946911843
5673	907,887186245734	615,843841342687	1	1092,11281375427	615,843841342687
5689	898,51581051316	602,982927394872	1	1101,48418948684	602,982927394872
5718	900,828931193591	604,809142392566	1	1099,17106880641	604,809142392566
5732	900,749572586712	604,689397458039	1	1099,25042741329	604,689397458039
5739	934,071252519716	628,806949980502	1	1065,92874748028	628,806949980502
5756	938,002925514497	626,470948312368	1	1061,9970744855	626,470948312368
5784	977,993187877859	619,221030566059	1	1022,00681212214	619,221030566059
5805	1015,99962396434	616,550409262142	1	984,000376035656	616,550409262142
5838	992,192042273589	629,542170842396	1	1007,80795772641	629,542170842396
5873	985,600193504888	618,415367446781	1	1014,39980649511	618,415367446781
5902	980,355079307852	602,38673705648	1	1019,64492069215	602,38673705648
5920	989,721132844297	584,073055962529	1	1010,2788671557	584,073055962529
5941	1003,14182227782	606,484676377797	1	996,858177722179	606,484676377797
5957	1040,26701884294	655,235658610804	1	959,732981157059	655,235658610804
5980	1045,02734241553	638,139777501338	1	954,972657584467	638,139777501338
5985	1053,96972845995	644,151459937859	1	946,030271540046	644,151459937859
6007	1068,37324008446	636,864411304998	1	931,626759915539	636,864411304998
6036	1065,86073940942	629,449694525253	1	934,139260590585	629,449694525253
6047	1058,4633087885	606,466650051101	1	941,536691211502	606,466650051101
6065	1052,60248001143	610,590061849615	1	947,397519988569	610,590061849615
6098	1046,24345829126	607,024865278298	1	953,756541708741	607,024865278298
6104	1053,00927040986	617,540305793763	1	946,99072959014	617,540305793763
6122	1054,31539005833	619,742830850982	1	945,684609941669	619,742830850982
6133	1057,37781765508	620,005196700801	1	942,622182344924	620,005196700801
6157	1088,29076277996	597,6521284243	1	911,709237220042	597,6521284243
6184	1084,86378647368	611,234067565955	1	915,136213526325	611,234067565955
6194	1085,00735952677	630,153861707833	1	914,992640473231	630,153861707833
6220	1083,84527945907	635,620203544747	1	916,154720540931	635,620203544747
6237	1098,38717022373	599,717047042528	1	901,612829776266	599,717047042528
6262	1093,56038261596	623,69961002441	1	906,439617384044	623,69961002441
6285	1098,10757162191	583,451389952759	1	901,892428378089	583,451389952759
6315	1098,63188088972	593,379039864262	1	901,368119110282	593,379039864262
6330	1092,17617873704	611,30716353961	1	907,823821262961	611,30716353961
6345	1081,9891964287	631,471441483492	1	918,010803571299	631,471441483492
6380	1072,39530815073	637,380836190403	1	927,604691849267	637,380836190403
6383	1086,14093185791	607,049618139408	1	913,85906814209	607,049618139408
6389	1094,79243195334	595,253165079774	1	905,207568046663	595,253165079774
6412	1104,00672505732	577,887303452494	1	895,993274942681	577,887303452494
6429	1100,17322106702	578,96854414752	1	899,826778932979	578,96854414752
6460	1108,30989589007	569,457192584222	1	891,690104109935	569,457192584222
6478	1104,27295047193	572,509109822384	1	895,727049528067	572,509109822384
6500	1106,87678211289	565,075820089142	1	893,123217887106	565,075820089142
6526	1104,13743092552	571,026246735094	1	895,86256907448	571,026246735094
6534	1098,11503395435	578,409043155441	1	901,884966045646	578,409043155441
6545	1094,60274978823	571,240138476921	1	905,397250211766	571,240138476921
6552	1091,94059158735	575,848721567956	1	908,059408412646	575,848721567956
6569	1085,8213231063	578,016506704383	1	914,178676893705	578,016506704383
6583	1082,82293471036	578,39465782495	1	917,177065289641	578,39465782495
6614	1069,54475058634	580,899449832022	1	930,455249413663	580,899449832022
6629	1054,81762264522	594,653188543137	1	945,182377354784	594,653188543137
6645	1053,78862511819	591,036074026329	1	946,211374881807	591,036074026329
6654	1052,60411762484	593,236561338499	1	947,395882375163	593,236561338499
6677	1051,18496575233	595,926703243483	1	948,815034247672	595,926703243483
6683	1074,02604610593	612,260719518389	1	925,973953894068	612,260719518389
6698	1076,07785208681	613,145153092558	1	923,922147913188	613,145153092558
6739	1077,72803064888	614,457395955432	1	922,271969351121	614,457395955432
6766	1074,81045795012	603,484237338863	1	925,189542049877	603,484237338863
6779	1071,27682331809	596,986502797547	1	928,723176681906	596,986502797547
6792	1071,03883351857	599,212788530256	1	928,961166481429	599,212788530256
6808	1062,00919613058	610,271702147786	1	937,990803869425	610,271702147786
6816	1060,29774375293	610,445705529647	1	939,702256247065	610,445705529647
6839	1059,16441000838	610,230325022387	1	940,835589991617	610,230325022387
6855	1064,90657941206	608,569638284793	1	935,093420587945	608,569638284793
6869	1063,21027386318	609,829475609365	1	936,789726136819	609,829475609365
6884	1064,87588501285	607,879167406918	1	935,124114987154	607,879167406918
6925	1079,07651990137	597,361136942185	1	920,923480098627	597,361136942185
6935	1072,3953067816	600,809292244657	1	927,604693218399	600,809292244657
6944	1067,66744322456	603,033230383331	1	932,332556775438	603,033230383331
6962	1072,53151545051	615,122162515092	1	927,468484549486	615,122162515092
7017	1068,60703855687	616,399398770491	1	931,392961443132	616,399398770491
7039	1064,02280367788	620,145717724393	1	935,977196322116	620,145717724393
7042	1064,7294487409	625,946951509022	1	935,270551259095	625,946951509022
7044	1062,01171607861	622,16410085384	1	937,988283921387	622,16410085384
7047	1060,77213367169	625,038626781126	1	939,227866328306	625,038626781126
7060	1060,50284223392	625,194565475087	1	939,497157766076	625,194565475087
7083	1058,19878274103	626,084900614002	1	941,801217258971	626,084900614002
7092	1055,18682675819	617,226536934976	1	944,813173241811	617,226536934976
7113	1054,88548448791	629,322223984938	1	945,114515512086	629,322223984938
7140	1029,59677054436	640,013948082772	1	970,403229455644	640,013948082772
7155	1011,11338584191	640,467408026237	1	988,886614158085	640,467408026237
7173	750,622735728697	690,017520102056	1	1249,3772642713	690,017520102056
7180	613,190993900922	681,63150129773	1	1386,80900609908	681,63150129773
7226	557,059966578098	686,255161752636	1	1442,9400334219	686,255161752636
7242	553,194080648911	667,332148010175	1	1446,80591935109	667,332148010175
7264	573,565269170732	625,953058457971	1	1426,43473082927	625,953058457971
7287	555,102551106873	655,570172069575	1	1444,89744889313	655,570172069575
7289	561,071650671059	643,680277660596	1	1438,92834932894	643,680277660596
7302	569,67022984148	627,792739316171	1	1430,32977015852	627,792739316171
7324	570,539724458876	631,710724720991	1	1429,46027554112	631,710724720991
7331	573,073830375736	629,450741858549	1	1426,92616962426	629,450741858549
7362	573,871006926351	630,350822737743	1	1426,12899307365	630,350822737743
7387	560,455461271946	638,172830059469	1	1439,54453872805	638,172830059469
7392	551,797432346905	642,742905603329	1	1448,20256765309	642,742905603329
7412	556,436612297268	641,50568448808	1	1443,56338770273	641,50568448808
7429	555,26853758045	639,955317788719	1	1444,73146241955	639,955317788719
7451	558,425851111458	634,515537413672	1	1441,57414888854	634,515537413672
7469	520,412833027214	641,684424955345	1	1479,58716697279	641,684424955345
7474	540,389207304259	634,061144718974	1	1459,61079269574	634,061144718974
7490	511,576868667865	630,232365360149	1	1488,42313133214	630,232365360149
7517	384,914343941803	691,489026296084	1	1615,0856560582	691,489026296084
7529	387,762587482331	637,423659245518	1	1612,23741251767	637,423659245518
7539	389,140454614012	631,364218966107	1	1610,85954538599	631,364218966107
7563	375,290414019846	655,057784011022	1	1624,70958598015	655,057784011022
7589	380,533522774868	658,49088641884	1	1619,46647722513	658,49088641884
7613	402,217199152145	630,77647895486	1	1597,78280084786	630,77647895486
7630	413,808786793089	617,085560753949	1	1586,19121320691	617,085560753949
7635	416,150492637975	554,342960328899	1	1583,84950736202	554,342960328899
7645	415,803279949927	554,864760939159	1	1584,19672005007	554,864760939159
7660	423,952215818326	530,308576563497	1	1576,04778418167	530,308576563497
7675	418,868280975196	550,597882913993	1	1581,1317190248	550,597882913993
7693	409,096627297347	540,191537987547	1	1590,90337270265	540,191537987547
7717	418,639959709043	540,826848953969	1	1581,36004029096	540,826848953969
7722	411,913552310838	584,182948656221	1	1588,08644768916	584,182948656221
7735	409,665517995907	559,376553424136	1	1590,33448200409	559,376553424136
7761	419,473241617427	535,6170084744	1	1580,52675838257	535,6170084744
7765	415,466628962394	531,810075253062	1	1584,53337103761	531,810075253062
7787	415,864390975878	543,151864111558	1	1584,13560902412	543,151864111558
7825	414,754971788642	532,070639641468	1	1585,24502821136	532,070639641468
7830	408,419318208635	548,448492156146	1	1591,58068179136	548,448492156146
7845	401,243285859895	575,318681786196	1	1598,7567141401	575,318681786196
7852	398,025940661954	586,719320424121	1	1601,97405933805	586,719320424121
7873	402,69536641433	571,742123167642	1	1597,30463358567	571,742123167642
7891	399,511761459029	580,331905293823	1	1600,48823854097	580,331905293823
7906	397,531156835356	586,105440151396	1	1602,46884316464	586,105440151396
7923	397,772031232224	588,498813446821	1	1602,22796876778	588,498813446821
7945	391,423019004752	597,9595980708	1	1608,57698099525	597,9595980708
7991	385,88735633887	600,489710484445	1	1614,11264366113	600,489710484445
8003	385,458163388352	600,007196541314	1	1614,54183661165	600,007196541314
8007	384,396044073806	597,602147438506	1	1615,60395592619	597,602147438506
8010	390,052513648006	593,903336666576	1	1609,94748635199	593,903336666576
8031	397,313985158973	588,771732727836	1	1602,68601484103	588,771732727836
8041	401,296705092348	580,495194679993	1	1598,70329490765	580,495194679993
8059	398,096398068775	584,213125409177	1	1601,90360193122	584,213125409177
8083	421,099346389673	575,75804269854	1	1578,90065361033	575,75804269854
8089	415,190388769584	582,486802748028	1	1584,80961123042	582,486802748028
8115	411,774779440771	584,65042941557	1	1588,22522055923	584,65042941557
8128	403,426061739036	590,331355632582	1	1596,57393826096	590,331355632582
8166	404,834315550579	593,138165875179	1	1595,16568444942	593,138165875179
8181	407,443657540648	593,404881802436	1	1592,55634245935	593,404881802436
8184	393,398989354202	593,952835409089	1	1606,6010106458	593,952835409089
8189	396,40063560817	583,716264494383	1	1603,59936439183	583,716264494383
8208	399,394529621513	606,301573655644	1	1600,60547037849	606,301573655644
8222	399,445085436836	601,866991754931	1	1600,55491456316	601,866991754931
8227	403,913474675479	612,914989093624	1	1596,08652532452	612,914989093624
8261	403,502704573187	602,374211832347	1	1596,49729542681	602,374211832347
8277	406,100766140471	612,565185315184	1	1593,89923385953	612,565185315184
8303	364,68096193906	590,04762316821	1	1635,31903806094	590,04762316821
8312	348,22723183581	582,134903085812	1	1651,77276816419	582,134903085812
8340	327,182798303182	583,406444585242	1	1672,81720169682	583,406444585242
8349	318,658353146514	584,760209827424	1	1681,34164685349	584,760209827424
8369	282,268392675648	618,398707445121	1	1717,73160732435	618,398707445121
8389	192,793094447509	681,165925119199	0			1807,20690555249	681,165925119199
8412	200,046625869063	692,000378845192	0			1799,95337413094	692,000378845192
8444	203,561548518381	704,789056258446	0			1796,43845148162	704,789056258446
8496	205,20862108647	702,448733474476	0			1794,79137891353	702,448733474476
8513	205,748510462199	704,590771478954	0			1794,2514895378	704,590771478954
8518	211,902656483689	701,916347434806	0			1788,09734351631	701,916347434806
8522	219,509484345437	710,628030630556	0			1780,49051565456	710,628030630556
8524	222,507115832675	711,275211895301	1	1777,49288416732	711,275211895301
8527	219,775657328842	717,861580959193	0			1780,22434267116	717,861580959193
8543	222,247048901242	742,695932098227	0			1777,75295109876	742,695932098227
8561	223,341865527544	741,610459575843	1	1776,65813447246	741,610459575843
8591	217,304322640111	751,552574387335	0			1782,69567735989	751,552574387335
8598	215,422952762764	760,855419029116	0			1784,57704723724	760,855419029116
8620	212,29479073586	785,225276804128	0			1787,70520926414	785,225276804128
8624	211,786362051239	777,973483217959	0			1788,21363794876	777,973483217959
8657	210,559633998381	759,424042590536	0			1789,44036600162	759,424042590536
8660	209,174344116503	739,784124847895	0			1790,8256558835	739,784124847895
8683	207,741797818246	731,145079431699	0			1792,25820218175	731,145079431699
8707	203,531997832431	717,000093263368	0			1796,46800216757	717,000093263368
8726	205,256846466125	714,771197827022	0			1794,74315353387	714,771197827022
8755	203,347736076251	720,763882390351	0			1796,65226392375	720,763882390351
8758	205,272614251942	721,728183339362	0			1794,72738574806	721,728183339362
8777	209,543186107548	737,861278847509	0			1790,45681389245	737,861278847509
8806	217,838345646224	751,767525399954	0			1782,16165435378	751,767525399954
8826	214,014972526244	743,272192628991	0			1785,98502747376	743,272192628991
8836	212,14882818738	789,617348600088	0			1787,85117181262	789,617348600088
8840	212,061978660383	788,351058460884	0			1787,93802133962	788,351058460884
8865	223,198219797561	766,750699831788	1	1776,80178020244	766,750699831788
8883	250,457833280094	695,253948396066	1	1749,54216671991	695,253948396066
8893	236,153687387803	747,547360684206	1	1763,8463126122	747,547360684206
8935	267,423912263651	731,091776499141	1	1732,57608773635	731,091776499141
8958	372,920755736152	673,063920458214	1	1627,07924426385	673,063920458214
8984	392,413907525222	662,322874215694	1	1607,58609247478	662,322874215694
8986	396,843826955611	658,407319085907	1	1603,15617304439	658,407319085907
8989	400,058084781041	627,037574545716	1	1599,94191521896	627,037574545716
8991	404,677592937659	629,753031941697	1	1595,32240706234	629,753031941697
9016	402,04822113946	611,29892458613	1	1597,95177886054	611,29892458613
9030	396,678674113981	601,039585121951	1	1603,32132588602	601,039585121951
9045	399,845151715903	589,338039851762	1	1600,1548482841	589,338039851762
9058	404,424375248694	565,431181628854	1	1595,57562475131	565,431181628854
9077	401,797149393197	581,274354295779	1	1598,2028506068	581,274354295779
9091	399,372038258637	618,526239628429	1	1600,62796174136	618,526239628429
9105	401,266124142983	674,526203966027	1	1598,73387585702	674,526203966027
9132	401,675509102902	683,541774312348	1	1598,3244908971	683,541774312348
9147	402,655870538222	692,23834596901	1	1597,34412946178	692,23834596901
9162	403,343954932341	702,84180369539	1	1596,65604506766	702,84180369539
9179	399,893436274321	706,309103455139	1	1600,10656372568	706,309103455139
9190	401,239996292018	712,959467946013	1	1598,76000370798	712,959467946013
9210	397,135575359604	684,22092767044	1	1602,8644246404	684,22092767044
9231	395,657209998942	683,475725256038	1	1604,34279000106	683,475725256038
9241	399,603524713955	721,986163649012	1	1600,39647528605	721,986163649012
9257	399,262035830079	723,528851377314	1	1600,73796416992	723,528851377314
9274	397,178406603796	718,89457824448	1	1602,8215933962	718,89457824448
9294	398,436211246801	724,40337626337	1	1601,5637887532	724,40337626337
9311	394,537196209004	710,228879238806	1	1605,462803791	710,228879238806
9336	401,360932167922	635,626706331405	1	1598,63906783208	635,626706331405
9353	402,61628158461	632,914176702605	1	1597,38371841539	632,914176702605
9357	403,972541808732	630,789807992238	1	1596,02745819127	630,789807992238
9383	404,81471553005	635,484040237244	1	1595,18528446995	635,484040237244
9391	405,940412487817	642,822414597598	1	1594,05958751218	642,822414597598
9410	408,428866951247	657,250370580946	1	1591,57113304875	657,250370580946
9417	419,760735889791	657,235336394218	1	1580,23926411021	657,235336394218
9434	425,13194658666	652,045953607219	1	1574,86805341334	652,045953607219
9483	433,280122707697	637,703003435996	1	1566,7198772923	637,703003435996
9487	429,158129861586	645,003599666576	1	1570,84187013841	645,003599666576
9496	416,22307860074	652,72484523921	1	1583,77692139926	652,72484523921
9509	413,796644784695	646,888829130531	1	1586,2033552153	646,888829130531
9527	404,80180192398	647,849286827441	1	1595,19819807602	647,849286827441
9542	394,963088127087	632,78744454021	1	1605,03691187291	632,78744454021
9557	393,013405705173	627,142841151159	1	1606,98659429483	627,142841151159
9591	392,135762134936	625,218496656739	1	1607,86423786506	625,218496656739
9597	391,827657647269	628,026954189658	1	1608,17234235273	628,026954189658
9614	393,317676873563	638,208704129662	1	1606,68232312644	638,208704129662
9630	391,569532303422	653,61385672807	1	1608,43046769658	653,61385672807
9647	393,981143490906	649,792014857524	1	1606,01885650909	649,792014857524
9651	415,909223288155	598,659166453283	1	1584,09077671185	598,659166453283
9674	410,238624077819	609,958775790293	1	1589,76137592218	609,958775790293
9690	448,192370241519	551,606498494221	1	1551,80762975848	551,606498494221
9703	448,33237638959	548,758802268311	1	1551,66762361041	548,758802268311
9723	448,361655590569	546,072411383945	1	1551,63834440943	546,072411383945
9736	448,465229678145	540,323979334731	1	1551,53477032186	540,323979334731
9773	450,401953506692	576,48646807545	1	1549,59804649331	576,48646807545
9792	450,603441343001	577,656270563365	1	1549,396558657	577,656270563365
9799	452,623121923368	554,283291406193	1	1547,37687807663	554,283291406193
9825	438,731377914377	526,243866942945	1	1561,26862208562	526,243866942945
9845	431,145156598152	516,288243293576	1	1568,85484340185	516,288243293576
9851	418,755468450428	508,717469962312	1	1581,24453154957	508,717469962312
9865	392,434513907769	512,685436187152	1	1607,56548609223	512,685436187152
9897	380,619647910798	511,656569354095	1	1619,3803520892	511,656569354095
9912	369,031152607676	557,898439516151	1	1630,96884739232	557,898439516151
9932	366,046679536433	541,881326064666	1	1633,95332046357	541,881326064666
9947	369,632058812366	558,219623209609	1	1630,36794118763	558,219623209609
9962	372,801993867776	545,925518558572	1	1627,19800613222	545,925518558572
9967	371,857152738207	553,730194266066	1	1628,14284726179	553,730194266066
9987	366,312804437533	538,862311543004	1	1633,68719556247	538,862311543004
10003	365,147173391834	534,878979934102	1	1634,85282660817	534,878979934102
10020	369,174523345165	570,131846749659	1	1630,82547665483	570,131846749659
10041	368,57199801692	566,784068300197	1	1631,42800198308	566,784068300197
