4	877,406439914087	720,143926726839	1	1122,59356008591	720,143926726839
30	877,556018214869	716,952110464837	1	1122,44398178513	716,952110464837
46	877,519381464672	736,532558290107	1	1122,48061853533	736,532558290107
81	877,63320269901	736,757821707106	1	1122,36679730099	736,757821707106
86	878,391832645766	741,267189573001	1	1121,60816735423	741,267189573001
99	880,755653934994	750,614928478355	1	1119,24434606501	750,614928478355
111	879,839668004069	753,937400511891	1	1120,16033199593	753,937400511891
124	878,883535763275	771,763847030736	1	1121,11646423673	771,763847030736
137	871,288998326241	782,843456745391	1	1128,71100167376	782,843456745391
152	875,947117246049	777,910354113001	1	1124,05288275395	777,910354113001
180	873,822667651953	781,082568954568	1	1126,17733234805	781,082568954568
197	870,269405846222	783,389360838793	1	1129,73059415378	783,389360838793
207	872,664183199999	776,150971427095	1	1127,3358168	776,150971427095
225	879,328966899564	767,477320915283	1	1120,67103310044	767,477320915283
238	882,982852542107	753,742411728169	1	1117,01714745789	753,742411728169
255	882,365297107255	746,447521149454	1	1117,63470289274	746,447521149454
270	880,728855170876	750,769427129873	1	1119,27114482912	750,769427129873
286	881,09455585556	748,885554456784	1	1118,90544414444	748,885554456784
298	880,991392761127	746,025156351565	1	1119,00860723887	746,025156351565
346	878,692334274592	754,207216422695	1	1121,30766572541	754,207216422695
348	876,390047718658	761,825937321792	1	1123,60995228134	761,825937321792
371	877,140877171691	754,795903827119	1	1122,85912282831	754,795903827119
383	868,548336165633	755,179331707464	1	1131,45166383437	755,179331707464
392	867,902967564909	755,428819473052	1	1132,09703243509	755,428819473052
408	867,437224703348	751,259370782202	1	1132,56277529665	751,259370782202
421	869,939747097894	751,741272483151	1	1130,06025290211	751,741272483151
434	870,734685290048	749,701504836606	1	1129,26531470995	749,701504836606
448	870,141325173326	744,251377950873	1	1129,85867482667	744,251377950873
479	863,321998932886	751,839193949068	1	1136,67800106711	751,839193949068
495	859,441339901309	760,041021952903	1	1140,55866009869	760,041021952903
510	835,256106340929	771,255687864935	1	1164,74389365907	771,255687864935
530	784,522343311363	809,877984377744	1	1215,47765668864	809,877984377744
548	757,101971601969	812,006861531715	1	1242,89802839803	812,006861531715
577	751,24810561539	812,094501477681	1	1248,75189438461	812,094501477681
579	744,53629575382	812,690384148479	1	1255,46370424618	812,690384148479
595	744,209544106055	800,343803854724	1	1255,79045589395	800,343803854724
607	743,993997097377	793,485697917841	1	1256,00600290262	793,485697917841
633	740,241701759564	789,066863407763	1	1259,75829824044	789,066863407763
646	741,508722768318	788,761759793175	1	1258,49127723168	788,761759793175
658	741,607945691608	776,933617553481	1	1258,39205430839	776,933617553481
673	745,266538054141	764,31947970617	1	1254,73346194586	764,31947970617
695	750,523735877499	763,056298956804	1	1249,4762641225	763,056298956804
709	752,183420063218	761,374585646689	1	1247,81657993678	761,374585646689
719	753,118173842497	761,210533330417	1	1246,8818261575	761,210533330417
738	750,753358308625	761,239234077788	1	1249,24664169138	761,239234077788
749	751,178952249385	759,61061296398	1	1248,82104775061	759,61061296398
780	750,809323451613	760,30102299581	1	1249,19067654839	760,30102299581
795	757,883871974044	776,96261992201	1	1242,11612802596	776,96261992201
814	764,142390959664	783,368912012678	1	1235,85760904034	783,368912012678
827	767,447755816874	793,200538339877	1	1232,55224418313	793,200538339877
848	766,007720360422	785,702330908601	1	1233,99227963958	785,702330908601
862	762,909075493914	769,819614491254	1	1237,09092450609	769,819614491254
877	764,43239372203	762,00984910173	1	1235,56760627797	762,00984910173
888	773,333821719156	759,171392087143	1	1226,66617828084	759,171392087143
904	791,092057205861	752,741660837891	1	1208,90794279414	752,741660837891
927	801,384473049366	745,821700699108	1	1198,61552695063	745,821700699108
945	818,142318568162	733,349647782337	1	1181,85768143184	733,349647782337
964	829,660732161179	730,626019205812	1	1170,33926783882	730,626019205812
976	852,078829158041	716,903342069019	1	1147,92117084196	716,903342069019
1000	862,026076670559	685,333114869703	1	1137,97392332944	685,333114869703
1022	871,712044241752	665,027179197313	1	1128,28795575825	665,027179197313
1065	876,631652119604	661,438840300963	1	1123,3683478804	661,438840300963
1066	880,64189737466	657,176255928779	1	1119,35810262534	657,176255928779
1068	868,427497704934	639,876698860725	1	1131,57250229507	639,876698860725
1086	877,980581494263	640,110713972668	1	1122,01941850574	640,110713972668
1098	876,649281411047	638,657238123675	1	1123,35071858895	638,657238123675
1111	873,594914448301	638,803791765097	1	1126,4050855517	638,803791765097
1127	863,864375891025	634,440229271374	1	1136,13562410898	634,440229271374
1144	884,725862739541	634,090145957841	1	1115,27413726046	634,090145957841
1154	876,913745145819	637,978400074374	1	1123,08625485418	637,978400074374
1172	871,824789385182	633,055674892821	1	1128,17521061482	633,055674892821
1183	882,523021983372	625,250207635032	1	1117,47697801663	625,250207635032
1197	878,975496144364	621,586216482942	1	1121,02450385564	621,586216482942
1233	879,829691043345	616,9905902731	1	1120,17030895666	616,9905902731
1246	876,763478157003	606,273200643775	1	1123,236521843	606,273200643775
1261	853,699320314739	568,123351239332	1	1146,30067968526	568,123351239332
1277	853,177844876485	574,123039798701	1	1146,82215512352	574,123039798701
1287	847,617119460429	563,386213368631	1	1152,38288053957	563,386213368631
1308	852,394420691362	581,13572284161	1	1147,60557930864	581,13572284161
1321	853,790783278124	588,415720432016	1	1146,20921672188	588,415720432016
1335	860,00052708452	600,310498149372	1	1139,99947291548	600,310498149372
1350	862,493216972066	594,24012004914	1	1137,50678302793	594,24012004914
1379	872,803213578146	575,795766588246	1	1127,19678642185	575,795766588246
1394	868,114644816233	582,586620436123	1	1131,88535518377	582,586620436123
1412	878,056045395445	509,041614199816	1	1121,94395460456	509,041614199816
1428	865,680672259539	493,081817730399	1	1134,31932774046	493,081817730399
1438	855,397224028142	497,750759521241	1	1144,60277597186	497,750759521241
1455	852,726372941432	493,617598622677	1	1147,27362705857	493,617598622677
1468	848,82579011647	491,303891734952	1	1151,17420988353	491,303891734952
1489	845,441066176957	504,352505642462	1	1154,55893382304	504,352505642462
1515	846,844169802987	504,498906937207	1	1153,15583019701	504,498906937207
1533	842,897087598085	496,147258512368	1	1157,10291240192	496,147258512368
1545	844,566618186432	495,381260874891	1	1155,43338181357	495,381260874891
1558	847,016944138244	484,421545282859	1	1152,98305586176	484,421545282859
1576	846,175217515727	482,317177574777	1	1153,82478248427	482,317177574777
1592	849,520305805572	480,480036206679	1	1150,47969419443	480,480036206679
1603	860,815773285736	473,240508016025	1	1139,18422671426	473,240508016025
1619	855,658529481921	475,533476884716	1	1144,34147051808	475,533476884716
1639	860,958091017259	472,562296801312	1	1139,04190898274	472,562296801312
1650	867,417629619715	464,814749364406	1	1132,58237038028	464,814749364406
1684	843,780436839324	473,251659832389	1	1156,21956316068	473,251659832389
1694	835,36156554814	448,802126548122	1	1164,63843445186	448,802126548122
1711	866,69474793639	392,34755226872	1	1133,30525206361	392,34755226872
1725	868,004900350909	388,420850775221	1	1131,99509964909	388,420850775221
1740	895,705711745189	318,829960446242	1	1104,29428825481	318,829960446242
1755	913,466277732967	263,442912358507	1	1086,53372226703	263,442912358507
1771	936,73900587958	236,14180502334	1	1063,26099412042	236,14180502334
1783	943,453159737218	192,82309214474	1	1056,54684026278	192,82309214474
1799	952,031918194515	183,637881008343	1	1047,96808180549	183,637881008343
1829	975,809787092005	166,118616497234	1	1024,190212908	166,118616497234
1842	977,339435711349	162,444104891846	1	1022,66056428865	162,444104891846
1858	981,678682401977	160,412902329422	1	1018,32131759802	160,412902329422
1870	971,423810270153	141,944293765978	0			1028,57618972985	141,944293765978
1886	974,5081339297	157,288474837684	1	1025,4918660703	157,288474837684
1905	969,253661983422	167,6936735091	1	1030,74633801658	167,6936735091
1919	964,438924923598	167,02688714404	1	1035,5610750764	167,02688714404
1937	953,677242254292	118,604729588368	0			1046,32275774571	118,604729588368
1957	952,028366507739	112,770576423178	0			1047,97163349226	112,770576423178
1981	948,80941687428	95,8695919519039	0			1051,19058312572	95,8695919519039
1993	976,457150527512	119,213928335086	0			1023,54284947249	119,213928335086
2024	981,78464299023	147,203063670262	0			1018,21535700977	147,203063670262
2040	977,804153757157	168,668942548934	1	1022,19584624284	168,668942548934
2051	956,201641974528	156,684834548591	1	1043,79835802547	156,684834548591
2072	944,838853781174	144,943777926968	0			1055,16114621883	144,943777926968
2083	889,376105778882	135,331837799877	0			1110,62389422112	135,331837799877
2095	889,146720182056	100,877214209578	0			1110,85327981794	100,877214209578
2130	860,38172736148	117,02048980178	0			1139,61827263852	117,02048980178
2141	870,40086867441	83,168680726507	0			1129,59913132559	83,168680726507
2158	854,36876070874	81,3683757801528	0			1145,63123929126	81,3683757801528
2175	833,006165276774	61,8000768032355	0			1166,99383472323	61,8000768032355
2188	824,520320206333	85,202797544651	0			1175,47967979367	85,202797544651
2201	839,30520013753	79,4398590557495	0			1160,69479986247	79,4398590557495
2219	832,507453273306	27,9551012601821	0			1167,49254672669	27,9551012601821
2232	831,145128891682	36,6817184497446	0			1168,85487110832	36,6817184497446
2249	828,168923936647	49,1984096902785	0			1171,83107606335	49,1984096902785
2277	818,877162411508	39,4955130461344	0			1181,12283758849	39,4955130461344
2291	826,559015727297	41,7271189366123	0			1173,4409842727	41,7271189366123
2311	823,943521199448	23,917890212529	0			1176,05647880055	23,917890212529
2326	824,289803550059	19,5937091797243	0			1175,71019644994	19,5937091797243
2345	826,040462469573	24,0672475776445	0			1173,95953753043	24,0672475776445
2358	833,694571117846	41,8955002027059	0			1166,30542888215	41,8955002027059
2366	832,390070840451	25,2214279164602	0			1167,60992915955	25,2214279164602
2417	829,532202925327	10,6371204743434	0			1170,46779707467	10,6371204743434
2436	822,068894827148	59,7201092167761	0			1177,93110517285	59,7201092167761
2446	822,906538883904	58,0429444155448	0			1177,0934611161	58,0429444155448
2457	813,541047725068	67,4937657925503	0			1186,45895227493	67,4937657925503
2483	814,559853290013	73,2219150814921	0			1185,44014670999	73,2219150814921
2490	815,20052837909	79,9613865190798	0			1184,79947162091	79,9613865190798
2506	812,008589292623	66,916390525954	0			1187,99141070738	66,916390525954
2518	815,258237810656	63,3081024423349	0			1184,74176218934	63,3081024423349
2533	813,089253181427	61,9849742264114	0			1186,91074681857	61,9849742264114
2550	807,946659019346	42,8904293699171	0			1192,05334098065	42,8904293699171
2579	792,512317865722	110,208285960943	0			1207,48768213428	110,208285960943
2592	807,19751900768	109,855766707074	0			1192,80248099232	109,855766707074
2610	800,050205818436	197,400594612449	1	1199,94979418156	197,400594612449
2623	798,54255093233	230,102468198247	1	1201,45744906767	230,102468198247
2637	793,918357861676	310,277039685037	1	1206,08164213832	310,277039685037
2655	794,288034322542	316,434580914706	1	1205,71196567746	316,434580914706
2669	807,134735057589	371,340552711508	1	1192,86526494241	371,340552711508
2683	804,71100453277	374,414123914017	1	1195,28899546723	374,414123914017
2699	799,185656829304	382,568988571604	1	1200,8143431707	382,568988571604
2727	790,711224252193	377,678196304036	1	1209,28877574781	377,678196304036
2747	795,232549428034	378,983904479732	1	1204,76745057197	378,983904479732
2761	808,736469717528	406,709997992354	1	1191,26353028247	406,709997992354
2774	803,919317231167	406,93348487355	1	1196,08068276883	406,93348487355
2789	808,687853414958	409,211090209489	1	1191,31214658504	409,211090209489
2803	808,328710606263	377,19395316564	1	1191,67128939374	377,19395316564
2818	809,865640286259	374,144505481154	1	1190,13435971374	374,144505481154
2836	810,584862321489	377,473791148767	1	1189,41513767851	377,473791148767
2862	812,199827933257	383,093169543961	1	1187,80017206674	383,093169543961
2892	807,296436790515	373,16330696124	1	1192,70356320948	373,16330696124
2916	808,890992545006	372,568728547325	1	1191,10900745499	372,568728547325
2918	805,416714648245	371,764224491898	1	1194,58328535176	371,764224491898
2928	801,388492814008	371,2525194445	1	1198,61150718599	371,2525194445
2941	793,433473352272	366,645808918247	1	1206,56652664773	366,645808918247
2953	784,693913188176	374,086145707258	1	1215,30608681182	374,086145707258
2975	790,036452617582	371,926110309	1	1209,96354738242	371,926110309
2986	800,039827535801	372,269398447911	1	1199,9601724642	372,269398447911
2997	815,605637016668	383,630063785848	1	1184,39436298333	383,630063785848
3030	846,625679676133	399,911273184769	1	1153,37432032387	399,911273184769
3042	862,420485461799	419,707810621077	1	1137,5795145382	419,707810621077
3059	866,031558089687	436,497804684274	1	1133,96844191031	436,497804684274
3072	907,091434453505	478,554240684438	1	1092,90856554649	478,554240684438
3089	940,694346540994	525,045923959382	1	1059,30565345901	525,045923959382
3102	941,309933969955	529,776632494358	1	1058,69006603004	529,776632494358
3120	949,821676074186	520,561567910662	1	1050,17832392581	520,561567910662
3132	947,762174055596	523,878309565641	1	1052,2378259444	523,878309565641
3149	949,482277539619	529,685160293588	1	1050,51772246038	529,685160293588
3182	946,091462852678	504,961272530127	1	1053,90853714732	504,961272530127
3195	945,351157670211	504,008012811184	1	1054,64884232979	504,008012811184
3210	945,298401141448	505,865821661436	1	1054,70159885855	505,865821661436
3224	943,529193163267	527,637564041466	1	1056,47080683673	527,637564041466
3241	946,23256906899	544,179147304125	1	1053,76743093101	544,179147304125
3255	949,081348029332	548,162071431393	1	1050,91865197067	548,162071431393
3268	948,661521202322	543,037586211561	1	1051,33847879768	543,037586211561
3284	954,81191797163	544,737692955549	1	1045,18808202837	544,737692955549
3307	949,727929836406	554,344067717574	1	1050,27207016359	554,344067717574
3333	947,768298401001	547,841652754014	1	1052,231701599	547,841652754014
3358	939,416373332593	552,331462096134	1	1060,58362666741	552,331462096134
3372	932,354718883996	559,621927341624	1	1067,645281116	559,621927341624
3384	932,503426188904	560,182671111769	1	1067,4965738111	560,182671111769
3394	933,763543688316	562,427543009638	1	1066,23645631168	562,427543009638
3416	939,17289595605	589,795475980424	1	1060,82710404395	589,795475980424
3426	940,48999849144	596,591643267522	1	1059,51000150856	596,591643267522
3442	941,483675346191	600,74071481556	1	1058,51632465381	600,74071481556
3453	943,371394990324	600,418028159058	1	1056,62860500968	600,418028159058
3479	942,048980380654	587,812911870492	1	1057,95101961935	587,812911870492
3493	943,32654274175	558,763188961907	1	1056,67345725825	558,763188961907
3511	947,512150260766	544,50907293642	1	1052,48784973923	544,50907293642
3526	948,467609918854	541,02248569388	1	1051,53239008115	541,02248569388
3537	946,918077778282	543,713986686717	1	1053,08192222172	543,713986686717
3557	950,30491681112	551,186160631721	1	1049,69508318888	551,186160631721
3569	954,176660447914	568,849643439747	1	1045,82333955209	568,849643439747
3582	950,047795660834	562,051806155963	1	1049,95220433917	562,051806155963
3600	946,939906530793	559,439050254015	1	1053,06009346921	559,439050254015
3629	940,36290437118	567,974356923802	1	1059,63709562882	567,974356923802
3646	942,832064433808	557,557811613182	1	1057,16793556619	557,557811613182
3660	942,803641527424	550,279284239126	1	1057,19635847258	550,279284239126
3672	949,691021831267	526,357249995958	1	1050,30897816873	526,357249995958
3693	953,328336408139	514,304645528524	1	1046,67166359186	514,304645528524
3707	954,822447625413	482,802509209944	1	1045,17755237459	482,802509209944
3724	954,340094318993	488,61971569946	1	1045,65990568101	488,61971569946
3742	952,29842597455	475,460984736121	1	1047,70157402545	475,460984736121
3755	933,597083325643	435,429883905837	1	1066,40291667436	435,429883905837
3785	931,58354576834	448,97019074064	1	1068,41645423166	448,97019074064
3798	928,412265350604	442,746895630805	1	1071,5877346494	442,746895630805
3823	934,664440009809	440,640113145883	1	1065,33555999019	440,640113145883
3838	938,658702835415	450,031721994333	1	1061,34129716459	450,031721994333
3844	938,115925074767	446,493761839883	1	1061,88407492523	446,493761839883
3856	937,083664981137	450,951562289941	1	1062,91633501886	450,951562289941
3870	928,607618317704	437,985793471195	1	1071,3923816823	437,985793471195
3884	928,627118430356	434,229323724555	1	1071,37288156964	434,229323724555
3896	925,049926256451	431,870998128056	1	1074,95007374355	431,870998128056
3932	924,495522039107	395,564787324444	1	1075,50447796089	395,564787324444
3941	912,409712208216	396,045318588425	1	1087,59028779178	396,045318588425
3966	919,043868389004	397,110102476586	1	1080,956131611	397,110102476586
3977	918,857243947035	402,595425406956	1	1081,14275605297	402,595425406956
3990	919,508856471521	401,336623461345	1	1080,49114352848	401,336623461345
4002	910,422068113676	414,054642418513	1	1089,57793188632	414,054642418513
4020	910,027584998175	429,588225780419	1	1089,97241500183	429,588225780419
4033	911,901825255908	443,105116325422	1	1088,09817474409	443,105116325422
4049	903,14141907493	431,7844957972	1	1096,85858092507	431,7844957972
4079	897,635588300791	476,80523114993	1	1102,36441169921	476,80523114993
4094	888,107250503977	485,279762795117	1	1111,89274949602	485,279762795117
4112	880,15353175967	489,274638100067	1	1119,84646824033	489,274638100067
4125	854,227732106308	563,600818689031	1	1145,77226789369	563,600818689031
4139	855,574863942077	563,255372070743	1	1144,42513605792	563,255372070743
4157	857,641016047429	572,045100397257	1	1142,35898395257	572,045100397257
4168	857,004166109282	576,235159109937	1	1142,99583389072	576,235159109937
4187	869,522363355159	590,379667387647	1	1130,47763664484	590,379667387647
4201	874,306704824192	599,775374717892	1	1125,69329517581	599,775374717892
4234	875,963360317198	601,142231434833	1	1124,0366396828	601,142231434833
4250	873,154406425946	594,352405947559	1	1126,84559357405	594,352405947559
4275	870,639906763362	588,738540714491	1	1129,36009323664	588,738540714491
4297	851,190103365929	558,725978930448	1	1148,80989663407	558,725978930448
4302	854,233056281856	550,110531021362	1	1145,76694371814	550,110531021362
4305	855,773070893068	545,204436044366	1	1144,22692910693	545,204436044366
4320	863,018365726422	549,124679145462	1	1136,98163427358	549,124679145462
4335	863,99818904865	545,07370825919	1	1136,00181095135	545,07370825919
4348	865,679124604242	577,731821645703	1	1134,32087539576	577,731821645703
4381	872,248860225622	595,016338188203	1	1127,75113977438	595,016338188203
4395	876,683923311099	597,15038115439	1	1123,3160766889	597,15038115439
4409	878,710661207169	590,478119742492	1	1121,28933879283	590,478119742492
4427	861,109121381057	577,848310971073	1	1138,89087861894	577,848310971073
4436	877,791681792364	587,032505451842	1	1122,20831820764	587,032505451842
4457	864,2230092083	570,626243833737	1	1135,7769907917	570,626243833737
4470	862,900978273186	567,374511073101	1	1137,09902172681	567,374511073101
4486	857,015273445496	549,127190518436	1	1142,9847265545	549,127190518436
4501	844,954668701951	499,548793742354	1	1155,04533129805	499,548793742354
4528	840,980716059673	476,25368091671	1	1159,01928394033	476,25368091671
4545	839,989819809407	476,810012797369	1	1160,01018019059	476,810012797369
4558	839,007700172465	473,926564976348	1	1160,99229982753	473,926564976348
4572	838,458109577068	482,123866013376	1	1161,54189042293	482,123866013376
4589	844,616385744595	498,742597277958	1	1155,38361425541	498,742597277958
4605	842,658342451688	499,825703220964	1	1157,34165754831	499,825703220964
4621	849,167147706419	479,812417868124	1	1150,83285229358	479,812417868124
4635	852,255203462082	471,818895993391	1	1147,74479653792	471,818895993391
4650	851,516112783266	469,192550306345	1	1148,48388721673	469,192550306345
4681	849,046569386728	456,682509689988	1	1150,95343061327	456,682509689988
4694	838,363954172986	435,824384421821	1	1161,63604582701	435,824384421821
4707	838,699516438899	449,883900697072	1	1161,3004835611	449,883900697072
4740	843,584326514402	452,445542756504	1	1156,4156734856	452,445542756504
4768	854,991120026518	464,095544779469	1	1145,00887997348	464,095544779469
4781	859,170752288149	468,768378678747	1	1140,82924771185	468,768378678747
4787	858,576689440373	470,820641201549	1	1141,42331055963	470,820641201549
4793	857,535107695992	469,673138796443	1	1142,46489230401	469,673138796443
4805	867,19040485254	485,147359093193	1	1132,80959514746	485,147359093193
4831	872,498079700419	438,920500172108	1	1127,50192029958	438,920500172108
4842	872,232080852909	454,309783490891	1	1127,76791914709	454,309783490891
4859	839,488814319313	469,134386282356	1	1160,51118568069	469,134386282356
4876	810,634931527259	481,454945293892	1	1189,36506847274	481,454945293892
4889	807,608411883178	482,484884897021	1	1192,39158811682	482,484884897021
4906	810,632402631338	482,83079500465	1	1189,36759736866	482,83079500465
4921	799,82535362443	496,593016031832	1	1200,17464637557	496,593016031832
4935	798,910879178772	502,619639566622	1	1201,08912082123	502,619639566622
4953	791,762120794925	500,847654123101	1	1208,23787920508	500,847654123101
4981	793,170188593224	497,55774399234	1	1206,82981140678	497,55774399234
4992	793,912371637284	497,570560664889	1	1206,08762836272	497,570560664889
5012	795,555542243446	499,978410782936	1	1204,44445775655	499,978410782936
5024	796,206504218434	501,552094618771	1	1203,79349578157	501,552094618771
5040	797,952837673238	504,263946805939	1	1202,04716232676	504,263946805939
5054	798,928652388403	508,546226580918	1	1201,0713476116	508,546226580918
5066	802,346658309365	506,485588213264	1	1197,65334169064	506,485588213264
5087	811,380572152403	522,851977069191	1	1188,6194278476	522,851977069191
5098	814,708621793352	519,708565316783	1	1185,29137820665	519,708565316783
5131	817,190964751289	492,241835318444	1	1182,80903524871	492,241835318444
5145	814,579116535152	494,411461116872	1	1185,42088346485	494,411461116872
5159	818,693159196097	501,936743114947	1	1181,3068408039	501,936743114947
5176	819,804738732324	503,965549197083	1	1180,19526126768	503,965549197083
5200	819,116717803796	493,053237780928	1	1180,8832821962	493,053237780928
5212	818,20457724532	492,954980038562	1	1181,79542275468	492,954980038562
5231	816,201625923462	487,470933252301	1	1183,79837407654	487,470933252301
5241	815,375617778776	482,97776266344	1	1184,62438222122	482,97776266344
5256	817,35903701816	483,416402742595	1	1182,64096298184	483,416402742595
5283	814,362924692577	478,329679230275	1	1185,63707530742	478,329679230275
5294	811,054780855404	470,021311301874	1	1188,9452191446	470,021311301874
5311	804,950543374489	468,753365796424	1	1195,04945662551	468,753365796424
5325	802,214215353754	467,025800404764	1	1197,78578464625	467,025800404764
5339	801,452742011155	465,446309128209	1	1198,54725798884	465,446309128209
5355	800,210162131096	466,462014755342	1	1199,7898378689	466,462014755342
5373	797,793546150962	466,067913248407	1	1202,20645384904	466,067913248407
5386	796,755750559564	474,003303036176	1	1203,24424944044	474,003303036176
5402	800,540732154865	482,50415342024	1	1199,45926784513	482,50415342024
5427	805,762972252703	499,905806567653	1	1194,2370277473	499,905806567653
5444	803,468457526932	493,608702201441	1	1196,53154247307	493,608702201441
5463	790,156202826035	492,580272134924	1	1209,84379717396	492,580272134924
5474	787,665442453384	495,478668858346	1	1212,33455754662	495,478668858346
5490	792,517315659876	493,957681420317	1	1207,48268434012	493,957681420317
5502	790,458151655459	493,037626941859	1	1209,54184834454	493,037626941859
5518	793,667731904261	490,682022595878	1	1206,33226809574	490,682022595878
5534	801,476368871151	494,327302209249	1	1198,52363112885	494,327302209249
5550	805,629054826863	495,247433064854	1	1194,37094517314	495,247433064854
5583	810,001330877911	492,705122946855	1	1189,99866912209	492,705122946855
5596	811,592308820969	501,116464239469	1	1188,40769117903	501,116464239469
5607	813,044842844806	514,253030206671	1	1186,95515715519	514,253030206671
5628	806,987561339504	517,783920617715	1	1193,0124386605	517,783920617715
5660	807,713761487094	516,298622948188	1	1192,28623851291	516,298622948188
5663	807,868223162473	504,842473594734	1	1192,13177683753	504,842473594734
5684	810,867908760812	498,670986444276	1	1189,13209123919	498,670986444276
5697	810,238119105606	497,690888173542	1	1189,76188089439	497,690888173542
5700	810,031068340156	496,998659095744	1	1189,96893165984	496,998659095744
5730	815,194849638364	484,41645498155	1	1184,80515036164	484,41645498155
5743	817,693988643246	481,880782019037	1	1182,30601135675	481,880782019037
5757	812,99846493322	489,104478971699	1	1187,00153506678	489,104478971699
5781	812,333203660135	488,74970411388	1	1187,66679633986	488,74970411388
5791	808,841690606437	481,547488988328	1	1191,15830939356	481,547488988328
5808	806,05134031661	472,891005540149	1	1193,94865968339	472,891005540149
5819	811,848416508789	475,524817379073	1	1188,15158349121	475,524817379073
5832	813,755077731641	477,310225407906	1	1186,24492226836	477,310225407906
5849	817,603534927389	485,526530388371	1	1182,39646507261	485,526530388371
5878	809,682133968203	473,594024958721	1	1190,3178660318	473,594024958721
5893	814,921979787418	482,626642947808	1	1185,07802021258	482,626642947808
5912	818,016128134123	473,582270509469	1	1181,98387186588	473,582270509469
5925	817,159552829982	468,859365239203	1	1182,84044717002	468,859365239203
5938	818,054115641953	469,5979770573	1	1181,94588435805	469,5979770573
5958	815,84751087333	468,214165575686	1	1184,15248912667	468,214165575686
5967	817,796130614072	459,844101206001	1	1182,20386938593	459,844101206001
5988	812,511555114847	461,445838098764	1	1187,48844488515	461,445838098764
6004	811,228830717545	462,46344944675	1	1188,77116928246	462,46344944675
6031	811,851709707726	463,135470937671	1	1188,14829029227	463,135470937671
6044	811,166859949314	461,383340130596	1	1188,83314005069	461,383340130596
6057	813,053861346536	461,708314067159	1	1186,94613865346	461,708314067159
6076	815,270384262081	462,781095937309	1	1184,72961573792	462,781095937309
6090	822,10084727487	460,239281633842	1	1177,89915272513	460,239281633842
6105	822,969805731739	458,977278887592	1	1177,03019426826	458,977278887592
6122	820,983370682291	475,128085563174	1	1179,01662931771	475,128085563174
6137	823,43028112673	470,371519500223	1	1176,56971887327	470,371519500223
6153	826,359272535651	460,040039700209	1	1173,64072746435	460,040039700209
6179	825,214049567959	449,480494825188	1	1174,78595043204	449,480494825188
6190	825,414183497294	425,656435224309	1	1174,58581650271	425,656435224309
6210	828,593982974304	423,1276150093	1	1171,4060170257	423,1276150093
6225	824,478577134936	413,775213600519	1	1175,52142286506	413,775213600519
6238	818,722136505463	427,122360817496	1	1181,27786349454	427,122360817496
6255	820,648801472306	426,958363914147	1	1179,35119852769	426,958363914147
6269	826,286645194058	432,648419273884	1	1173,71335480594	432,648419273884
6286	821,838802780134	433,75940509466	1	1178,16119721987	433,75940509466
6298	820,538365407521	435,054508506916	1	1179,46163459248	435,054508506916
6327	826,793358158286	450,891120146531	1	1173,20664184171	450,891120146531
6345	825,963459903274	449,138225861665	1	1174,03654009673	449,138225861665
6363	825,891137229073	448,53286890737	1	1174,10886277093	448,53286890737
6374	827,336607890587	441,995676141457	1	1172,66339210941	441,995676141457
6392	827,101137148925	447,32588510482	1	1172,89886285107	447,32588510482
6406	829,191583406979	431,333312578645	1	1170,80841659302	431,333312578645
6419	829,255180297731	426,794709525674	1	1170,74481970227	426,794709525674
6435	828,63075836682	431,784496058799	1	1171,36924163318	431,784496058799
6451	822,313048725358	449,324450212188	1	1177,68695127464	449,324450212188
6479	817,924244569847	420,4383376319	1	1182,07575543015	420,4383376319
6494	824,794357499503	418,0591758247	1	1175,2056425005	418,0591758247
6507	824,179163737273	434,664790464673	1	1175,82083626273	434,664790464673
6521	822,507796564656	422,336840207395	1	1177,49220343534	422,336840207395
6538	822,558131275419	416,642081486672	1	1177,44186872458	416,642081486672
6555	845,889509711378	390,069340476536	1	1154,11049028862	390,069340476536
6599	845,136473602987	389,414748566493	1	1154,86352639701	389,414748566493
6620	852,520482059112	393,362502341167	1	1147,47951794089	393,362502341167
6632	819,141516460915	399,212360294981	1	1180,85848353909	399,212360294981
6642	819,243079215397	401,271980605449	1	1180,7569207846	401,271980605449
6658	814,690070883114	397,535285530407	1	1185,30992911689	397,535285530407
6675	812,234909956446	392,371808193441	1	1187,76509004355	392,371808193441
6690	820,441078413805	386,380254767849	1	1179,5589215862	386,380254767849
6705	834,549930144222	372,675366779954	1	1165,45006985578	372,675366779954
6720	848,318034530143	346,453996267838	1	1151,68196546986	346,453996267838
6731	857,544360989483	326,647614359014	1	1142,45563901052	326,647614359014
6750	857,386400828442	305,995984539004	1	1142,61359917156	305,995984539004
6781	867,673915626765	297,935365648613	1	1132,32608437324	297,935365648613
6792	864,821172459845	291,041621505854	1	1135,17882754016	291,041621505854
6813	855,949806159625	285,33616461888	1	1144,05019384037	285,33616461888
6824	854,233723748335	293,229025574807	1	1145,76627625167	293,229025574807
6839	860,574368478348	299,97114969931	1	1139,42563152165	299,97114969931
6853	864,274683546989	295,814921709882	1	1135,72531645301	295,814921709882
6867	862,203035720251	291,096321477466	1	1137,79696427975	291,096321477466
6886	866,240881150739	287,650501986633	1	1133,75911884926	287,650501986633
6900	866,483080908265	297,378022228288	1	1133,51691909174	297,378022228288
6928	836,330632676306	283,406287461684	1	1163,66936732369	283,406287461684
6944	833,858933536704	283,113461360645	1	1166,1410664633	283,113461360645
6956	858,451153859556	303,368634762236	1	1141,54884614044	303,368634762236
6973	861,88970029541	305,569431636869	1	1138,11029970459	305,569431636869
6986	857,786723401751	295,592698434922	1	1142,21327659825	295,592698434922
7006	852,087512710152	323,195620720796	1	1147,91248728985	323,195620720796
7022	841,288857037991	308,804696262839	1	1158,71114296201	308,804696262839
7038	845,349210493836	303,774575523249	1	1154,65078950616	303,774575523249
7049	843,456748820158	322,56103126692	1	1156,54325117984	322,56103126692
7084	847,015108216858	324,316369104546	1	1152,98489178314	324,316369104546
7095	850,542873439953	304,901359785089	1	1149,45712656005	304,901359785089
7113	852,686643374152	314,480107390355	1	1147,31335662585	314,480107390355
7126	853,07660758983	311,769017328171	1	1146,92339241017	311,769017328171
7142	851,965492615863	288,480599199364	1	1148,03450738414	288,480599199364
7157	854,025606193846	303,814816978937	1	1145,97439380615	303,814816978937
7170	858,03075894683	305,095534810999	1	1141,96924105317	305,095534810999
7183	865,874091808406	315,811933300343	1	1134,12590819159	315,811933300343
7200	866,114928059289	318,324663714253	1	1133,88507194071	318,324663714253
7227	867,886867848401	322,822130788668	1	1132,1131321516	322,822130788668
7244	859,19862385249	321,373107004795	1	1140,80137614751	321,373107004795
7262	852,095166706234	312,57134691589	1	1147,90483329377	312,57134691589
7275	847,188432711384	310,694574742337	1	1152,81156728862	310,694574742337
7293	847,717449873017	311,839320793308	1	1152,28255012698	311,839320793308
7305	860,267375471136	338,889722994318	1	1139,73262452886	338,889722994318
7320	859,407435418338	334,016782350461	1	1140,59256458166	334,016782350461
7341	851,545062956907	313,018826680109	1	1148,45493704309	313,018826680109
7352	860,436482678364	298,03844094166	1	1139,56351732164	298,03844094166
7379	861,177811380649	296,664176213894	1	1138,82218861935	296,664176213894
7392	855,211760944473	299,518809718672	1	1144,78823905553	299,518809718672
7408	848,013174866517	307,398899122673	1	1151,98682513348	307,398899122673
7424	846,949426251325	312,719116743257	1	1153,05057374867	312,719116743257
7438	845,337714715219	309,358386134809	1	1154,66228528478	309,358386134809
7452	845,888302662964	307,909324898834	1	1154,11169733704	307,909324898834
7469	850,559904234488	313,112205881662	1	1149,44009576551	313,112205881662
7485	849,757372457076	312,021129720167	1	1150,24262754292	312,021129720167
7500	863,104229020793	319,43125326072	1	1136,89577097921	319,43125326072
7534	862,314118843775	302,27986360686	1	1137,68588115623	302,27986360686
7546	857,535066997264	303,247835621496	1	1142,46493300274	303,247835621496
7559	851,916429435033	299,431612457837	1	1148,08357056497	299,431612457837
7573	850,787051115072	282,04064698978	1	1149,21294888493	282,04064698978
7587	850,728233958821	284,437353466403	1	1149,27176604118	284,437353466403
7604	850,588995048651	282,772366642767	1	1149,41100495135	282,772366642767
7618	850,526776865485	282,680335160696	1	1149,47322313451	282,680335160696
7634	850,511259687828	293,025313254867	1	1149,48874031217	293,025313254867
7652	851,778356724149	297,950225585193	1	1148,22164327585	297,950225585193
7680	853,936517819309	296,027591109324	1	1146,06348218069	296,027591109324
7694	855,668377820444	297,426232334023	1	1144,33162217956	297,426232334023
7709	859,455216250753	321,048333967567	1	1140,54478374925	321,048333967567
7723	861,435445079348	316,362586846568	1	1138,56455492065	316,362586846568
7740	861,673666528322	325,939165139102	1	1138,32633347168	325,939165139102
7752	860,28493319537	312,604692464045	1	1139,71506680463	312,604692464045
7771	860,393540540417	307,162894423576	1	1139,60645945958	307,162894423576
7804	858,878757256576	301,799059444654	1	1141,12124274342	301,799059444654
7830	837,159352757945	304,65038191511	1	1162,84064724205	304,65038191511
7841	841,304584234436	297,076849924734	1	1158,69541576556	297,076849924734
7860	842,21079020271	293,545868138265	1	1157,78920979729	293,545868138265
7875	848,21094452833	292,51980865166	1	1151,78905547167	292,51980865166
7888	851,872037732918	309,556707183339	1	1148,12796226708	309,556707183339
7903	858,091043934976	296,293990945045	1	1141,90895606502	296,293990945045
7920	856,685542310098	296,718034372007	1	1143,3144576899	296,718034372007
7938	853,814921138995	322,887334942233	1	1146,185078861	322,887334942233
7955	856,187560124351	313,327915046017	1	1143,81243987565	313,327915046017
7986	853,137427679266	376,687756617825	1	1146,86257232073	376,687756617825
7997	853,750969887032	353,606511492493	1	1146,24903011297	353,606511492493
8010	846,190493220738	354,772513222198	1	1153,80950677926	354,772513222198
8023	847,215153046907	367,982861058062	1	1152,78484695309	367,982861058062
8036	853,338896368672	316,867178637236	1	1146,66110363133	316,867178637236
8054	852,906766001219	317,503882481159	1	1147,09323399878	317,503882481159
8069	849,20251412773	316,09717100316	1	1150,79748587227	316,09717100316
8083	841,692090325191	280,946171345249	1	1158,30790967481	280,946171345249
8097	841,60906457403	298,944699772698	1	1158,39093542597	298,944699772698
8129	843,197799643894	297,578061138298	1	1156,80220035611	297,578061138298
8144	839,800849229385	288,648854058501	1	1160,19915077061	288,648854058501
8159	868,077153731841	337,077559799315	1	1131,92284626816	337,077559799315
8175	862,227789702076	308,103171532066	1	1137,77221029792	308,103171532066
8188	864,062816734543	312,84344853494	1	1135,93718326546	312,84344853494
8209	868,771202726533	335,557433735792	1	1131,22879727347	335,557433735792
8218	867,770070607231	333,588101245885	1	1132,22992939277	333,588101245885
8233	868,416576633615	348,210072357152	1	1131,58342336639	348,210072357152
8247	872,254082461461	341,263157116826	1	1127,74591753854	341,263157116826
8281	881,32677030543	368,753889511915	1	1118,67322969457	368,753889511915
8294	875,926988950393	379,296241522334	1	1124,07301104961	379,296241522334
8306	873,650864544294	369,808235357514	1	1126,34913545571	369,808235357514
8324	870,302361293355	366,199878916723	1	1129,69763870664	366,199878916723
8337	875,97670466054	380,395113624665	1	1124,02329533946	380,395113624665
8351	861,648680509749	334,451838536391	1	1138,35131949025	334,451838536391
8374	860,301383339757	345,806575493797	1	1139,69861666024	345,806575493797
8388	856,818015989274	360,92237779741	1	1143,18198401073	360,92237779741
8418	862,523418404676	342,34694685093	1	1137,47658159532	342,34694685093
8432	855,89456264569	349,768061897666	1	1144,10543735431	349,768061897666
8454	847,57959522855	356,254019937558	1	1152,42040477145	356,254019937558
8466	850,12264392828	362,000372067185	1	1149,87735607172	362,000372067185
8480	867,081668804488	355,188275217354	1	1132,91833119551	355,188275217354
8490	869,984353785983	351,206812178582	1	1130,01564621402	351,206812178582
8505	861,609025051487	334,359628423023	1	1138,39097494851	334,359628423023
8518	865,647888486284	341,204860206129	1	1134,35211151372	341,204860206129
8534	861,150379158507	332,617305493383	1	1138,84962084149	332,617305493383
8550	846,628153988738	344,728509739924	1	1153,37184601126	344,728509739924
8577	835,3111208956	337,213779007924	1	1164,6888791044	337,213779007924
8594	832,471896099149	344,440344033983	1	1167,52810390085	344,440344033983
8609	832,959639885161	343,726366077315	1	1167,04036011484	343,726366077315
8623	859,084150880828	330,243079853724	1	1140,91584911917	330,243079853724
8638	854,954441580714	337,509251780092	1	1145,04555841929	337,509251780092
8654	856,906921928881	335,847259078546	1	1143,09307807112	335,847259078546
8668	852,267820068902	337,465189730028	1	1147,7321799311	337,465189730028
8684	842,078888070428	332,459149146496	1	1157,92111192957	332,459149146496
8700	856,252850447484	364,380999984065	1	1143,74714955252	364,380999984065
8729	857,783014174768	368,563335967187	1	1142,21698582523	368,563335967187
8746	861,343657082744	391,901860109644	1	1138,65634291726	391,901860109644
8759	851,093864020339	359,772605106043	1	1148,90613597966	359,772605106043
8778	856,430861723804	371,702922963805	1	1143,5691382762	371,702922963805
8794	861,306582559761	393,442417840514	1	1138,69341744024	393,442417840514
8804	849,728045362591	365,757418264734	1	1150,27195463741	365,757418264734
8818	858,524466719587	370,619916867162	1	1141,47553328041	370,619916867162
8833	866,60182965948	372,668701752506	1	1133,39817034052	372,668701752506
8850	895,499198682833	385,555899498309	1	1104,50080131717	385,555899498309
8886	914,840258741189	427,024409251972	1	1085,15974125881	427,024409251972
8905	897,308426464625	421,412243761693	1	1102,69157353537	421,412243761693
8915	856,320868642409	395,600194391136	1	1143,67913135759	395,600194391136
8940	842,381442111815	394,114302599519	1	1157,61855788819	394,114302599519
8950	842,000538870754	390,334669067608	1	1157,99946112925	390,334669067608
8962	845,877063357473	383,455710555941	1	1154,12293664253	383,455710555941
8974	845,276795285186	341,134293397261	1	1154,72320471481	341,134293397261
8983	844,192985996296	340,137169286807	1	1155,8070140037	340,137169286807
9000	820,525933658853	349,558810148616	1	1179,47406634115	349,558810148616
9028	822,545245398547	342,970005742372	1	1177,45475460145	342,970005742372
9043	852,226913278323	371,44516599518	1	1147,77308672168	371,44516599518
9058	828,775245406885	349,314213732	1	1171,22475459311	349,314213732
9075	825,251730154756	346,126191759377	1	1174,74826984524	346,126191759377
9088	834,682642597647	370,324167786052	1	1165,31735740235	370,324167786052
9106	880,133755547984	398,35221691251	1	1119,86624445202	398,35221691251
9118	866,954573707339	370,668585320149	1	1133,04542629266	370,668585320149
9134	873,738373019037	377,445818040779	1	1126,26162698096	377,445818040779
9154	877,761556630308	386,054079418732	1	1122,23844336969	386,054079418732
9183	868,256342333619	358,765039919402	1	1131,74365766638	358,765039919402
9194	849,644565033175	333,862748861968	1	1150,35543496682	333,862748861968
9209	849,357397579095	332,388244000657	1	1150,64260242091	332,388244000657
9223	849,92802129918	341,524890488802	1	1150,07197870082	341,524890488802
9241	845,810249314129	330,180576716608	1	1154,18975068587	330,180576716608
9252	843,557010816844	342,303183924928	1	1156,44298918316	342,303183924928
9269	854,12946746987	350,203683165217	1	1145,87053253013	350,203683165217
9284	855,79119498331	347,103793781939	1	1144,20880501669	347,103793781939
9297	856,290977059493	341,60659793627	1	1143,70902294051	341,60659793627
9328	861,539743176632	391,10739035534	1	1138,46025682337	391,10739035534
9348	865,7110147596	381,495708214516	1	1134,2889852404	381,495708214516
9363	861,104852462525	373,575914850959	1	1138,89514753748	373,575914850959
9377	856,932552360035	362,294133538907	1	1143,06744763997	362,294133538907
9389	855,688285608715	341,759391376563	1	1144,31171439129	341,759391376563
9406	855,393286404314	339,488264040261	1	1144,60671359569	339,488264040261
9421	856,423093914402	321,504052271696	1	1143,5769060856	321,504052271696
9432	857,136767623844	317,900582260346	1	1142,86323237616	317,900582260346
9452	853,402055125447	325,504170082678	1	1146,59794487455	325,504170082678
9486	780,325063611765	378,678801062614	1	1219,67493638823	378,678801062614
9655	805,390595618189	447,814915054386	1	1194,60940438181	447,814915054386
9674	788,034534145713	429,392679072566	1	1211,96546585429	429,392679072566
9720	820,23302257191	684,166825426402	1	1179,76697742809	684,166825426402
9735	829,914616275809	802,560055913711	1	1170,08538372419	802,560055913711
9748	822,158535927094	812,326704988148	1	1177,84146407291	812,326704988148
9778	784,710979770302	1027,36268104839	0			1215,2890202297	1027,36268104839
9792	795,701673500598	1035,13525536899	0			1204,2983264994	1035,13525536899
9814	799,629384521539	1037,91291677684	0			1200,37061547846	1037,91291677684
9846	801,107370492038	1038,94031848135	0			1198,89262950796	1038,94031848135
9854	801,921682123533	1039,4814493354	0			1198,07831787647	1039,4814493354
9857	802,283566670014	1039,73403501497	0			1197,71643332999	1039,73403501497
9871	803,075791213683	1040,28905545022	0			1196,92420878632	1040,28905545022
9882	802,821200505478	1039,46600671967	0			1197,17879949452	1039,46600671967
9901	800,452827363801	1033,19545866814	0			1199,5471726362	1033,19545866814
9933	788,583451111055	1027,48631793552	0			1211,41654888894	1027,48631793552
9948	788,772695743502	1027,48340884596	0			1211,2273042565	1027,48340884596
9959	790,746294502322	1028,74566385545	0			1209,25370549768	1028,74566385545
9972	789,117677343574	1027,42859535956	0			1210,88232265643	1027,42859535956
9992	789,782718849125	1026,89105930336	0			1210,21728115087	1026,89105930336
10005	790,148940543365	1027,04718037071	0			1209,85105945663	1027,04718037071
