41	800,989358500699	774,848463274722	1	1199,0106414993	774,848463274722
74	792,906818270633	765,7576088334	1	1207,09318172937	765,7576088334
82	785,086615604982	766,756289670095	1	1214,91338439502	766,756289670095
90	785,216377007591	755,550040042701	1	1214,78362299241	755,550040042701
94	784,360369056078	756,357210493051	1	1215,63963094392	756,357210493051
96	785,4926410732	756,22278066256	1	1214,5073589268	756,22278066256
101	802,062855136195	756,17663113623	1	1197,9371448638	756,17663113623
119	800,957898535874	756,324445495221	1	1199,04210146413	756,324445495221
133	803,682605391784	753,276689867764	1	1196,31739460822	753,276689867764
166	802,529275714221	741,008820930392	1	1197,47072428578	741,008820930392
185	806,063755139091	746,031913782423	1	1193,93624486091	746,031913782423
206	817,651645608466	728,855479081236	1	1182,34835439153	728,855479081236
213	814,169493583329	728,608129037934	1	1185,83050641667	728,608129037934
244	808,738546308395	731,647976431169	1	1191,26145369161	731,647976431169
250	800,458407721727	743,307296342842	1	1199,54159227827	743,307296342842
256	800,691940440001	744,114738830659	1	1199,30805956	744,114738830659
277	798,883624270184	746,334721371172	1	1201,11637572982	746,334721371172
302	801,383305257343	744,306119961991	1	1198,61669474266	744,306119961991
315	804,012757795908	745,928298080591	1	1195,98724220409	745,928298080591
340	807,168006959646	743,888965705935	1	1192,83199304035	743,888965705935
355	808,831090829171	742,482074089321	1	1191,16890917083	742,482074089321
389	812,861198068478	739,920920335424	1	1187,13880193152	739,920920335424
392	813,531762315833	739,519049016265	1	1186,46823768417	739,519049016265
396	826,158855988919	728,252239626852	1	1173,84114401108	728,252239626852
410	834,80965053188	724,710110766841	1	1165,19034946812	724,710110766841
427	839,007653546397	723,487275891996	1	1160,9923464536	723,487275891996
440	842,869863589473	721,306286339049	1	1157,13013641053	721,306286339049
471	841,996478511044	723,047376491682	1	1158,00352148896	723,047376491682
476	836,635492622266	729,120507970019	1	1163,36450737773	729,120507970019
575	833,139200223018	726,715118783919	1	1166,86079977698	726,715118783919
586	836,965704288356	726,74050481447	1	1163,03429571164	726,74050481447
596	832,712925918548	725,024432422023	1	1167,28707408145	725,024432422023
601	832,302906600645	718,235206208555	1	1167,69709339935	718,235206208555
605	827,455557500767	707,702599821847	1	1172,54444249923	707,702599821847
607	821,214745784227	710,985066762614	1	1178,78525421577	710,985066762614
611	824,075111244196	706,135623260812	1	1175,9248887558	706,135623260812
628	827,278066267861	707,261578157102	1	1172,72193373214	707,261578157102
645	820,724733580322	709,349069298144	1	1179,27526641968	709,349069298144
660	817,916989654799	709,594696515544	1	1182,0830103452	709,594696515544
675	811,280395492086	704,196702668661	1	1188,71960450791	704,196702668661
712	806,286117202779	706,690936488243	1	1193,71388279722	706,690936488243
728	808,951819150639	709,348124350053	1	1191,04818084936	709,348124350053
764	815,265026227756	712,298907807382	1	1184,73497377224	712,298907807382
781	817,731200449566	711,176723215401	1	1182,26879955043	711,176723215401
798	827,756519943548	749,495064979517	1	1172,24348005645	749,495064979517
828	831,923537690965	754,644227635171	1	1168,07646230903	754,644227635171
834	845,820636072721	769,540862169934	1	1154,17936392728	769,540862169934
843	846,124492080764	768,237540863974	1	1153,87550791924	768,237540863974
868	834,889775215526	757,462502487089	1	1165,11022478447	757,462502487089
870	832,864615175293	752,889665272139	1	1167,13538482471	752,889665272139
898	830,135970897852	746,601499818255	1	1169,86402910215	746,601499818255
914	828,975557977086	747,574739871102	1	1171,02444202291	747,574739871102
930	824,068824957271	747,59672509469	1	1175,93117504273	747,59672509469
946	825,078078601709	750,253186480105	1	1174,92192139829	750,253186480105
964	827,095571630586	761,653298971982	1	1172,90442836941	761,653298971982
979	826,02930249337	748,270114971765	1	1173,97069750663	748,270114971765
992	830,174195962352	742,072506557938	1	1169,82580403765	742,072506557938
1027	832,732769096644	741,755392100541	1	1167,26723090336	741,755392100541
1049	832,324892536577	745,020953940659	1	1167,67510746342	745,020953940659
1051	833,776517058675	739,128890210543	1	1166,22348294132	739,128890210543
1069	837,343750676252	734,619720342829	1	1162,65624932375	734,619720342829
1080	838,317908953481	735,410856710718	1	1161,68209104652	735,410856710718
1111	838,204139474246	735,07803479656	1	1161,79586052575	735,07803479656
1122	833,229828552558	728,296220541139	1	1166,77017144744	728,296220541139
1125	828,95734679266	724,068673050843	1	1171,04265320734	724,068673050843
1141	834,3681900355	722,699277342748	1	1165,6318099645	722,699277342748
1159	834,425106600739	722,043164351138	1	1165,57489339926	722,043164351138
1182	835,035321226963	719,191285079902	1	1164,96467877304	719,191285079902
1186	834,481948647553	713,958703059608	1	1165,51805135245	713,958703059608
1220	830,099073223029	723,376094831249	1	1169,90092677697	723,376094831249
1237	827,979871134409	720,443877654754	1	1172,02012886559	720,443877654754
1255	826,868230803966	716,302263695351	1	1173,13176919603	716,302263695351
1260	828,802975835296	721,10734403964	1	1171,1970241647	721,10734403964
1277	841,695052255157	723,803577181963	1	1158,30494774484	723,803577181963
1293	832,825246188872	719,691817029479	1	1167,17475381113	719,691817029479
1309	818,992228814749	717,36430997345	1	1181,00777118525	717,36430997345
1329	804,802929297004	712,756088661686	1	1195,197070703	712,756088661686
1353	662,346633142554	686,498947752187	1	1337,65336685745	686,498947752187
1370	642,837280348582	680,189425278289	1	1357,16271965142	680,189425278289
1381	605,271797768996	672,559406729986	1	1394,728202231	672,559406729986
1397	591,598342856702	668,870304163525	1	1408,4016571433	668,870304163525
1416	561,60697894277	652,319948178329	1	1438,39302105723	652,319948178329
1421	560,110733143341	652,726067245578	1	1439,88926685666	652,726067245578
1445	557,588248774051	651,369321102656	1	1442,41175122595	651,369321102656
1465	553,287887008797	647,377398870987	1	1446,7121129912	647,377398870987
1476	550,333473582076	648,550982201983	1	1449,66652641792	648,550982201983
1481	543,459729030471	655,173845920431	1	1456,54027096953	655,173845920431
1521	541,778042832799	654,906739315846	1	1458,2219571672	654,906739315846
1539	529,355749580937	642,857298795261	1	1470,64425041906	642,857298795261
1544	488,513094594939	611,12084138763	1	1511,48690540506	611,12084138763
1558	455,007191900604	634,766344030857	1	1544,9928080994	634,766344030857
1574	360,186532636519	692,741125004831	1	1639,81346736348	692,741125004831
1596	327,276776247089	715,460171333818	1	1672,72322375291	715,460171333818
1605	211,66335490373	837,960217672446	0			1788,33664509627	837,960217672446
1638	202,033814039947	855,697210668475	0			1797,96618596005	855,697210668475
1681	194,437409505333	943,208248743234	0			1805,56259049467	943,208248743234
1699	193,332296551011	947,534783804762	0			1806,66770344899	947,534783804762
1711	181,191162635397	954,521843755746	0			1818,8088373646	954,521843755746
1731	185,892448102571	955,30203340667	0			1814,10755189743	955,30203340667
1741	178,732476372773	962,553774434927	0			1821,26752362723	962,553774434927
1756	175,171663454572	964,611662622849	0			1824,82833654543	964,611662622849
1769	170,811050744094	967,882749524807	0			1829,18894925591	967,882749524807
1786	149,649080453018	979,268822963468	0			1850,35091954698	979,268822963468
1816	136,55423622258	985,675741455634	0			1863,44576377742	985,675741455634
1829	127,128427591236	990,876425580418	0			1872,87157240876	990,876425580418
1845	127,096351512549	991,03321614224	0			1872,90364848745	991,03321614224
1861	118,468973104544	994,858075699839	0			1881,53102689546	994,858075699839
1872	123,355436653522	993,549395820977	0			1876,64456334648	993,549395820977
1889	124,501991070865	993,208929193729	0			1875,49800892914	993,208929193729
1919	124,516957675398	993,09634789494	0			1875,4830423246	993,09634789494
1922	110,950877050765	996,237656162954	0			1889,04912294924	996,237656162954
1945	104,138177481561	997,740557074666	0			1895,86182251844	997,740557074666
1979	87,9524305298822	1009,01096942301	0			1912,04756947012	1009,01096942301
1995	87,4510647579115	1009,82658733174	0			1912,54893524209	1009,82658733174
1998	86,3052777454312	1010,5539873528	0			1913,69472225457	1010,5539873528
4981	1359,68017578125	1013,34631476349	0			640,31982421875	1013,34631476349
4996	1132,52201018596	899,213171531464	1	867,477989814042	899,213171531464
5020	1136,47720061728	877,161050226013	1	863,522799382724	877,161050226013
5023	1142,39638257042	808,585969723273	1	857,603617429583	808,585969723273
5042	1143,16029118776	797,780683350245	1	856,839708812236	797,780683350245
5060	1143,42971319256	794,302707073271	1	856,570286807445	794,302707073271
5066	1142,93774386014	795,373612455707	1	857,062256139856	795,373612455707
5086	1134,35976283804	820,868635834829	1	865,640237161961	820,868635834829
5109	1137,33893621755	806,583502910094	1	862,661063782452	806,583502910094
5130	1135,52314279168	812,14561374029	1	864,476857208323	812,14561374029
5146	1128,59927698701	825,565244547028	1	871,400723012994	825,565244547028
5174	1123,63977121038	831,338254165373	1	876,36022878962	831,338254165373
5191	1123,55026252523	826,177477586934	1	876,449737474774	826,177477586934
5202	1120,38427936326	827,001952381444	1	879,615720636737	827,001952381444
5221	1117,65531658647	827,252154334149	1	882,344683413532	827,252154334149
5250	1120,07461186346	827,858124828362	1	879,925388136535	827,858124828362
5298	1127,87142719723	824,674521692645	1	872,128572802766	824,674521692645
5327	1114,13384503896	763,95005465961	1	885,866154961044	763,95005465961
5332	1091,58578420162	735,652229005868	1	908,414215798382	735,652229005868
5333	1035,27622598055	666,783240326418	1	964,723774019449	666,783240326418
5336	1005,85079079932	631,245842605593	1	994,149209200677	631,245842605593
5340	957,879703988209	573,332745959563	1	1042,12029601179	573,332745959563
5351	950,1940794214	568,184861919474	1	1049,8059205786	568,184861919474
5368	960,039629884834	531,546464903746	1	1039,96037011517	531,546464903746
5382	946,302731692293	554,089202448493	1	1053,69726830771	554,089202448493
5414	961,330461150031	527,948952577025	1	1038,66953884997	527,948952577025
5424	957,64947647528	514,985958599897	1	1042,35052352472	514,985958599897
5445	946,78458497628	506,847931623637	1	1053,21541502372	506,847931623637
5460	949,232232963794	502,758096391691	1	1050,76776703621	502,758096391691
5481	966,674871255941	510,039304640844	1	1033,32512874406	510,039304640844
5510	969,987225368286	508,246067208959	1	1030,01277463171	508,246067208959
5514	958,682368035961	513,91782705414	1	1041,31763196404	513,91782705414
5519	963,952137488149	515,871301861955	1	1036,04786251185	515,871301861955
5544	966,889096875379	516,516528607035	1	1033,11090312462	516,516528607035
5571	977,641042058363	506,163404404061	1	1022,35895794164	506,163404404061
5586	986,004443785557	497,034243841593	1	1013,99555621444	497,034243841593
5592	988,524270298111	489,188248301665	1	1011,47572970189	489,188248301665
5615	991,088551158439	489,140901600989	1	1008,91144884156	489,140901600989
5636	977,466077685915	476,76476562251	1	1022,53392231408	476,76476562251
5646	953,808624649241	471,048818319109	1	1046,19137535076	471,048818319109
5653	928,380523826465	465,93477096387	1	1071,61947617354	465,93477096387
5674	876,775316911881	410,530583409682	1	1123,22468308812	410,530583409682
5691	835,913396265943	396,241011002002	1	1164,08660373406	396,241011002002
5721	813,939979297909	371,369396254496	1	1186,06002070209	371,369396254496
5736	764,951981180808	351,976744367698	1	1235,04801881919	351,976744367698
5750	733,019949307734	352,957484103947	1	1266,98005069227	352,957484103947
5762	695,666458463599	354,776846488893	1	1304,3335415364	354,776846488893
5778	690,189440631231	355,762148169013	1	1309,81055936877	355,762148169013
5784	685,329215885753	357,225515705074	1	1314,67078411425	357,225515705074
5810	693,18279300363	356,056101153978	1	1306,81720699637	356,056101153978
5829	698,454544334397	348,719676905321	1	1301,5454556656	348,719676905321
5833	696,503937999251	343,385310985437	1	1303,49606200075	343,385310985437
5862	701,645238476493	339,734612053743	1	1298,35476152351	339,734612053743
5878	695,403722585236	335,146974440957	1	1304,59627741476	335,146974440957
5893	693,732062610837	340,046297917134	1	1306,26793738916	340,046297917134
5914	696,108339829498	338,611060288937	1	1303,8916601705	338,611060288937
5936	672,744743129975	302,853619065021	1	1327,25525687002	302,853619065021
5941	685,200736479921	297,457621444089	1	1314,79926352008	297,457621444089
5953	614,099837004081	189,056911951672	1	1385,90016299592	189,056911951672
5967	625,486170519427	203,864959352819	1	1374,51382948057	203,864959352819
5976	628,117720201839	204,055923162239	1	1371,88227979816	204,055923162239
6011	618,498359702704	190,32179972141	1	1381,5016402973	190,32179972141
6030	606,588390530425	169,648126106817	1	1393,41160946957	169,648126106817
6045	603,33446515232	123,165742990971	0			1396,66553484768	123,165742990971
6058	601,591968709401	105,183081961178	0			1398,4080312906	105,183081961178
6071	593,83947917691	127,053293082055	0			1406,16052082309	127,053293082055
6084	600,303350825605	122,622419168307	0			1399,69664917439	122,622419168307
6097	603,70936758243	128,58005110797	0			1396,29063241757	128,58005110797
6113	597,152928276354	167,561592164036	1	1402,84707172365	167,561592164036
6134	597,376968665979	144,888642429805	0			1402,62303133402	144,888642429805
6183	612,85344608292	201,285228960248	1	1387,14655391708	201,285228960248
6191	598,633617432011	145,095775896301	0			1401,36638256799	145,095775896301
6208	600,971260134576	149,216610718972	0			1399,02873986542	149,216610718972
6214	576,136886412919	168,236209642188	1	1423,86311358708	168,236209642188
6230	587,144946665845	151,758926621587	0			1412,85505333415	151,758926621587
6246	583,955250709579	140,013135074981	0			1416,04474929042	140,013135074981
6256	581,133641872628	160,213297907302	1	1418,86635812737	160,213297907302
6269	582,542404885954	162,964068229982	1	1417,45759511405	162,964068229982
6282	609,492035010989	161,985519937256	1	1390,50796498901	161,985519937256
6318	608,110607869561	160,270450596228	1	1391,88939213044	160,270450596228
6331	608,542941665124	136,666459123988	0			1391,45705833488	136,666459123988
6340	604,93247686125	134,651489409179	0			1395,06752313875	134,651489409179
6356	602,297656838995	125,104790991073	0			1397,70234316101	125,104790991073
6370	599,856879604284	125,936333838827	0			1400,14312039572	125,936333838827
6386	593,297422349377	131,311258584491	0			1406,70257765062	131,311258584491
6404	583,790247540359	142,88573717207	0			1416,20975245964	142,88573717207
6414	590,123854173241	133,52468890564	0			1409,87614582676	133,52468890564
6431	601,22377240981	138,091057556011	0			1398,77622759019	138,091057556011
6468	608,095444952009	147,384923442466	0			1391,90455504799	147,384923442466
6474	630,735123017516	114,811283021564	0			1369,26487698248	114,811283021564
6491	633,872288924056	104,796739976632	0			1366,12771107594	104,796739976632
6504	633,047775457821	105,70925309984	0			1366,95222454218	105,70925309984
6521	631,165960217201	110,705146861801	0			1368,8340397828	110,705146861801
6539	629,400929598071	143,358187586372	0			1370,59907040193	143,358187586372
6553	630,427280144207	134,545226356326	0			1369,57271985579	134,545226356326
6564	625,580324450238	144,216144444478	0			1374,41967554976	144,216144444478
6589	615,641946127193	124,030933094202	0			1384,35805387281	124,030933094202
6613	618,279756767398	129,522029438749	0			1381,7202432326	129,522029438749
6626	613,355896964142	120,354586482929	0			1386,64410303586	120,354586482929
6641	600,273447503801	115,55057134359	0			1399,7265524962	115,55057134359
6674	602,977463679816	216,242218798097	1	1397,02253632018	216,242218798097
6716	601,215613714623	215,584775100241	1	1398,78438628538	215,584775100241
6744	610,864856153288	235,711427881705	1	1389,13514384671	235,711427881705
6749	626,121892073392	244,409530392707	1	1373,87810792661	244,409530392707
6764	629,821678341209	234,735937642311	1	1370,17832165879	234,735937642311
6779	636,977201595085	241,242152685235	1	1363,02279840492	241,242152685235
6821	628,228743071888	207,267285036551	1	1371,77125692811	207,267285036551
6840	622,427047715754	191,814149728879	1	1377,57295228425	191,814149728879
6851	625,583815603548	185,019282482717	1	1374,41618439645	185,019282482717
6869	626,400571112447	182,386516625626	1	1373,59942888755	182,386516625626
6884	626,569820193258	181,643089947404	1	1373,43017980674	181,643089947404
6908	631,444698688948	198,617662792079	1	1368,55530131105	198,617662792079
6928	632,26193432568	210,389064344695	1	1367,73806567432	210,389064344695
6944	625,098133010408	226,582204619869	1	1374,90186698959	226,582204619869
6956	629,194699078826	215,767978782412	1	1370,80530092117	215,767978782412
6979	623,180536879135	222,266824015069	1	1376,81946312087	222,266824015069
6993	622,59099484125	220,631828644646	1	1377,40900515875	220,631828644646
7001	625,422095933111	216,789933316289	1	1374,57790406689	216,789933316289
7021	620,235917195998	225,682393055066	1	1379,764082804	225,682393055066
7031	635,48696008344	247,056578010273	1	1364,51303991656	247,056578010273
7062	664,772183779046	300,218094101862	1	1335,22781622095	300,218094101862
7079	657,652867614078	284,711492646337	1	1342,34713238592	284,711492646337
7091	639,237985399237	266,933308120063	1	1360,76201460076	266,933308120063
7110	617,035522693934	269,505192966998	1	1382,96447730607	269,505192966998
7129	598,321156443944	257,198586419295	1	1401,67884355606	257,198586419295
7210	593,306612755231	248,260128735094	1	1406,69338724477	248,260128735094
7212	595,001468338302	236,707098549548	1	1404,9985316617	236,707098549548
7216	610,266325773941	250,485588335309	1	1389,73367422606	250,485588335309
7218	615,017486801009	260,886030940384	1	1384,98251319899	260,886030940384
7221	616,660759016422	261,598929975497	1	1383,33924098358	261,598929975497
7226	623,564182806308	270,228384127323	1	1376,43581719369	270,228384127323
7263	624,680414896407	277,890776595553	1	1375,31958510359	277,890776595553
7267	630,318916340933	281,228892174027	1	1369,68108365907	281,228892174027
7272	635,617609379105	270,449890190267	1	1364,38239062089	270,449890190267
7285	657,94277796318	248,113375452394	1	1342,05722203682	248,113375452394
7307	675,829279194803	260,037538390473	1	1324,1707208052	260,037538390473
7333	794,902357223893	230,52037010278	1	1205,09764277611	230,52037010278
7387	944,464795576695	130,93527555502	0			1055,53520442331	130,93527555502
7417	926,489921414256	169,81520649307	1	1073,51007858574	169,81520649307
7441	925,017000868795	223,103560235585	1	1074,98299913121	223,103560235585
7470	930,873030086252	187,685875519793	1	1069,12696991375	187,685875519793
7483	923,28607479162	193,976856233042	1	1076,71392520838	193,976856233042
7510	923,518923254018	199,286948647911	1	1076,48107674598	199,286948647911
7525	928,132336593341	210,705563477196	1	1071,86766340666	210,705563477196
7557	946,171795266078	207,198264044391	1	1053,82820473392	207,198264044391
7581	918,034228858162	209,672906377154	1	1081,96577114184	209,672906377154
7611	929,801888439597	230,432921220341	1	1070,1981115604	230,432921220341
7624	988,791884088332	239,958308008222	1	1011,20811591167	239,958308008222
7633	974,202225513231	232,578751069513	1	1025,79777448677	232,578751069513
7667	1021,48924131185	244,832110825938	1	978,51075868815	244,832110825938
7691	1017,45186881853	229,194085225729	1	982,54813118147	229,194085225729
7707	1018,610975387	199,569067696396	1	981,389024613002	199,569067696396
7719	987,046660656932	200,745646405952	1	1012,95333934307	200,745646405952
7740	1008,43670356382	199,024772912024	1	991,563296436177	199,024772912024
7753	993,078313086653	209,37467774448	1	1006,92168691335	209,37467774448
7770	1004,26226267223	210,388840409264	1	995,737737327767	210,388840409264
7797	1000,46373862052	212,146041130485	1	999,53626137948	212,146041130485
7817	987,653462399774	214,173560529341	1	1012,34653760023	214,173560529341
7826	993,952670578491	204,52691160851	1	1006,04732942151	204,52691160851
7846	1013,70904046593	206,529857066208	1	986,290959534066	206,529857066208
7860	1038,76520764462	204,459066002797	1	961,23479235538	204,459066002797
7878	1060,09579155852	106,418602171133	0			939,90420844148	106,418602171133
7898	1061,45499243482	134,559132204288	0			938,545007565178	134,559132204288
7903	1066,64648202261	118,917055566496	0			933,353517977386	118,917055566496
7916	1093,89756758414	94,9831847020781	0			906,102432415856	94,9831847020781
7932	1081,14953586765	113,376162202459	0			918,850464132348	113,376162202459
7962	1073,17407272334	105,261982156313	0			926,825927276656	105,261982156313
7974	1067,64859642206	133,707627984228	0			932,351403577941	133,707627984228
7988	1075,8025729694	101,616663488698	0			924,197427030595	101,616663488698
8015	1080,38267594404	116,622502504134	0			919,61732405596	116,622502504134
8020	1082,7723693524	120,760858388217	0			917,227630647601	120,760858388217
8033	1096,5872429509	141,478297198172	0			903,412757049103	141,478297198172
8048	1105,29532138266	138,546753108107	0			894,704678617342	138,546753108107
8066	1111,48564910755	127,302414319254	0			888,514350892448	127,302414319254
8082	1114,71607789563	124,395756279444	0			885,283922104366	124,395756279444
8125	1103,06351386537	119,678666584485	0			896,93648613463	119,678666584485
8132	1096,94132945418	113,747024274621	0			903,058670545825	113,747024274621
8154	1126,55846160671	113,845130360205	0			873,441538393289	113,845130360205
8168	1171,85799353018	122,419697165161	0			828,142006469822	122,419697165161
8191	1205,04325118379	191,183583191719	1	794,956748816207	191,183583191719
8215	1291,43122698033	322,520812006742	1	708,568773019671	322,520812006742
8221	1300,66432444191	369,954245443996	1	699,33567555809	369,954245443996
8238	1323,31202701449	406,797045712812	1	676,687972985511	406,797045712812
8260	1359,29932610497	468,689556286629	0			640,700673895026	468,689556286629
8277	1367,27841179586	487,866865500856	0			632,72158820414	487,866865500856
8289	1379,22319486138	624,749017600578	0			620,776805138617	624,749017600578
8305	1390,16359659132	589,334041176087	0			609,836403408676	589,334041176087
8323	1370,46221477461	613,733011482475	0			629,537785225385	613,733011482475
8349	1366,24200070811	630,085695701612	0			633,757999291889	630,085695701612
8361	1360,3547516921	642,357171356285	0			639,645248307902	642,357171356285
8376	1353,43742749254	646,67367654235	0			646,562572507457	646,67367654235
8395	1344,67915822847	665,730743907103	0			655,320841771534	665,730743907103
8409	1344,37935408004	675,162309994046	0			655,620645919964	675,162309994046
8426	1348,72356365816	669,890839434322	0			651,276436341835	669,890839434322
8442	1351,23660650476	672,128735827352	0			648,763393495245	672,128735827352
8457	1363,63183975787	677,36219613752	0			636,368160242131	677,36219613752
8473	1380,69460096967	685,677827575558	0			619,30539903033	685,677827575558
8486	1399,25161230176	689,762185446811	0			600,748387698238	689,762185446811
8505	1438,76805456125	691,67943158843	0			561,231945438748	691,67943158843
8515	1434,96345546955	690,839196062754	0			565,036544530449	690,839196062754
8535	1451,4807645282	699,184694749747	0			548,5192354718	699,184694749747
8564	1452,74257431959	695,159009191379	0			547,257425680413	695,159009191379
8581	1454,98039331672	690,630734514685	0			545,019606683277	690,630734514685
8613	1454,87866244111	697,914970352268	0			545,121337558893	697,914970352268
8629	1451,22898768522	703,49784943487	0			548,771012314778	703,49784943487
8631	1446,9817924095	710,283310492266	0			553,018207590498	710,283310492266
8647	1435,604268091	715,128052644837	0			564,395731908998	715,128052644837
8660	1433,61981171818	712,667569609121	0			566,38018828182	712,667569609121
8666	1431,6206713042	712,778506768374	0			568,379328695799	712,778506768374
8682	1436,48456934151	713,4704064459	0			563,515430658493	713,4704064459
8712	1432,68431613002	711,317703034787	0			567,315683869978	711,317703034787
8730	1437,02685246834	705,987256294838	0			562,973147531661	705,987256294838
8742	1439,36301003454	705,77916136511	0			560,636989965463	705,77916136511
8754	1446,66746041206	709,619728998993	0			553,332539587939	709,619728998993
8775	1449,33261718661	718,354911061969	0			550,66738281339	718,354911061969
8798	1450,82258903092	718,479715873156	0			549,177410969083	718,479715873156
8802	1456,66477023412	708,743283433797	0			543,335229765877	708,743283433797
8819	1460,47437510106	706,110242585991	0			539,525624898939	706,110242585991
8832	1462,68426928822	694,88510016018	0			537,315730711779	694,88510016018
8867	1454,22062197028	701,113434818003	0			545,77937802972	701,113434818003
8919	1453,51804838031	710,085697251276	0			546,481951619689	710,085697251276
8931	1467,48746358619	705,827815862623	0			532,512536413808	705,827815862623
8936	1462,91582075174	708,655338010191	0			537,084179248262	708,655338010191
8939	1461,59668152797	709,144971888067	0			538,403318472025	709,144971888067
8942	1459,75897128153	709,147437211171	0			540,241028718472	709,147437211171
8953	1449,76392692	708,077641009151	0			550,236073079999	708,077641009151
8965	1448,05933764154	706,642365266818	0			551,940662358463	706,642365266818
8986	1432,46629357287	707,066323512521	0			567,533706427128	707,066323512521
9017	1433,26705635774	707,567006094389	0			566,732943642259	707,567006094389
9051	1441,47104882349	705,936226992572	0			558,528951176515	705,936226992572
9064	1442,94395650606	705,759634053695	0			557,056043493943	705,759634053695
9073	1442,52211726836	705,167251969108	0			557,477882731636	705,167251969108
9080	1455,81156397667	697,867875022931	0			544,188436023326	697,867875022931
9100	1456,71451654728	697,259959323585	0			543,285483452717	697,259959323585
9107	1461,1395323343	691,984313498553	0			538,860467665697	691,984313498553
9114	1460,52352159457	692,552401408962	0			539,476478405431	692,552401408962
9136	1463,02173957972	697,503464747652	0			536,978260420279	697,503464747652
9165	1459,94284245209	700,782237887221	0			540,05715754791	700,782237887221
9176	1459,62026551854	702,583609614702	0			540,379734481459	702,583609614702
9191	1451,85740575594	710,938944266623	0			548,142594244056	710,938944266623
9207	1454,15796904641	710,366179759148	0			545,842030953587	710,366179759148
9227	1452,11570956446	711,647051158459	0			547,884290435545	711,647051158459
9250	1444,67621760243	702,068015609182	0			555,323782397573	702,068015609182
9254	1441,82806001203	688,998935375222	0			558,171939987974	688,998935375222
9268	1437,89410059266	669,074591898115	0			562,105899407336	669,074591898115
9294	1420,79696466301	689,594819111336	0			579,203035336993	689,594819111336
9324	1385,77426297358	678,536827776364	0			614,22573702642	678,536827776364
9332	1374,22498820489	676,670405468775	0			625,775011795109	676,670405468775
9348	1287,56850869402	640,165434997337	1	712,431491305982	640,165434997337
9357	1268,02025408459	650,010108248356	1	731,979745915415	650,010108248356
9377	1113,13256562138	601,047055093986	1	886,867434378618	601,047055093986
9383	1093,9744201047	609,049034950457	1	906,025579895296	609,049034950457
9406	1086,3709507975	615,187503688865	1	913,629049202501	615,187503688865
9447	1076,00015577777	617,677578887676	1	923,999844222233	617,677578887676
9450	1069,99962448383	630,400574829621	1	930,000375516165	630,400574829621
9465	1056,16161280021	628,921260844529	1	943,838387199788	628,921260844529
9478	1043,77674330246	605,264248962468	1	956,223256697539	605,264248962468
9511	1043,71424625904	605,257025352877	1	956,285753740961	605,257025352877
9518	1056,66818815544	609,721530788697	1	943,331811844557	609,721530788697
9542	1058,41409964897	609,574057483181	1	941,58590035103	609,574057483181
9547	1054,14742227628	592,861785468113	1	945,852577723716	592,861785468113
9559	1055,45577184435	596,593401954978	1	944,544228155646	596,593401954978
9577	1047,38482523927	597,464942519751	1	952,615174760729	597,464942519751
9593	1046,35293802526	600,830393911273	1	953,647061974737	600,830393911273
9614	1046,05601164079	604,419949113804	1	953,943988359207	604,419949113804
9632	1045,64706428502	605,629590501573	1	954,352935714985	605,629590501573
9650	1045,55195074392	617,557787289209	1	954,448049256083	617,557787289209
9672	1046,37049314335	613,928238655526	1	953,629506856649	613,928238655526
9674	1047,99587511463	612,20389465756	1	952,004124885372	612,20389465756
9697	1048,53526144403	608,184143344033	1	951,464738555972	608,184143344033
9712	1051,16693240361	594,204192369829	1	948,833067596385	594,204192369829
9724	1039,63782341676	575,091582010889	1	960,362176583243	575,091582010889
9736	1031,30682954019	569,787463691608	1	968,693170459812	569,787463691608
9762	1044,32098112272	573,773211725756	1	955,679018877285	573,773211725756
9782	1065,86379656635	606,929719285404	1	934,136203433651	606,929719285404
9797	1063,42438656937	608,572870794625	1	936,575613430635	608,572870794625
9810	1055,40304800738	596,20775719211	1	944,596951992619	596,20775719211
9825	1066,37662187659	577,099077594962	1	933,623378123408	577,099077594962
9844	1064,25068280941	577,662579568738	1	935,749317190587	577,662579568738
9861	1061,13991326232	588,432814452808	1	938,86008673768	588,432814452808
9877	1059,883615682	578,842615819501	1	940,116384317997	578,842615819501
9892	1055,63255117143	572,16449395087	1	944,367448828573	572,16449395087
9922	1074,14831956495	596,81315752686	1	925,851680435046	596,81315752686
9945	1075,6978237077	600,423365972739	1	924,302176292301	600,423365972739
9950	1066,31650343799	583,517137081239	1	933,683496562006	583,517137081239
9972	1059,27820442326	579,997362523478	1	940,721795576736	579,997362523478
10005	1053,48855320276	568,389273520087	1	946,511446797237	568,389273520087
10015	1045,94547891892	559,828241749229	1	954,054521081081	559,828241749229
10022	1048,67380432169	561,493739836307	1	951,326195678312	561,493739836307
10029	1049,43298961139	561,943386431232	1	950,567010388609	561,943386431232
10033	1049,43044494545	558,689571471717	1	950,569555054552	558,689571471717
