2	754,539063724792	838,223628522638	1	1245,46093627521	838,223628522638
6	757,348184522536	828,776272458942	1	1242,65181547746	828,776272458942
8	757,728480613301	829,180130297183	1	1242,2715193867	829,180130297183
24	755,944508477657	846,989760713571	1	1244,05549152234	846,989760713571
33	755,536352413823	853,220501313192	1	1244,46364758618	853,220501313192
57	754,438099035968	850,05816192329	1	1245,56190096403	850,05816192329
73	754,266007601413	848,544595738841	1	1245,73399239859	848,544595738841
81	756,621862833454	833,048202456094	1	1243,37813716655	833,048202456094
101	763,560582956945	834,614516283221	1	1236,43941704306	834,614516283221
124	761,6482471126	841,559372527651	1	1238,3517528874	841,559372527651
153	761,801964557929	850,511982374743	1	1238,19803544207	850,511982374743
156	764,42559569775	854,525335499511	1	1235,57440430225	854,525335499511
172	767,10318336035	857,060722747639	1	1232,89681663965	857,060722747639
188	768,633723447537	855,813580558655	1	1231,36627655246	855,813580558655
205	768,754158677738	855,142976495552	1	1231,24584132226	855,142976495552
220	777,399600758686	843,94023690688	1	1222,60039924131	843,94023690688
237	773,912651999027	848,82139847781	1	1226,08734800097	848,82139847781
272	780,121819988283	836,638914966528	1	1219,87818001172	836,638914966528
276	781,371867791606	836,415369009791	1	1218,62813220839	836,415369009791
290	784,761465366813	834,286157750497	1	1215,23853463319	834,286157750497
307	818,790317981465	854,288634661929	1	1181,20968201854	854,288634661929
323	888,296219021353	786,73763343276	1	1111,70378097865	786,73763343276
341	942,920587072056	741,471015147747	1	1057,07941292794	741,471015147747
368	996,117938572954	703,878341091688	1	1003,88206142705	703,878341091688
384	971,561847560972	716,838489966302	1	1028,43815243903	716,838489966302
399	972,942715236543	720,164861016038	1	1027,05728476346	720,164861016038
401	986,373309508745	714,742015818723	1	1013,62669049126	714,742015818723
493	979,182792414475	715,512539156635	1	1020,81720758553	715,512539156635
516	971,703747812652	725,263692547906	1	1028,29625218735	725,263692547906
517	968,381757531066	725,790266205464	1	1031,61824246893	725,790266205464
519	962,159840487182	724,26430515654	1	1037,84015951282	724,26430515654
522	958,391020358278	718,058886592603	1	1041,60897964172	718,058886592603
527	955,669549289595	710,461305587296	1	1044,3304507104	710,461305587296
581	953,484771377391	695,638694082651	1	1046,51522862261	695,638694082651
602	952,999655638791	694,116369334614	1	1047,00034436121	694,116369334614
616	943,243740640092	643,993338054887	1	1056,75625935991	643,993338054887
633	935,27508325029	650,304346084848	1	1064,72491674971	650,304346084848
672	940,835923178845	650,052901464799	1	1059,16407682115	650,052901464799
704	941,202252678161	666,750966739509	1	1058,79774732184	666,750966739509
731	974,072648791182	650,938145351997	1	1025,92735120882	650,938145351997
752	934,143234438595	676,679622836712	1	1065,85676556141	676,679622836712
772	806,924611130151	732,449892627259	1	1193,07538886985	732,449892627259
802	724,67360016204	758,347052097731	1	1275,32639983796	758,347052097731
815	716,186268902888	768,998156166062	1	1283,81373109711	768,998156166062
854	739,144659719569	788,161069466058	1	1260,85534028043	788,161069466058
899	736,101848298028	791,332511843793	1	1263,89815170197	791,332511843793
915	743,863010552907	797,137496234255	1	1256,13698944709	797,137496234255
925	748,932955916909	799,04611955082	1	1251,06704408309	799,04611955082
929	753,963073139367	795,750405739834	1	1246,03692686063	795,750405739834
936	755,718821815311	787,066516388855	1	1244,28117818469	787,066516388855
939	760,992005616974	771,757368257516	1	1239,00799438303	771,757368257516
955	762,025694565064	771,641530622198	1	1237,97430543494	771,641530622198
971	762,333713410778	767,613969626983	1	1237,66628658922	767,613969626983
985	763,195988077922	771,313535097092	1	1236,80401192208	771,313535097092
1008	765,058009309278	776,253803340787	1	1234,94199069072	776,253803340787
1070	767,526409109578	785,238830697076	1	1232,47359089042	785,238830697076
1095	766,475792461405	779,611075437	1	1233,5242075386	779,611075437
1098	762,317206443875	760,677982364836	1	1237,68279355613	760,677982364836
1102	755,400081561368	777,981709374503	1	1244,59991843863	777,981709374503
1106	753,162635762004	833,768566173488	1	1246,837364238	833,768566173488
1108	754,506392171332	802,270411459048	1	1245,49360782867	802,270411459048
1123	749,156564476884	792,935218744629	1	1250,84343552312	792,935218744629
1135	748,176742189713	782,613552784861	1	1251,82325781029	782,613552784861
1151	770,087283413673	758,355006402784	1	1229,91271658633	758,355006402784
1181	769,103166566717	751,821273281776	1	1230,89683343328	751,821273281776
1211	758,850880540173	756,974294463074	1	1241,14911945983	756,974294463074
1214	756,05091435466	743,180842870661	1	1243,94908564534	743,180842870661
1220	751,892937997591	740,747285454126	1	1248,10706200241	740,747285454126
1233	754,744277934914	744,570544913006	1	1245,25572206509	744,570544913006
1256	746,437180899548	745,153757431247	1	1253,56281910045	745,153757431247
1279	747,36435440787	770,52670862266	1	1252,63564559213	770,52670862266
1286	753,958782036195	779,794679354087	1	1246,04121796381	779,794679354087
1341	768,382726311986	798,923054909134	1	1231,61727368801	798,923054909134
1362	795,072308262176	787,275589781695	1	1204,92769173782	787,275589781695
1365	813,939624817263	778,409456188283	1	1186,06037518274	778,409456188283
1369	848,608254385258	753,924822520921	1	1151,39174561474	753,924822520921
1385	868,702947282535	741,698579801051	1	1131,29705271747	741,698579801051
1422	877,086962201342	718,95432195911	1	1122,91303779866	718,95432195911
1429	873,950083872081	720,934661103832	1	1126,04991612792	720,934661103832
1432	871,149716398101	719,834945917328	1	1128,8502836019	719,834945917328
1449	875,719787479611	712,698153666932	1	1124,28021252039	712,698153666932
1479	874,197666342007	711,142886661345	1	1125,80233365799	711,142886661345
1504	868,622742422982	712,255103864975	1	1131,37725757702	712,255103864975
1511	868,664667818365	710,933779513036	1	1131,33533218164	710,933779513036
1517	883,248459885646	698,885801733231	1	1116,75154011435	698,885801733231
1538	873,45165442548	713,155079381786	1	1126,54834557452	713,155079381786
1555	876,386538186753	716,25791485319	1	1123,61346181325	716,25791485319
1564	883,016054446123	710,543045994031	1	1116,98394555388	710,543045994031
1577	880,452535750814	712,316274299882	1	1119,54746424919	712,316274299882
1599	903,548090057716	696,840815693491	1	1096,45190994228	696,840815693491
1624	889,425081459527	709,806724444371	1	1110,57491854047	709,806724444371
1647	892,900324519516	701,529512798108	1	1107,09967548048	701,529512798108
1662	887,328716609818	693,193205726554	1	1112,67128339018	693,193205726554
1673	885,067485706654	694,939283994051	1	1114,93251429335	694,939283994051
1691	886,101882579774	705,545849632701	1	1113,89811742023	705,545849632701
1700	881,027171723696	705,758879881096	1	1118,9728282763	705,758879881096
1725	878,900688068079	706,227591879173	1	1121,09931193192	706,227591879173
1738	879,929797749381	704,370456733622	1	1120,07020225062	704,370456733622
1748	882,709040859586	702,694114711203	1	1117,29095914041	702,694114711203
1805	884,991981843521	708,446729739041	1	1115,00801815648	708,446729739041
1818	884,13149439922	713,022580411908	1	1115,86850560078	713,022580411908
1829	884,454658308498	715,434133087672	1	1115,5453416915	715,434133087672
1834	882,412518734676	710,933713927227	1	1117,58748126532	710,933713927227
1856	880,01205888331	709,211275881711	1	1119,98794111669	709,211275881711
1869	890,890738124004	700,083426169569	1	1109,109261876	700,083426169569
1885	897,879070991268	696,323558764153	1	1102,12092900873	696,323558764153
1907	895,527078120535	697,14789729525	1	1104,47292187947	697,14789729525
1923	897,54714120378	696,55307403225	1	1102,45285879622	696,55307403225
1943	894,079313722669	687,27983634233	1	1105,92068627733	687,27983634233
1966	887,07604246576	686,418201991523	1	1112,92395753424	686,418201991523
1986	879,405831985285	685,629024314723	1	1120,59416801471	685,629024314723
1988	855,035780890596	684,964501647513	1	1144,9642191094	684,964501647513
2018	798,555133371934	681,963885953644	1	1201,44486662807	681,963885953644
2031	779,500970159994	678,044004702757	1	1220,49902984001	678,044004702757
2073	637,360029436908	669,745232886829	1	1362,63997056309	669,745232886829
2092	500,481043955257	660,392909456788	1	1499,51895604474	660,392909456788
2114	491,127142384268	657,767174329516	1	1508,87285761573	657,767174329516
2120	449,518088131192	649,097928528684	1	1550,48191186881	649,097928528684
2137	458,908342870826	652,981305426271	1	1541,09165712917	652,981305426271
2151	462,360696993657	656,019666441543	1	1537,63930300634	656,019666441543
2166	459,340835823501	660,104185687527	1	1540,6591641765	660,104185687527
2191	472,486804199593	671,658550233675	1	1527,51319580041	671,658550233675
2201	457,118817540646	667,78288665809	1	1542,88118245935	667,78288665809
2246	412,401026368409	570,003591170391	1	1587,59897363159	570,003591170391
2260	395,104102147008	627,108363774503	1	1604,89589785299	627,108363774503
2265	390,329952486424	607,140077063791	1	1609,67004751358	607,140077063791
2273	385,855760834659	566,336244192588	1	1614,14423916534	566,336244192588
2290	390,86895506095	580,068981664869	1	1609,13104493905	580,068981664869
2301	391,322971444025	605,598584448196	1	1608,67702855598	605,598584448196
2320	393,471015092265	630,313766356205	1	1606,52898490774	630,313766356205
2327	393,168392852236	617,451866279068	1	1606,83160714776	617,451866279068
2347	408,95245429219	642,692458199564	1	1591,04754570781	642,692458199564
2376	424,684585460251	678,278583756705	1	1575,31541453975	678,278583756705
2392	435,574117619362	720,042021208367	1	1564,42588238064	720,042021208367
2422	433,508533139322	704,289574634957	1	1566,49146686068	704,289574634957
2438	438,994825296731	703,283016382734	1	1561,00517470327	703,283016382734
2447	433,27322655337	702,944840132361	1	1566,72677344663	702,944840132361
2452	427,028982665412	704,161450372534	1	1572,97101733459	704,161450372534
2472	425,817037492875	700,162389076397	1	1574,18296250713	700,162389076397
2483	422,636405235393	705,796723368612	1	1577,36359476461	705,796723368612
2498	418,121689019226	698,641676791426	1	1581,87831098077	698,641676791426
2577	427,581908644856	705,497343005717	1	1572,41809135514	705,497343005717
2589	447,087556656573	768,165196874291	1	1552,91244334343	768,165196874291
2600	445,525734637223	765,212091299734	1	1554,47426536278	765,212091299734
2602	430,76506591713	744,10902094063	1	1569,23493408287	744,10902094063
2608	400,591556076877	764,01231992711	1	1599,40844392312	764,01231992711
2616	393,135778051185	757,56217235461	1	1606,86422194881	757,56217235461
2619	395,497650787262	743,618555803532	1	1604,50234921274	743,618555803532
2637	395,921529889455	738,218954638449	1	1604,07847011055	738,218954638449
2652	405,073216844145	726,361580501925	1	1594,92678315585	726,361580501925
2673	425,542643727884	706,898597311917	1	1574,45735627212	706,898597311917
2693	540,057657606533	632,480144350668	1	1459,94234239347	632,480144350668
2711	579,300480715409	626,187733925025	1	1420,69951928459	626,187733925025
2726	635,088882266966	610,891428267748	1	1364,91111773303	610,891428267748
2745	663,680457909588	606,242151377848	1	1336,31954209041	606,242151377848
2773	695,870787987731	603,224729794443	1	1304,12921201227	603,224729794443
2776	816,265601839294	587,049996309245	1	1183,73439816071	587,049996309245
2779	816,028594978171	585,818091125813	1	1183,97140502183	585,818091125813
2801	807,045550042245	581,84906948988	1	1192,95444995775	581,84906948988
2826	803,863190844452	580,378167987656	1	1196,13680915555	580,378167987656
2838	801,376954211342	577,574986356664	1	1198,62304578866	577,574986356664
2853	795,147554221718	573,503138044414	1	1204,85244577828	573,503138044414
2890	793,703970278916	580,354063211243	1	1206,29602972108	580,354063211243
2898	791,978211964242	578,616867243347	1	1208,02178803576	578,616867243347
2903	804,981109947763	589,081891594184	1	1195,01889005224	589,081891594184
2918	818,829322089699	590,567328776738	1	1181,1706779103	590,567328776738
2935	815,370248600932	589,753066366912	1	1184,62975139907	589,753066366912
2948	834,837651573438	579,595105303173	1	1165,16234842656	579,595105303173
2989	834,945771710328	579,047081534804	1	1165,05422828967	579,047081534804
3006	840,746780655168	571,495073176124	1	1159,25321934483	571,495073176124
3008	836,085702513185	598,535250490278	1	1163,91429748682	598,535250490278
3024	830,51601452252	623,630535149192	1	1169,48398547748	623,630535149192
3039	726,73573595833	626,754118976316	1	1273,26426404167	626,754118976316
3051	688,248518179858	624,090778918848	1	1311,75148182014	624,090778918848
3091	648,940070200078	620,488920435781	1	1351,05992979992	620,488920435781
3101	609,542664894722	601,616790616119	1	1390,45733510528	601,616790616119
3105	572,521265082748	589,705552434365	1	1427,47873491725	589,705552434365
3130	575,334202219821	554,191719231519	1	1424,66579778018	554,191719231519
3138	574,988545144174	549,187074744003	1	1425,01145485583	549,187074744003
3154	575,051093583839	551,645221335141	1	1424,94890641616	551,645221335141
3172	571,77889576903	552,617297369175	1	1428,22110423097	552,617297369175
3192	570,060192438999	565,07598111107	1	1429,939807561	565,07598111107
3215	565,139585889696	579,808036930702	1	1434,8604141103	579,808036930702
3228	556,27198661554	587,708394803959	1	1443,72801338446	587,708394803959
3243	555,284950009213	583,198640866796	1	1444,71504999079	583,198640866796
3247	554,254068291714	583,288245478807	1	1445,74593170829	583,288245478807
3285	548,052359191219	589,150963292362	1	1451,94764080878	589,150963292362
3288	550,149346782772	594,002369033058	1	1449,85065321723	594,002369033058
3325	553,666868823401	597,326703552977	1	1446,3331311766	597,326703552977
3330	561,078389639683	595,352578116665	1	1438,92161036032	595,352578116665
3336	574,336645957035	590,77045690152	1	1425,66335404297	590,77045690152
3355	629,941703452457	539,573475360822	1	1370,05829654754	539,573475360822
3370	616,156444762147	545,641072045804	1	1383,84355523785	545,641072045804
3385	620,470002263681	554,246961891695	1	1379,52999773632	554,246961891695
3401	628,222042755868	551,862780373397	1	1371,77795724413	551,862780373397
3428	625,506791191095	549,260434134507	1	1374,49320880891	549,260434134507
3439	620,772112790288	534,185973724116	1	1379,22788720971	534,185973724116
3464	605,334864687922	531,614422099685	1	1394,66513531208	531,614422099685
3479	595,735679855639	531,564073567958	1	1404,26432014436	531,564073567958
3485	613,715934415531	517,905169319806	1	1386,28406558447	517,905169319806
3503	611,771532294247	514,373281331108	1	1388,22846770575	514,373281331108
3519	578,495178838522	530,804271579848	1	1421,50482116148	530,804271579848
3541	568,746786687732	532,440251895829	1	1431,25321331227	532,440251895829
3545	560,491594081219	536,34115400545	1	1439,50840591878	536,34115400545
3575	580,77840924266	527,829238732355	1	1419,22159075734	527,829238732355
3587	589,263454075527	541,850397961498	1	1410,73654592447	541,850397961498
3603	610,16633363789	554,959393419792	1	1389,83366636211	554,959393419792
3644	630,875100975867	556,474825623619	1	1369,12489902413	556,474825623619
3649	636,929775853729	553,740216663729	1	1363,07022414627	553,740216663729
3651	643,72643213214	549,091355845114	1	1356,27356786786	549,091355845114
3682	660,745653076776	553,748049959508	1	1339,25434692322	553,748049959508
3717	678,30061255409	558,664548428731	1	1321,69938744591	558,664548428731
3720	792,878643714707	571,813064791815	1	1207,12135628529	571,813064791815
3736	784,548585466334	569,047481001407	1	1215,45141453367	569,047481001407
3744	817,059832469506	573,308801935348	1	1182,94016753049	573,308801935348
3759	819,789604948079	567,08620631051	1	1180,21039505192	567,08620631051
3768	900,956751011604	583,458339198197	1	1099,0432489884	583,458339198197
3786	902,608894069909	584,448004824426	1	1097,39110593009	584,448004824426
3819	915,576221275703	585,59122311854	1	1084,4237787243	585,59122311854
3825	909,757870553374	598,748420919992	1	1090,24212944663	598,748420919992
3835	909,036679108974	602,303035660144	1	1090,96332089103	602,303035660144
3854	913,682262669758	599,434604388627	1	1086,31773733024	599,434604388627
3881	919,387537301464	617,360870341694	1	1080,61246269854	617,360870341694
3893	921,726517958928	628,12643877266	1	1078,27348204107	628,12643877266
3908	927,370733570673	629,903816099958	1	1072,62926642933	629,903816099958
3923	924,649640026961	610,684717691982	1	1075,35035997304	610,684717691982
3943	927,89452586753	598,350454933565	1	1072,10547413247	598,350454933565
3960	918,256902554408	573,434755767027	1	1081,74309744559	573,434755767027
3967	915,113137216507	576,584153006899	1	1084,88686278349	576,584153006899
3987	928,366052314374	578,196724833295	1	1071,63394768563	578,196724833295
4026	916,249583802739	588,466689839838	1	1083,75041619726	588,466689839838
4044	913,979729990275	596,014525706277	1	1086,02027000972	596,014525706277
4057	914,191345250881	599,194149299688	1	1085,80865474912	599,194149299688
4072	918,414371122011	612,89545948124	1	1081,58562887799	612,89545948124
4087	916,440745088066	607,134944883747	1	1083,55925491193	607,134944883747
4117	918,424510957835	614,490589842684	1	1081,57548904217	614,490589842684
4131	921,418311832501	615,540938297126	1	1078,5816881675	615,540938297126
4135	931,936122225576	614,9360239246	1	1068,06387777442	614,9360239246
4147	931,872698228373	610,633967210976	1	1068,12730177163	610,633967210976
4195	737,856601430739	614,45795840713	1	1262,14339856926	614,45795840713
4213	633,083598656551	638,742434018747	1	1366,91640134345	638,742434018747
4219	623,717925834469	609,666237124585	1	1376,28207416553	609,666237124585
4224	588,197346013702	610,718866878156	1	1411,8026539863	610,718866878156
4250	569,528969894247	620,817110155086	1	1430,47103010575	620,817110155086
4257	493,812502679385	614,283963793064	1	1506,18749732062	614,283963793064
4265	492,698246835558	621,443689926912	1	1507,30175316444	621,443689926912
4282	483,955062934101	626,026250825684	1	1516,0449370659	626,026250825684
4304	446,284647447976	640,590751810921	1	1553,71535255202	640,590751810921
4341	441,850487172709	610,096177358006	1	1558,14951282729	610,096177358006
4349	450,915108214267	591,409432766369	1	1549,08489178573	591,409432766369
4355	452,838243784278	591,129336866259	1	1547,16175621572	591,129336866259
4375	450,484792810256	592,781719477393	1	1549,51520718974	592,781719477393
4390	444,005422554628	599,744127879245	1	1555,99457744537	599,744127879245
4395	447,903431055671	597,097735373735	1	1552,09656894433	597,097735373735
4419	440,175313965171	603,782098819094	1	1559,82468603483	603,782098819094
4435	441,685961781367	601,510821310346	1	1558,31403821863	601,510821310346
4445	436,335168293638	607,279983996227	1	1563,66483170636	607,279983996227
4477	432,830966249238	578,136995874781	1	1567,16903375076	578,136995874781
4485	435,869627300599	591,332485406385	1	1564,1303726994	591,332485406385
4510	435,75188747169	590,075652275189	1	1564,24811252831	590,075652275189
4534	437,615757195764	585,670106062607	1	1562,38424280424	585,670106062607
4539	437,100149044266	585,103516347814	1	1562,89985095573	585,103516347814
4584	449,353476334515	579,461295750258	1	1550,64652366549	579,461295750258
4587	449,384927000243	580,306460837623	1	1550,61507299976	580,306460837623
4593	754,283377257904	657,45915595163	1	1245,7166227421	657,45915595163
4631	750,067495310167	656,770900427207	1	1249,93250468983	656,770900427207
4641	794,981802303397	668,842364054736	1	1205,0181976966	668,842364054736
4685	888,546680303133	704,203398963126	1	1111,45331969687	704,203398963126
4705	836,147615609134	684,108897667461	1	1163,85238439087	684,108897667461
4709	835,563504100789	690,076362344917	1	1164,43649589921	690,076362344917
4712	878,133382802565	705,068092554784	1	1121,86661719744	705,068092554784
4730	896,772369395123	706,714005170393	1	1103,22763060488	706,714005170393
4732	908,692302375768	709,768791097176	1	1091,30769762423	709,768791097176
4742	922,652888490915	714,576046140914	1	1077,34711150908	714,576046140914
4776	944,251363175336	710,601458796925	1	1055,74863682466	710,601458796925
4791	941,458984854068	710,287902992624	1	1058,54101514593	710,287902992624
4809	935,283380356451	703,371089746326	1	1064,71661964355	703,371089746326
4823	935,145801763359	704,388850933669	1	1064,85419823664	704,388850933669
4878	933,301844461486	702,793789812096	1	1066,69815553851	702,793789812096
4891	932,011205744847	702,879968019607	1	1067,98879425515	702,879968019607
4899	934,251220972589	702,821160731829	1	1065,74877902741	702,821160731829
4904	933,574189177984	702,269700394594	1	1066,42581082202	702,269700394594
4908	936,029955798618	703,673866183245	1	1063,97004420138	703,673866183245
4921	937,820372016228	703,067714461705	1	1062,17962798377	703,067714461705
4939	939,906778701149	700,819597816578	1	1060,09322129885	700,819597816578
4959	940,886168053509	698,157757022073	1	1059,11383194649	698,157757022073
4977	938,197484078793	701,347446155484	1	1061,80251592121	701,347446155484
4982	937,571706581198	702,033347505257	1	1062,4282934188	702,033347505257
5006	938,2347592166	702,524821533582	1	1061,7652407834	702,524821533582
5024	939,804584323183	704,780387554883	1	1060,19541567682	704,780387554883
5031	940,145583543452	702,62399975789	1	1059,85441645655	702,62399975789
5076	940,403614606604	705,71099565902	1	1059,5963853934	705,71099565902
5079	940,861115396992	711,646330885224	1	1059,13888460301	711,646330885224
5094	939,564722740054	708,861918435675	1	1060,43527725995	708,861918435675
5116	931,91997156918	707,377848433154	1	1068,08002843082	707,377848433154
5136	887,380858875403	681,572895952425	1	1112,6191411246	681,572895952425
5160	783,895381994308	662,517301445828	1	1216,10461800569	662,517301445828
5188	750,044365712676	657,386690678997	1	1249,95563428732	657,386690678997
5223	550,128225067319	637,879390596794	1	1449,87177493268	637,879390596794
5245	511,532511881797	628,790642741759	1	1488,4674881182	628,790642741759
5255	486,816019284394	633,0200531986	1	1513,18398071561	633,0200531986
5273	446,636211965152	614,88294567694	1	1553,36378803485	614,88294567694
5291	430,697851123067	596,290898164945	1	1569,30214887693	596,290898164945
5305	424,871088357982	594,231322900112	1	1575,12891164202	594,231322900112
5315	422,779803592743	597,448591039677	1	1577,22019640726	597,448591039677
5331	426,553146883488	627,89819224669	1	1573,44685311651	627,89819224669
5344	433,232687570661	611,091237193759	1	1566,76731242934	611,091237193759
5381	440,135660365489	620,25990618872	1	1559,86433963451	620,25990618872
5392	445,817933319986	615,472836031468	1	1554,18206668001	615,472836031468
5446	448,617703083224	619,732373956914	1	1551,38229691678	619,732373956914
5480	459,951522212788	628,303005141	1	1540,04847778721	628,303005141
5484	466,102950154087	638,852027812771	1	1533,89704984591	638,852027812771
5487	458,772926967502	604,909449465735	1	1541,2270730325	604,909449465735
5489	450,407190858445	567,691331734985	1	1549,59280914156	567,691331734985
5492	451,582021610852	574,274167578776	1	1548,41797838915	574,274167578776
5497	449,248873192785	565,775201614805	1	1550,75112680722	565,775201614805
5530	446,539790344478	562,014264799519	1	1553,46020965552	562,014264799519
5540	441,059273138929	561,611019934693	1	1558,94072686107	561,611019934693
5573	433,099431863536	562,564120824726	1	1566,90056813646	562,564120824726
5582	432,678203323815	568,143136856661	1	1567,32179667619	568,143136856661
5621	489,014979783578	571,525010226204	1	1510,98502021642	571,525010226204
5653	520,74788282059	558,396012193942	1	1479,25211717941	558,396012193942
5675	713,716600649854	596,307108518122	1	1286,28339935015	596,307108518122
5692	817,752134874931	613,367242524561	1	1182,24786512507	613,367242524561
5712	815,180839561557	614,209565779105	1	1184,81916043844	614,209565779105
5749	766,884941845531	640,692948588554	1	1233,11505815447	640,692948588554
5759	770,989695054109	642,868092679659	1	1229,01030494589	642,868092679659
5764	762,364237111298	646,674915639135	1	1237,6357628887	646,674915639135
5767	756,902882115572	647,152984578197	1	1243,09711788443	647,152984578197
5782	777,769705594898	632,447040151968	1	1222,2302944051	632,447040151968
5796	764,330328333179	638,27525634153	1	1235,66967166682	638,27525634153
5825	765,682755554085	634,101309240437	1	1234,31724444591	634,101309240437
5839	755,844046502704	626,422507236708	1	1244,1559534973	626,422507236708
5853	744,764839583942	654,573631475824	1	1255,23516041606	654,573631475824
5871	753,650293521464	643,656761842066	1	1246,34970647854	643,656761842066
5901	792,532154358803	664,942875013126	1	1207,4678456412	664,942875013126
5904	814,934469825564	658,621980047187	1	1185,06553017444	658,621980047187
5933	812,706755361793	660,6603741717	1	1187,29324463821	660,6603741717
5935	815,010652060381	668,269807322696	1	1184,98934793962	668,269807322696
5949	869,898637061168	653,462742877768	1	1130,10136293883	653,462742877768
5971	914,763045088054	646,253751778221	1	1085,23695491195	646,253751778221
5988	919,455072663012	644,135550268539	1	1080,54492733699	644,135550268539
6006	934,786845680654	672,087016112714	1	1065,21315431935	672,087016112714
6024	950,514537245981	730,161413732003	1	1049,48546275402	730,161413732003
6044	934,449635488591	722,690053804605	1	1065,55036451141	722,690053804605
6059	937,427896114353	715,371342845488	1	1062,57210388565	715,371342845488
6075	934,974117012966	690,047478154686	1	1065,02588298703	690,047478154686
6083	936,65518932443	669,092812640134	1	1063,34481067557	669,092812640134
6101	935,442736076621	644,687969179166	1	1064,55726392338	644,687969179166
6133	938,117357103986	645,960941807869	1	1061,88264289601	645,960941807869
6165	919,15238284932	633,521250850934	1	1080,84761715068	633,521250850934
6192	921,256490700868	634,717937216692	1	1078,74350929913	634,717937216692
6199	913,110815105644	626,450682240577	1	1086,88918489436	626,450682240577
6202	916,50585486722	622,383025596469	1	1083,49414513278	622,383025596469
6220	915,013564969649	626,019417266238	1	1084,98643503035	626,019417266238
6249	891,93700447073	643,148635087896	1	1108,06299552927	643,148635087896
6285	847,888988720059	655,440863070402	1	1152,11101127994	655,440863070402
6306	833,251701718517	659,495172840801	1	1166,74829828148	659,495172840801
6336	620,254648615139	596,672701416232	1	1379,74535138486	596,672701416232
6357	528,944739384716	560,153954165308	1	1471,05526061528	560,153954165308
6376	470,73335002315	559,52012696787	1	1529,26664997685	559,52012696787
6385	474,438983811946	562,059579110833	1	1525,56101618805	562,059579110833
6401	479,142775423229	565,981099428361	1	1520,85722457677	565,981099428361
6420	474,733364891253	583,733651118114	1	1525,26663510875	583,733651118114
6439	463,623380189163	588,312298158119	1	1536,37661981084	588,312298158119
6457	466,59483558427	588,232499844219	1	1533,40516441573	588,232499844219
6474	458,017775639952	596,33206769136	1	1541,98222436005	596,33206769136
6486	457,586176304225	599,845193445394	1	1542,41382369577	599,845193445394
6502	452,208086233869	597,907942829442	1	1547,79191376613	597,907942829442
6516	461,702777327336	564,569592489239	1	1538,29722267266	564,569592489239
6531	463,700440560627	560,061697976954	1	1536,29955943937	560,061697976954
6553	473,867700488128	533,00104907586	1	1526,13229951187	533,00104907586
6618	473,164096359044	557,104540325673	1	1526,83590364096	557,104540325673
6630	471,697238236728	561,130858291362	1	1528,30276176327	561,130858291362
6634	476,096644827015	585,317024202143	1	1523,90335517299	585,317024202143
6636	474,333574733875	580,496157510176	1	1525,66642526613	580,496157510176
6653	478,467430023263	583,619873535349	1	1521,53256997674	583,619873535349
6667	477,621343193064	585,142529879221	1	1522,37865680694	585,142529879221
6684	478,51391178645	591,174621376253	1	1521,48608821355	591,174621376253
6701	480,780280930065	613,955838999381	1	1519,21971906994	613,955838999381
6741	479,886322220915	613,957934577288	1	1520,11367777908	613,957934577288
6748	489,543984670163	579,258395533983	1	1510,45601532984	579,258395533983
6758	508,13813065672	589,100205012564	1	1491,86186934328	589,100205012564
6774	686,050337541953	635,412327126728	1	1313,94966245805	635,412327126728
6792	675,000239416536	633,296868172497	1	1324,99976058346	633,296868172497
6800	680,258404352041	635,385143423797	1	1319,74159564796	635,385143423797
6816	692,098055064318	626,722752408936	1	1307,90194493568	626,722752408936
6833	686,910551728507	625,355398007284	1	1313,08944827149	625,355398007284
6849	677,795551792567	627,844185453232	1	1322,20444820743	627,844185453232
6870	708,055066285741	626,434335310558	1	1291,94493371426	626,434335310558
6899	730,450134074301	624,482821991307	1	1269,5498659257	624,482821991307
6909	931,523503784435	617,748367343493	1	1068,47649621556	617,748367343493
6918	921,199905681506	617,108960075764	1	1078,80009431849	617,108960075764
6938	895,006393659971	619,822554150069	1	1104,99360634003	619,822554150069
6951	993,373369931	622,447454517257	1	1006,626630069	622,447454517257
6972	996,272573459743	627,395542228355	1	1003,72742654026	627,395542228355
6987	995,819324858155	629,997335198636	1	1004,18067514184	629,997335198636
7003	978,390349410765	632,142908575475	1	1021,60965058924	632,142908575475
7046	984,868559486889	634,723923673272	1	1015,13144051311	634,723923673272
7056	994,99144176261	629,205001560549	1	1005,00855823739	629,205001560549
7067	994,220903977716	629,111890042927	1	1005,77909602228	629,111890042927
7073	993,251224306995	623,551183301883	1	1006,748775693	623,551183301883
7143	992,848349023565	624,555285118775	1	1007,15165097643	624,555285118775
7147	973,614419552528	686,308518994639	1	1026,38558044747	686,308518994639
7154	960,859671449917	697,648651770347	1	1039,14032855008	697,648651770347
7157	936,554063508916	711,343480797239	1	1063,44593649108	711,343480797239
7158	954,303470701077	701,267634443798	1	1045,69652929892	701,267634443798
7176	889,389292597458	671,271404434833	1	1110,61070740254	671,271404434833
7195	878,910946755814	652,476227150446	1	1121,08905324419	652,476227150446
7216	870,142709312192	643,870315444658	1	1129,85729068781	643,870315444658
7255	874,870026590401	623,563751505321	1	1125,1299734096	623,563751505321
7268	865,436885932298	622,010680718511	1	1134,5631140677	622,010680718511
7274	861,879273291327	620,350799358165	1	1138,12072670867	620,350799358165
7280	860,048421234545	625,870145551407	1	1139,95157876546	625,870145551407
7283	860,840525218955	633,700481339106	1	1139,15947478104	633,700481339106
7296	862,961301621914	658,667207675713	1	1137,03869837809	658,667207675713
7325	853,582158311867	657,336619629922	1	1146,41784168813	657,336619629922
7342	825,688121981746	649,155090342824	1	1174,31187801825	649,155090342824
7364	784,321281683344	637,802935502913	1	1215,67871831666	637,802935502913
7373	736,452626051363	642,180222385696	1	1263,54737394864	642,180222385696
7394	537,667763357882	648,927045545007	1	1462,33223664212	648,927045545007
7408	489,083692419138	650,912113971465	1	1510,91630758086	650,912113971465
7445	477,254094150632	647,857866276387	1	1522,74590584937	647,857866276387
7464	460,277522034015	686,099343728102	1	1539,72247796599	686,099343728102
7469	436,58251226369	663,204987800655	1	1563,41748773631	663,204987800655
7509	440,616764648119	679,56228365257	1	1559,38323535188	679,56228365257
7537	441,304266234961	684,376792969224	1	1558,69573376504	684,376792969224
7542	439,205880077103	672,374104401843	1	1560,7941199229	672,374104401843
7579	439,131464639957	668,562462689529	1	1560,86853536004	668,562462689529
7582	445,412806533729	658,48144080714	1	1554,58719346627	658,48144080714
7584	445,689861906018	654,677293410132	1	1554,31013809398	654,677293410132
7586	448,668197490831	653,875820778705	1	1551,33180250917	653,875820778705
7587	448,554874103538	649,117586451163	1	1551,44512589646	649,117586451163
7601	447,678305334411	649,856200160511	1	1552,32169466559	649,856200160511
7625	449,627401083073	638,469770704439	1	1550,37259891693	638,469770704439
7641	444,401576061874	620,369653873706	1	1555,59842393813	620,369653873706
7658	435,077468075736	620,430614392922	1	1564,92253192426	620,430614392922
7672	429,996573820727	622,378663328135	1	1570,00342617927	622,378663328135
7696	430,985486937918	622,548227937617	1	1569,01451306208	622,548227937617
7705	426,636127316242	625,787392243404	1	1573,36387268376	625,787392243404
7718	419,677320760549	629,349269793342	1	1580,32267923945	629,349269793342
7733	428,307702816738	638,099601425721	1	1571,69229718326	638,099601425721
7746	433,893132326778	649,360095845476	1	1566,10686767322	649,360095845476
7779	437,378956778143	656,841660974056	1	1562,62104322186	656,841660974056
7832	437,826575463017	656,919436533106	1	1562,17342453698	656,919436533106
7837	489,794933717846	638,14892121828	1	1510,20506628215	638,14892121828
7840	494,886187317165	632,807013398248	1	1505,11381268283	632,807013398248
7844	633,912337833654	646,167341827865	1	1366,08766216635	646,167341827865
7855	823,570188845085	662,711524025941	1	1176,42981115491	662,711524025941
7863	830,738612861081	708,962284459352	1	1169,26138713892	708,962284459352
7885	832,264363072805	717,158309849567	1	1167,7356369272	717,158309849567
7912	874,967235031029	695,923669021788	1	1125,03276496897	695,923669021788
7960	897,092739549036	700,987393327689	1	1102,90726045096	700,987393327689
7986	903,116217908774	690,63333450599	1	1096,88378209123	690,63333450599
7990	895,014986486042	697,593484117876	1	1104,98501351396	697,593484117876
8002	903,197757358866	689,868186517691	1	1096,80224264113	689,868186517691
8005	909,292409876402	642,854364473535	1	1090,7075901236	642,854364473535
8018	923,172583088564	640,761771199209	1	1076,82741691144	640,761771199209
8051	908,245618047768	648,606305913227	1	1091,75438195223	648,606305913227
8058	911,96400635343	647,741197587795	1	1088,03599364657	647,741197587795
8078	901,962168386541	649,767844094134	1	1098,03783161346	649,767844094134
8097	895,98446581873	648,826412659719	1	1104,01553418127	648,826412659719
8110	903,910295036389	654,395902466417	1	1096,08970496361	654,395902466417
8126	894,794915186788	657,226026162223	1	1105,20508481321	657,226026162223
8142	894,997440549249	658,699404262359	1	1105,00255945075	658,699404262359
8151	892,966203911445	659,565292519194	1	1107,03379608855	659,565292519194
8171	891,237630074309	661,470799240762	1	1108,76236992569	661,470799240762
8176	891,539675497582	660,251672639215	1	1108,46032450242	660,251672639215
8194	891,272224752219	654,644951933824	1	1108,72777524778	654,644951933824
8233	893,006183555613	663,900523689687	1	1106,99381644439	663,900523689687
8245	893,205820700378	662,805094034789	1	1106,79417929962	662,805094034789
8267	896,03727526735	666,421592227646	1	1103,96272473265	666,421592227646
8284	898,967631910089	675,165066843256	1	1101,03236808991	675,165066843256
8339	901,461249457261	678,124668213961	1	1098,53875054274	678,124668213961
8348	902,597454446353	678,178445558593	1	1097,40254555365	678,178445558593
8357	903,666695906272	679,315829046919	1	1096,33330409373	679,315829046919
8380	894,070976856348	684,500106717701	1	1105,92902314365	684,500106717701
8398	894,711558254354	681,287286481735	1	1105,28844174565	681,287286481735
8420	891,307288193343	673,493643455658	1	1108,69271180666	673,493643455658
8426	889,249068361783	668,690727221037	1	1110,75093163822	668,690727221037
8451	882,718369636649	670,058092801188	1	1117,28163036335	670,058092801188
8514	880,425683936391	665,287580466128	1	1119,57431606361	665,287580466128
8537	884,110992617674	670,053201073138	1	1115,88900738233	670,053201073138
8546	885,922196234954	666,972310440637	1	1114,07780376505	666,972310440637
8549	883,897328854464	670,435179592385	1	1116,10267114554	670,435179592385
8552	841,846724092967	665,575651376562	1	1158,15327590703	665,575651376562
8555	726,22414050983	671,104825168429	1	1273,77585949017	671,104825168429
8595	683,631463777129	670,490792786053	1	1316,36853622287	670,490792786053
8599	647,439942084357	671,677790752632	1	1352,56005791564	671,677790752632
8601	495,633623453163	657,291542588579	1	1504,36637654684	657,291542588579
8622	467,551780994869	651,30590618242	1	1532,44821900513	651,30590618242
8647	474,581442506589	644,936413129063	1	1525,41855749341	644,936413129063
8663	467,157518551337	634,431856834542	1	1532,84248144866	634,431856834542
8677	473,029364062922	635,046763821846	1	1526,97063593708	635,046763821846
8693	474,879916924987	642,131807795554	1	1525,12008307501	642,131807795554
8712	476,244568979405	706,581100259551	1	1523,7554310206	706,581100259551
8717	476,85913116852	710,849454206603	1	1523,14086883148	710,849454206603
8735	475,37740650236	701,855688147406	1	1524,62259349764	701,855688147406
8753	470,653766962381	669,979978197768	1	1529,34623303762	669,979978197768
8761	468,73636103554	666,26162424643	1	1531,26363896446	666,26162424643
8786	462,052185939698	662,024350053818	1	1537,9478140603	662,024350053818
8810	458,972363964244	650,16103135261	1	1541,02763603576	650,16103135261
8831	460,596651602513	639,248530702347	1	1539,40334839749	639,248530702347
8857	457,939440334346	638,263193499629	1	1542,06055966565	638,263193499629
8863	455,201770902217	637,238567324274	1	1544,79822909778	637,238567324274
8879	453,513618379773	622,988365903617	1	1546,48638162023	622,988365903617
8893	452,411460851896	624,28888262867	1	1547,5885391481	624,28888262867
8900	453,241326507659	625,64868235811	1	1546,75867349234	625,64868235811
8916	453,928265923985	622,284112307067	1	1546,07173407601	622,284112307067
8937	451,991383818435	630,716492765257	1	1548,00861618156	630,716492765257
8961	452,98780315728	635,077876954894	1	1547,01219684272	635,077876954894
8992	492,361025028813	599,36246316902	1	1507,63897497119	599,36246316902
9004	542,655610933574	553,921920435504	1	1457,34438906643	553,921920435504
9006	576,627036310904	524,903238582576	1	1423,3729636891	524,903238582576
9022	630,679598409287	472,280285457692	1	1369,32040159071	472,280285457692
9037	698,220466106601	400,996456585327	1	1301,7795338934	400,996456585327
9053	840,89475173904	304,493599192983	1	1159,10524826096	304,493599192983
9088	841,726467518265	301,224923106496	1	1158,27353248173	301,224923106496
9092	846,615046429802	302,712205793325	1	1153,3849535702	302,712205793325
9107	826,612706677125	292,346936212361	1	1173,38729332287	292,346936212361
9146	836,071652399088	290,929869207677	1	1163,92834760091	290,929869207677
9152	842,550741841702	304,59429008643	1	1157,4492581583	304,59429008643
9166	831,305066044543	311,926580238551	1	1168,69493395546	311,926580238551
9170	835,34488869401	301,394023516845	1	1164,65511130599	301,394023516845
9186	840,034532343528	283,521445484285	1	1159,96546765647	283,521445484285
9199	843,754474093353	297,449115595437	1	1156,24552590665	297,449115595437
9215	854,145923430743	313,573283160131	1	1145,85407656926	313,573283160131
9234	879,665198305222	329,535556048549	1	1120,33480169478	329,535556048549
9248	903,845914744487	379,833743590543	1	1096,15408525551	379,833743590543
9273	948,21325340857	435,566368648171	1	1051,78674659143	435,566368648171
9294	995,411943894775	585,242785911939	1	1004,58805610522	585,242785911939
9301	992,762928718537	594,773941510352	1	1007,23707128146	594,773941510352
9316	980,630813698937	632,85082252977	1	1019,36918630106	632,85082252977
9339	976,894251869573	662,733374984062	1	1023,10574813043	662,733374984062
9356	980,919522420319	664,496349940546	1	1019,08047757968	664,496349940546
9374	980,71349572602	658,644376655251	1	1019,28650427398	658,644376655251
9436	979,384342916779	653,158627639966	1	1020,61565708322	653,158627639966
9469	985,089008909114	647,354058440678	1	1014,91099109089	647,354058440678
9474	977,483513027932	667,424106692112	1	1022,51648697207	667,424106692112
9477	977,697693722773	667,485233649267	1	1022,30230627723	667,485233649267
9482	978,994749656903	668,878403341789	1	1021,0052503431	668,878403341789
9485	976,867065015644	697,903533863692	1	1023,13293498436	697,903533863692
9487	975,511534108366	705,063362633483	1	1024,48846589163	705,063362633483
9501	963,97848187472	664,31399344273	1	1036,02151812528	664,31399344273
9522	971,596329025426	640,004072551249	1	1028,40367097457	640,004072551249
9529	975,219795968801	623,99611365065	1	1024,7802040312	623,99611365065
9550	980,043165352087	641,631329323683	1	1019,95683464791	641,631329323683
9585	980,367103248289	627,870746960339	1	1019,63289675171	627,870746960339
9616	992,222621762041	630,012737147976	1	1007,77737823796	630,012737147976
9632	996,851916868499	626,696258490912	1	1003,1480831315	626,696258490912
9639	1028,4806281264	594,467897993766	1	971,519371873601	594,467897993766
9644	1030,43940925689	568,546048590751	1	969,56059074311	568,546048590751
9660	1026,0666654484	561,028632983874	1	973,9333345516	561,028632983874
9664	1015,5595875825	554,432196361468	1	984,440412417498	554,432196361468
9681	983,358282883973	542,202758705626	1	1016,64171711603	542,202758705626
9706	887,157416338621	484,024584937894	1	1112,84258366138	484,024584937894
9741	774,938404915859	450,386789147782	1	1225,06159508414	450,386789147782
9757	642,555433070332	432,461042907292	1	1357,44456692967	432,461042907292
9785	463,544086024608	434,015478481723	1	1536,45591397539	434,015478481723
9820	480,08914570707	448,87607583528	1	1519,91085429293	448,87607583528
9823	482,508334885972	453,962441228841	1	1517,49166511403	453,962441228841
9829	472,277487510195	445,51996969473	1	1527,72251248981	445,51996969473
9842	504,092087418621	434,140864946467	1	1495,90791258138	434,140864946467
9880	500,879995389572	437,811319361189	1	1499,12000461043	437,811319361189
9896	481,908322697944	456,507312792557	1	1518,09167730206	456,507312792557
9940	501,289694754952	489,026757977048	1	1498,71030524505	489,026757977048
9967	501,841700508193	491,277251702142	1	1498,15829949181	491,277251702142
9973	514,256223140134	487,072163039502	1	1485,74377685987	487,072163039502
9976	516,812657379848	493,279318628165	1	1483,18734262015	493,279318628165
9978	512,168327520504	523,514291668818	1	1487,8316724795	523,514291668818
9998	512,234146482894	531,047353465386	1	1487,76585351711	531,047353465386
