4	753,565012401833	979,919655707541	1	1246,43498759817	979,919655707541
18	750,595352066125	1013,41559088003	1	1249,40464793388	1013,41559088003
51	749,234557378547	1022,96100180741	0			1250,76544262145	1022,96100180741
55	748,029195562461	1013,55607348635	1	1251,97080443754	1013,55607348635
75	747,621107293907	1009,89954922861	1	1252,37889270609	1009,89954922861
91	747,667355650455	1005,54040182318	1	1252,33264434955	1005,54040182318
104	748,24977801508	1009,38838307652	1	1251,75022198492	1009,38838307652
116	743,667896896972	1012,24256172848	1	1256,33210310303	1012,24256172848
134	743,522734399854	1011,770260838	1	1256,47726560015	1011,770260838
152	743,661383554727	1009,16666507997	1	1256,33861644527	1009,16666507997
162	741,757610456264	1011,65539305414	1	1258,24238954374	1011,65539305414
183	739,747474049271	1011,6800796569	1	1260,25252595073	1011,6800796569
196	739,544056294128	1014,03670274889	1	1260,45594370587	1014,03670274889
212	739,676404192898	1020,61272057964	0			1260,3235958071	1020,61272057964
246	740,866619983698	1024,43135663354	0			1259,1333800163	1024,43135663354
252	747,331283933842	1026,33758832363	0			1252,66871606616	1026,33758832363
268	747,871540901182	1025,88422822266	0			1252,12845909882	1025,88422822266
283	754,083486927942	1030,16358397177	0			1245,91651307206	1030,16358397177
296	751,442367247508	1027,67144110402	0			1248,55763275249	1027,67144110402
312	750,625194645038	1029,4373916277	0			1249,37480535496	1029,4373916277
327	771,439333900805	956,361653224373	1	1228,5606660992	956,361653224373
341	788,499246814488	882,005217313526	1	1211,50075318551	882,005217313526
360	812,011948735809	770,820505483696	1	1187,98805126419	770,820505483696
387	836,825374037456	670,087012191689	1	1163,17462596254	670,087012191689
406	841,435609885744	671,177087258158	1	1158,56439011426	671,177087258158
422	853,558693817081	704,825955941067	1	1146,44130618292	704,825955941067
436	846,676617060397	685,552585295934	1	1153,3233829396	685,552585295934
452	839,099923928642	696,291905581848	1	1160,90007607136	696,291905581848
469	833,209317331685	706,573782209283	1	1166,79068266832	706,573782209283
479	833,390281653009	707,204754634948	1	1166,60971834699	707,204754634948
496	835,301527801589	705,170923002264	1	1164,69847219841	705,170923002264
524	834,958900070794	708,154731279106	1	1165,04109992921	708,154731279106
554	834,155987523352	691,984953459012	1	1165,84401247665	691,984953459012
572	837,75933601317	682,887030506972	1	1162,24066398683	682,887030506972
573	840,59345095936	687,699023025739	1	1159,40654904064	687,699023025739
586	840,470112224415	706,870023333151	1	1159,52988777558	706,870023333151
600	832,833110659049	756,329671030994	1	1167,16688934095	756,329671030994
620	828,965466398762	771,349923221133	1	1171,03453360124	771,349923221133
631	824,749471863494	790,94557013569	1	1175,25052813651	790,94557013569
648	821,567313859473	820,735840031494	1	1178,43268614053	820,735840031494
657	820,76880414015	834,383480730419	1	1179,23119585985	834,383480730419
693	820,950499051799	833,203721035345	1	1179,0495009482	833,203721035345
705	823,531816637524	833,79640648128	1	1176,46818336248	833,79640648128
724	819,809304318473	835,017128016474	1	1180,19069568153	835,017128016474
739	820,20060740048	838,000449266127	1	1179,79939259952	838,000449266127
751	818,326760837895	840,855476605442	1	1181,6732391621	840,855476605442
766	816,517794355833	841,329959353253	1	1183,48220564417	841,329959353253
779	813,013423018359	843,74308545722	1	1186,98657698164	843,74308545722
794	818,039355992157	829,547132452277	1	1181,96064400784	829,547132452277
809	818,212635417066	828,846725467042	1	1181,78736458293	828,846725467042
838	818,917405647017	825,282872200792	1	1181,08259435298	825,282872200792
854	820,664651645422	825,905281680545	1	1179,33534835458	825,905281680545
871	821,755538356396	824,993276954985	1	1178,2444616436	824,993276954985
883	814,08430886031	832,98756634902	1	1185,91569113969	832,98756634902
898	812,826015193557	834,736762003605	1	1187,17398480644	834,736762003605
917	810,956815379198	840,601106137531	1	1189,0431846208	840,601106137531
929	812,562144265782	844,396291899856	1	1187,43785573422	844,396291899856
950	809,154663920598	843,545763379229	1	1190,8453360794	843,545763379229
969	803,71735123526	845,374277006695	1	1196,28264876474	845,374277006695
992	802,199973878355	845,355277508634	1	1197,80002612164	845,355277508634
1045	801,445447133005	845,87427893893	1	1198,554552867	845,87427893893
1085	794,246503493786	845,254329630982	1	1205,75349650621	845,254329630982
1090	794,398008220627	845,661762507524	1	1205,60199177937	845,661762507524
1093	798,040179302542	846,924609858984	1	1201,95982069746	846,924609858984
1096	804,332334619331	846,636235977197	1	1195,66766538067	846,636235977197
1110	802,937817677034	839,945917338073	1	1197,06218232297	839,945917338073
1117	795,290822571993	839,179715925648	1	1204,70917742801	839,179715925648
1119	791,713698757324	836,406586079568	1	1208,28630124268	836,406586079568
1140	797,611133732646	823,287606733355	1	1202,38886626735	823,287606733355
1153	784,975523030513	792,899470714244	1	1215,02447696949	792,899470714244
1170	779,041207564779	756,0408912951	1	1220,95879243522	756,0408912951
1187	762,138562761527	721,642493881346	1	1237,86143723847	721,642493881346
1203	757,190570055519	713,138883526137	1	1242,80942994448	713,138883526137
1216	742,132479965053	693,045287438474	1	1257,86752003495	693,045287438474
1233	713,383987322414	698,788881454956	1	1286,61601267759	698,788881454956
1248	716,186147248892	693,423003685742	1	1283,81385275111	693,423003685742
1266	716,044523120071	685,058389653418	1	1283,95547687993	685,058389653418
1289	702,049710124293	683,276869077359	1	1297,95028987571	683,276869077359
1306	704,502965952233	674,79118258498	1	1295,49703404777	674,79118258498
1319	700,59257230523	676,546124337359	1	1299,40742769477	676,546124337359
1333	696,093419081556	670,144624619334	1	1303,90658091844	670,144624619334
1350	691,547686861584	668,469620094718	1	1308,45231313842	668,469620094718
1384	685,319655988742	665,359843112746	1	1314,68034401126	665,359843112746
1395	686,319488909637	664,483628019031	1	1313,68051109036	664,483628019031
1439	682,270903592715	678,435321144004	1	1317,72909640729	678,435321144004
1452	684,060906349641	677,233009920464	1	1315,93909365036	677,233009920464
1473	693,381454315163	655,869609953951	1	1306,61854568484	655,869609953951
1489	696,192669162326	650,108532731281	1	1303,80733083767	650,108532731281
1508	701,865101453037	649,013208804266	1	1298,13489854696	649,013208804266
1517	702,872983493567	647,291797791935	1	1297,12701650643	647,291797791935
1548	702,429921511531	654,39346120767	1	1297,57007848847	654,39346120767
1556	703,566852177584	656,971692280744	1	1296,43314782242	656,971692280744
1568	705,85227678315	668,486989027534	1	1294,14772321685	668,486989027534
1592	707,053487026818	690,859670460699	1	1292,94651297318	690,859670460699
1609	707,721772493648	698,834460871188	1	1292,27822750635	698,834460871188
1619	708,786216834546	723,204843234005	1	1291,21378316545	723,204843234005
1637	697,847841780103	709,974802767908	1	1302,1521582199	709,974802767908
1648	688,01778619815	689,38642124308	1	1311,98221380185	689,38642124308
1667	696,267633344382	697,058123718914	1	1303,73236665562	697,058123718914
1681	707,87967519257	666,35737933975	1	1292,12032480743	666,35737933975
1694	711,944084672038	664,858085778828	1	1288,05591532796	664,858085778828
1721	712,698807453248	664,618596452559	1	1287,30119254675	664,618596452559
1738	722,111963008864	653,014976074359	1	1277,88803699114	653,014976074359
1755	721,31366664132	655,038809812083	1	1278,68633335868	655,038809812083
1783	707,13223719549	658,352470267918	1	1292,86776280451	658,352470267918
1784	707,151599291041	657,028485557769	1	1292,84840070896	657,028485557769
1800	706,640952287312	658,910411185808	1	1293,35904771269	658,910411185808
1821	716,421117243242	691,379219264232	1	1283,57888275676	691,379219264232
1832	722,030177986641	691,189982141071	1	1277,96982201336	691,189982141071
1844	723,212488478964	689,125074501453	1	1276,78751152104	689,125074501453
1858	724,337422414795	688,842750761179	1	1275,66257758521	688,842750761179
1890	719,876076904974	677,243947495879	1	1280,12392309503	677,243947495879
1907	714,795039810297	669,680933972734	1	1285,2049601897	669,680933972734
1918	709,69810602082	671,743198255164	1	1290,30189397918	671,743198255164
1936	707,7397265608	676,180717143296	1	1292,2602734392	676,180717143296
1951	708,899729733174	678,914746880338	1	1291,10027026683	678,914746880338
1982	735,520107138649	691,953934568978	1	1264,47989286135	691,953934568978
2003	746,765367881389	688,136957141309	1	1253,23463211861	688,136957141309
2032	757,46629468589	686,710182721828	1	1242,53370531411	686,710182721828
2034	762,8234106352	689,401043734837	1	1237,1765893648	689,401043734837
2045	782,694894664012	687,880640765744	1	1217,30510533599	687,880640765744
2056	800,763371304581	673,125074312827	1	1199,23662869542	673,125074312827
2072	805,957786222681	676,788127798267	1	1194,04221377732	676,788127798267
2084	811,858392980803	681,264551764439	1	1188,1416070192	681,264551764439
2099	814,295922425223	686,143802312448	1	1185,70407757478	686,143802312448
2114	814,946619335889	684,735020290878	1	1185,05338066411	684,735020290878
2133	815,268928631774	681,736918246381	1	1184,73107136823	681,736918246381
2152	814,979483794318	686,95318706759	1	1185,02051620568	686,95318706759
2163	816,25115796717	688,123987968936	1	1183,74884203283	688,123987968936
2188	814,980420732822	688,204548507013	1	1185,01957926718	688,204548507013
2205	815,326244254671	691,528237602989	1	1184,67375574533	691,528237602989
2218	813,144016837487	688,967560982445	1	1186,85598316251	688,967560982445
2230	805,842212082903	693,154309690745	1	1194,1577879171	693,154309690745
2256	807,852822500226	690,902600659815	1	1192,14717749977	690,902600659815
2269	810,570944185958	689,23062114356	1	1189,42905581404	689,23062114356
2282	810,551377948307	699,694680888672	1	1189,44862205169	699,694680888672
2297	809,343389915716	697,050032267131	1	1190,65661008428	697,050032267131
2311	799,097527405071	697,661977996137	1	1200,90247259493	697,661977996137
2342	799,804340058578	698,875019191754	1	1200,19565994142	698,875019191754
2358	807,462758656684	695,792055535809	1	1192,53724134332	695,792055535809
2371	809,450569533777	698,048778583021	1	1190,54943046622	698,048778583021
2387	810,767642162483	703,740409779509	1	1189,23235783752	703,740409779509
2401	811,408727094094	706,824979438985	1	1188,59127290591	706,824979438985
2412	799,611779682576	726,070536920893	1	1200,38822031742	726,070536920893
2433	796,641831388032	719,834210058074	1	1203,35816861197	719,834210058074
2450	796,18036860011	715,217944071332	1	1203,81963139989	715,217944071332
2476	801,066944183526	704,352002013667	1	1198,93305581647	704,352002013667
2492	801,14530458089	705,94647413756	1	1198,85469541911	705,94647413756
2503	807,98734392181	693,312043787481	1	1192,01265607819	693,312043787481
2520	809,551332523415	695,000369639132	1	1190,44866747659	695,000369639132
2533	812,281758350811	696,345140145974	1	1187,71824164919	696,345140145974
2548	814,889577749205	703,333520354614	1	1185,1104222508	703,333520354614
2565	830,617690809788	714,900723868884	1	1169,38230919021	714,900723868884
2580	831,346200422423	718,457034849088	1	1168,65379957758	718,457034849088
2593	828,333172862448	699,416775357765	1	1171,66682713755	699,416775357765
2609	826,306199989759	695,6611715695	1	1173,69380001024	695,6611715695
2637	823,32204809787	685,733628299184	1	1176,67795190213	685,733628299184
2655	811,465582482783	703,822254353773	1	1188,53441751722	703,822254353773
2672	800,226968312856	707,225038842373	1	1199,77303168714	707,225038842373
2684	778,436339877456	719,080868440524	1	1221,56366012254	719,080868440524
2702	763,236586170011	719,409741402997	1	1236,76341382999	719,409741402997
2715	722,42177223876	716,900232988374	1	1277,57822776124	716,900232988374
2728	722,143265229672	714,429477673123	1	1277,85673477033	714,429477673123
2744	719,000896989443	711,590828983053	1	1280,99910301056	711,590828983053
2771	703,783274801343	702,224648929991	1	1296,21672519866	702,224648929991
2794	683,843463496414	687,7674545443	1	1316,15653650359	687,7674545443
2811	683,596689955347	687,23637382495	1	1316,40331004465	687,23637382495
2820	683,084378887664	686,757065946355	1	1316,91562111234	686,757065946355
2836	681,192003696041	688,77649334819	1	1318,80799630396	688,77649334819
2849	679,337402769056	692,627297457035	1	1320,66259723094	692,627297457035
2871	680,774294736732	696,450979630827	1	1319,22570526327	696,450979630827
2884	690,820939554618	706,902091452756	1	1309,17906044538	706,902091452756
2895	686,311641474275	709,475967539295	1	1313,68835852573	709,475967539295
2921	683,404006584747	709,635718860471	1	1316,59599341525	709,635718860471
2944	690,506939528616	689,939259486408	1	1309,49306047138	689,939259486408
2957	689,243163980604	683,796062183737	1	1310,7568360194	683,796062183737
2972	684,815801467883	674,044180094623	1	1315,18419853212	674,044180094623
2986	680,693033642486	670,581708835328	1	1319,30696635751	670,581708835328
3004	681,989661610621	668,200147939044	1	1318,01033838938	668,200147939044
3026	678,906341655465	664,772006886792	1	1321,09365834454	664,772006886792
3047	676,077343800088	657,944738164899	1	1323,92265619991	657,944738164899
3059	676,249952067927	669,076818448755	1	1323,75004793207	669,076818448755
3074	676,848714016392	680,322236142009	1	1323,15128598361	680,322236142009
3088	676,510970768176	695,222213917684	1	1323,48902923182	695,222213917684
3112	678,326767704673	696,634944301402	1	1321,67323229533	696,634944301402
3125	679,674584579115	692,99251250736	1	1320,32541542088	692,99251250736
3137	680,322129930304	692,906179403366	1	1319,6778700697	692,906179403366
3152	678,152234091573	692,365507988932	1	1321,84776590843	692,365507988932
3168	678,860264036628	693,638136449167	1	1321,13973596337	693,638136449167
3180	678,700826323509	694,435966763698	1	1321,29917367649	694,435966763698
3209	677,880109021399	691,442272088455	1	1322,1198909786	691,442272088455
3252	677,531639027556	681,304463639454	1	1322,46836097244	681,304463639454
3267	678,92840468515	665,505318941054	1	1321,07159531485	665,505318941054
3299	822,403304582703	684,794161079106	1	1177,5966954173	684,794161079106
3313	825,345449357376	690,728628788294	1	1174,65455064262	690,728628788294
3334	864,346528600059	700,882492093087	1	1135,65347139994	700,882492093087
3349	856,354670198255	700,121889753486	1	1143,64532980174	700,121889753486
3362	847,443591045457	698,275552351297	1	1152,55640895454	698,275552351297
3396	871,029863079156	715,816510972135	1	1128,97013692084	715,816510972135
3415	896,011857829961	725,676224770087	1	1103,98814217004	725,676224770087
3424	905,0489958669	731,603132984128	1	1094,9510041331	731,603132984128
3445	903,279221486119	729,79247429054	1	1096,72077851388	729,79247429054
3455	910,478711438828	723,785197308338	1	1089,52128856117	723,785197308338
3469	906,221273055505	717,661112904587	1	1093,7787269445	717,661112904587
3479	909,918549821068	718,12911109532	1	1090,08145017893	718,12911109532
3492	901,230807972528	730,005459636969	1	1098,76919202747	730,005459636969
3509	898,149722503519	726,766879470357	1	1101,85027749648	726,766879470357
3540	894,840944084652	727,71350916509	1	1105,15905591535	727,71350916509
3561	894,452836561448	727,601333650708	1	1105,54716343855	727,601333650708
3575	892,073517095042	721,547486714176	1	1107,92648290496	721,547486714176
3608	896,091767024993	707,819897928547	1	1103,90823297501	707,819897928547
3610	896,166552109475	704,945033472262	1	1103,83344789052	704,945033472262
3624	893,937084158651	694,039189078656	1	1106,06291584135	694,039189078656
3639	897,010191370857	703,188490306213	1	1102,98980862914	703,188490306213
3648	899,201917779868	709,189964295835	1	1100,79808222013	709,189964295835
3674	908,529073853657	722,532489503966	1	1091,47092614634	722,532489503966
3693	910,919331844899	730,843739400066	1	1089,0806681551	730,843739400066
3709	914,567885381923	712,080094481259	1	1085,43211461808	712,080094481259
3724	910,518346109708	716,725625593226	1	1089,48165389029	716,725625593226
3741	910,18080846407	715,922691907294	1	1089,81919153593	715,922691907294
3756	906,897492275617	718,000944216225	1	1093,10250772438	718,000944216225
3779	893,264053748881	721,598307369418	1	1106,73594625112	721,598307369418
3784	894,370189852253	724,1277499568	1	1105,62981014775	724,1277499568
3815	900,392375492775	725,382319867174	1	1099,60762450722	725,382319867174
3829	897,107545668548	733,538823123002	1	1102,89245433145	733,538823123002
3846	897,008621475195	715,039726941421	1	1102,9913785248	715,039726941421
3895	893,125032416271	733,817405871497	1	1106,87496758373	733,817405871497
3909	892,990735458443	685,673892664071	1	1107,00926454156	685,673892664071
3912	895,347535829324	706,538226884164	1	1104,65246417068	706,538226884164
3916	885,004576894577	707,496528958134	1	1114,99542310542	707,496528958134
3935	878,836430174386	715,750289819499	1	1121,16356982561	715,750289819499
3957	862,246962700451	709,094939086408	1	1137,75303729955	709,094939086408
3960	851,950111056753	706,0493156395	1	1148,04988894325	706,0493156395
3971	839,113273177456	695,861802896738	1	1160,88672682254	695,861802896738
3989	834,224971476787	690,709177114486	1	1165,77502852321	690,709177114486
4018	824,028439547724	685,767965339143	1	1175,97156045228	685,767965339143
4024	814,721012000156	684,512893135195	1	1185,27898799984	684,512893135195
4038	817,575463503131	688,926994789325	1	1182,42453649687	688,926994789325
4054	806,832901858711	721,529766669349	1	1193,16709814129	721,529766669349
4080	803,412883407872	734,512521868094	1	1196,58711659213	734,512521868094
4096	797,29759720893	748,322533564317	1	1202,70240279107	748,322533564317
4100	799,286603842268	757,470774469677	1	1200,71339615773	757,470774469677
4113	803,986266664662	763,120008530416	1	1196,01373333534	763,120008530416
4148	797,257874452289	771,991207712432	1	1202,74212554771	771,991207712432
4177	785,665732723873	774,277295752318	1	1214,33426727613	774,277295752318
4195	775,181532144388	767,744989406184	1	1224,81846785561	767,744989406184
4215	765,698935529561	752,724503001746	1	1234,30106447044	752,724503001746
4231	765,458982167503	759,953549065167	1	1234,5410178325	759,953549065167
4249	765,393280986963	755,795858209406	1	1234,60671901304	755,795858209406
4264	818,585097577939	657,017430918558	1	1181,41490242206	657,017430918558
4295	834,190234291113	649,361016397009	1	1165,80976570889	649,361016397009
4318	833,900146868034	686,622777974356	1	1166,09985313197	686,622777974356
4340	835,130996458939	697,065842929752	1	1164,86900354106	697,065842929752
4345	836,774504663879	705,883153641651	1	1163,22549533612	705,883153641651
4348	839,72589969429	714,081402339473	1	1160,27410030571	714,081402339473
4363	847,617657960913	722,138170176596	1	1152,38234203909	722,138170176596
4379	835,428020924258	695,037145634877	1	1164,57197907574	695,037145634877
4408	833,487534541362	686,232818252981	1	1166,51246545864	686,232818252981
4443	832,682373295397	659,837591697933	1	1167,3176267046	659,837591697933
4463	820,295365339887	616,789581206712	1	1179,70463466011	616,789581206712
4481	823,243176082094	638,953301740009	1	1176,75682391791	638,953301740009
4499	837,285200168099	655,294954968616	1	1162,7147998319	655,294954968616
4517	841,082521871268	664,734061887556	1	1158,91747812873	664,734061887556
4537	844,436280711614	670,490257565172	1	1155,56371928839	670,490257565172
4555	844,712622052425	669,583846868007	1	1155,28737794757	669,583846868007
4561	853,749675815541	687,166861471796	1	1146,25032418446	687,166861471796
4581	854,291167123336	691,06543173883	1	1145,70883287666	691,06543173883
4618	813,617777001269	680,129646262908	1	1186,38222299873	680,129646262908
4623	818,131479009309	689,418716108602	1	1181,86852099069	689,418716108602
4624	809,894663443176	745,408979589401	1	1190,10533655682	745,408979589401
4641	835,256819353098	779,687442335213	1	1164,7431806469	779,687442335213
4678	836,28078885976	782,70862440415	1	1163,71921114024	782,70862440415
4693	827,793240049728	786,865122565156	1	1172,20675995027	786,865122565156
4697	814,183572549689	779,718524899948	1	1185,81642745031	779,718524899948
4713	805,993567048467	772,602925949245	1	1194,00643295153	772,602925949245
4744	822,322315403383	752,074006379844	1	1177,67768459662	752,074006379844
4775	845,305173697531	724,425646883093	1	1154,69482630247	724,425646883093
4807	860,094329437814	714,38503827311	1	1139,90567056219	714,38503827311
4812	884,970450999856	721,384355440138	1	1115,02954900014	721,384355440138
4815	908,985086671435	694,797611173422	1	1091,01491332856	694,797611173422
4817	912,141733028439	693,116527894143	1	1087,85826697156	693,116527894143
4834	916,232936431899	683,920376856852	1	1083,7670635681	683,920376856852
4853	914,448464515508	680,144860613038	1	1085,55153548449	680,144860613038
4866	916,604115821428	676,713113543533	1	1083,39588417857	676,713113543533
4889	912,833894508061	672,354978978006	1	1087,16610549194	672,354978978006
4904	908,8448044769	667,805921505149	1	1091,1551955231	667,805921505149
4921	903,277041873723	702,858111440045	1	1096,72295812628	702,858111440045
4936	898,767611168171	717,756176812732	1	1101,23238883183	717,756176812732
4954	901,363359132501	761,750742289952	1	1098,6366408675	761,750742289952
4986	902,131990616155	767,235488046629	1	1097,86800938385	767,235488046629
4993	908,975185901673	757,29084160185	1	1091,02481409833	757,29084160185
4997	917,192284839847	735,853324458555	1	1082,80771516015	735,853324458555
5049	921,959948205537	696,687125606432	1	1078,04005179446	696,687125606432
5061	913,232620445052	661,970641654471	1	1086,76737955495	661,970641654471
5075	908,50484465127	648,612416490591	1	1091,49515534873	648,612416490591
5089	911,482987845258	650,972837102254	1	1088,51701215474	650,972837102254
5115	906,872471881979	659,430301087324	1	1093,12752811802	659,430301087324
5118	906,713681178774	662,154375554822	1	1093,28631882123	662,154375554822
5142	908,098515197535	658,689762366016	1	1091,90148480247	658,689762366016
5163	893,924320201545	659,108616464617	1	1106,07567979845	659,108616464617
5200	885,092685894787	645,287856024541	1	1114,90731410521	645,287856024541
5220	887,470610149005	652,651661263578	1	1112,529389851	652,651661263578
5253	903,422278485888	652,608466815282	1	1096,57772151411	652,608466815282
5264	908,549537413492	687,925890068633	1	1091,45046258651	687,925890068633
5280	910,213109030892	698,237158493227	1	1089,78689096911	698,237158493227
5285	915,053815361423	707,940006596419	1	1084,94618463858	707,940006596419
5293	922,470041648322	696,811143266946	1	1077,52995835168	696,811143266946
5310	924,072020406486	688,049495948944	1	1075,92797959351	688,049495948944
5350	989,56689713711	672,801013977247	1	1010,43310286289	672,801013977247
5379	998,558955144306	669,193656995519	1	1001,44104485569	669,193656995519
5393	992,810599717245	660,805102512153	1	1007,18940028275	660,805102512153
5417	1013,63234528554	662,009264737354	1	986,367654714457	662,009264737354
5449	1020,65906781644	661,178387979215	1	979,340932183556	661,178387979215
5453	1034,59172316084	656,93667064795	1	965,408276839163	656,93667064795
5456	1037,46193770615	656,702617286777	1	962,538062293846	656,702617286777
5459	1029,31995655326	653,455149589038	1	970,680043446741	653,455149589038
5463	1026,40629577759	645,154993442642	1	973,593704222413	645,154993442642
5488	1004,71240469575	635,456807267772	1	995,287595304254	635,456807267772
5507	1009,16395778322	640,479268346603	1	990,836042216783	640,479268346603
5533	1000,59371906302	670,665118312155	1	999,406280936978	670,665118312155
5537	1009,01600579283	662,545850690831	1	990,983994207169	662,545850690831
5551	981,56202661982	706,893970011518	1	1018,43797338018	706,893970011518
5572	972,978307280216	763,251602784935	1	1027,02169271978	763,251602784935
5588	957,138081121286	768,53159469556	1	1042,86191887871	768,53159469556
5595	935,115675124641	767,136731043244	1	1064,88432487536	767,136731043244
5609	952,629626334846	772,302176878355	1	1047,37037366515	772,302176878355
5652	935,585041174622	767,804071059753	1	1064,41495882538	767,804071059753
5672	935,121968175376	766,827792860521	1	1064,87803182462	766,827792860521
5698	961,573862350282	750,945604218651	1	1038,42613764972	750,945604218651
5720	972,218591982985	724,936398771524	1	1027,78140801702	724,936398771524
5748	996,397629926658	691,056166494199	1	1003,60237007334	691,056166494199
5752	1004,24999838065	684,925494988721	1	995,750001619355	684,925494988721
5762	1028,24516641032	627,896243803146	1	971,754833589681	627,896243803146
5791	1035,75082470709	626,905839027629	1	964,249175292912	626,905839027629
5816	1017,77802724749	675,838500950457	1	982,221972752513	675,838500950457
5823	954,548886876564	784,297585031106	1	1045,45111312344	784,297585031106
5833	914,062740679975	826,263013590967	1	1085,93725932003	826,263013590967
5875	875,274221668874	854,107486696277	1	1124,72577833113	854,107486696277
5900	735,172199614549	907,101201151611	1	1264,82780038545	907,101201151611
5903	717,75819687232	928,053647371958	1	1282,24180312768	928,053647371958
5911	696,038198531785	961,709728211731	1	1303,96180146822	961,709728211731
5979	691,386581123417	968,213537032401	1	1308,61341887658	968,213537032401
6004	703,310316940514	945,389322365076	1	1296,68968305949	945,389322365076
6011	738,568251159688	921,408225519914	1	1261,43174884031	921,408225519914
6031	743,474846988383	882,508091240954	1	1256,52515301162	882,508091240954
6063	764,59514246825	842,059146566222	1	1235,40485753175	842,059146566222
6094	837,085966769814	793,935219102052	1	1162,91403323019	793,935219102052
6120	820,719538886113	776,033422124723	1	1179,28046111389	776,033422124723
6133	794,248719550656	812,262769566371	1	1205,75128044934	812,262769566371
6146	800,321261523083	797,215127046994	1	1199,67873847692	797,215127046994
6154	788,077189533949	817,196210831837	1	1211,92281046605	817,196210831837
6184	789,149640870013	816,508464083778	1	1210,85035912999	816,508464083778
6206	787,968461303729	788,300180017229	1	1212,03153869627	788,300180017229
6221	784,243201254711	793,044224773032	1	1215,75679874529	793,044224773032
6233	777,869476620224	787,804762591433	1	1222,13052337978	787,804762591433
6243	776,391912170773	782,361361371132	1	1223,60808782923	782,361361371132
6265	791,556431229528	788,082286240454	1	1208,44356877047	788,082286240454
6276	787,906621889675	789,312600505919	1	1212,09337811033	789,312600505919
6298	795,983648143264	795,284924663655	1	1204,01635185674	795,284924663655
6314	790,221393301913	795,896701527396	1	1209,77860669809	795,896701527396
6330	792,341953297593	795,130426040908	1	1207,65804670241	795,130426040908
6344	792,811237438445	795,391288083931	1	1207,18876256156	795,391288083931
6363	792,951479116891	793,681385887347	1	1207,04852088311	793,681385887347
6407	793,983686250519	779,465537948742	1	1206,01631374948	779,465537948742
6418	798,787509303313	798,408255080944	1	1201,21249069669	798,408255080944
6422	799,287246253754	800,794701012623	1	1200,71275374625	800,794701012623
6442	800,748242850233	805,794104910406	1	1199,25175714977	805,794104910406
6470	792,970365047443	797,775749196195	1	1207,02963495256	797,775749196195
6474	791,195239956122	804,061864888168	1	1208,80476004388	804,061864888168
6491	781,503786838081	799,497251143635	1	1218,49621316192	799,497251143635
6499	782,143071420233	800,637236406004	1	1217,85692857977	800,637236406004
6517	781,300844620508	800,397293357065	1	1218,69915537949	800,397293357065
6552	780,728115584323	805,001067144336	1	1219,27188441568	805,001067144336
6556	779,336134198815	812,385393043071	1	1220,66386580118	812,385393043071
6575	779,881474182373	809,326370576517	1	1220,11852581763	809,326370576517
6592	783,616420911693	816,708724613578	1	1216,38357908831	816,708724613578
6608	777,893403828273	809,000050473741	1	1222,10659617173	809,000050473741
6618	777,124936318896	808,439426047632	1	1222,8750636811	808,439426047632
6636	774,476089701796	809,404531912978	1	1225,5239102982	809,404531912978
6653	772,34730064744	808,997010138916	1	1227,65269935256	808,997010138916
6683	773,114305125772	808,911282751918	1	1226,88569487423	808,911282751918
6702	775,047782591847	819,170744187842	1	1224,95221740815	819,170744187842
6717	775,125770891632	818,99838763394	1	1224,87422910837	818,99838763394
6743	779,799161912709	815,996880142089	1	1220,20083808729	815,996880142089
6759	787,988031133649	802,841047803099	1	1212,01196886635	802,841047803099
6771	790,778084735893	800,18858816424	1	1209,22191526411	800,18858816424
6774	799,820551682701	814,434147887771	1	1200,1794483173	814,434147887771
6780	798,442274559784	815,135542573845	1	1201,55772544022	815,135542573845
6804	793,812708314611	809,814347032074	1	1206,18729168539	809,814347032074
6823	798,33950284511	811,363074540917	1	1201,66049715489	811,363074540917
6840	808,097484679654	796,9032679376	1	1191,90251532035	796,9032679376
6861	810,64731827498	802,852140689923	1	1189,35268172502	802,852140689923
6879	825,646760090541	796,206222797354	1	1174,35323990946	796,206222797354
6895	827,371488383508	796,803762098217	1	1172,62851161649	796,803762098217
6912	829,77176372202	800,112541873523	1	1170,22823627798	800,112541873523
6938	835,221150073351	795,759411676881	1	1164,77884992665	795,759411676881
6955	833,077463657715	794,013561280822	1	1166,92253634229	794,013561280822
6962	835,560110090033	794,317188503517	1	1164,43988990997	794,317188503517
6967	835,475820967368	794,632650058548	1	1164,52417903263	794,632650058548
6993	832,999068039859	787,126948161488	1	1167,00093196014	787,126948161488
7017	833,117566647215	780,576662151229	1	1166,88243335279	780,576662151229
7033	832,561132758133	774,277534942197	1	1167,43886724187	774,277534942197
7050	831,166524263588	769,217284706386	1	1168,83347573641	769,217284706386
7068	832,07170627683	763,58732038064	1	1167,92829372317	763,58732038064
7084	857,240355933377	771,672225371393	1	1142,75964406662	771,672225371393
7101	862,656044207105	760,10229152209	1	1137,3439557929	760,10229152209
7116	878,134455729875	749,02611403861	1	1121,86554427012	749,02611403861
7144	885,834404372298	742,196824508175	1	1114,1655956277	742,196824508175
7165	881,131690569716	737,52542378168	1	1118,86830943028	737,52542378168
7211	887,655156584386	717,328020942374	1	1112,34484341561	717,328020942374
7229	886,416081056741	719,294342761692	1	1113,58391894326	719,294342761692
7234	891,274049278369	722,268088488023	1	1108,72595072163	722,268088488023
7236	891,486750285094	719,500695016383	1	1108,51324971491	719,500695016383
7238	890,991937380138	722,299233664786	1	1109,00806261986	722,299233664786
7254	889,135427139842	741,935318586431	1	1110,86457286016	741,935318586431
7264	888,765185010552	774,736323183947	1	1111,23481498945	774,736323183947
7295	885,445209349798	772,437242855637	1	1114,5547906502	772,437242855637
7317	882,305246159707	704,521360999953	1	1117,69475384029	704,521360999953
7333	877,957860805614	697,514227237861	1	1122,04213919439	697,514227237861
7337	873,865423237129	687,726892868295	1	1126,13457676287	687,726892868295
7353	871,495854558479	691,212129663332	1	1128,50414544152	691,212129663332
7369	870,438344326608	695,645790771026	1	1129,56165567339	695,645790771026
7385	877,371737133828	711,74177893891	1	1122,62826286617	711,74177893891
7413	879,368297342405	715,204441853154	1	1120,6317026576	715,204441853154
7418	883,079260500025	727,532822703753	1	1116,92073949998	727,532822703753
7442	889,354982441317	737,771834877064	1	1110,64501755868	737,771834877064
7464	887,691997463995	734,72299313169	1	1112,30800253601	734,72299313169
7474	889,663930981021	734,89699313014	1	1110,33606901898	734,89699313014
7489	870,76015564864	719,533275702836	1	1129,23984435136	719,533275702836
7507	873,750327571628	715,905931731741	1	1126,24967242837	715,905931731741
7516	875,608587993352	716,631986787441	1	1124,39141200665	716,631986787441
7541	881,029231011387	720,132999221421	1	1118,97076898861	720,132999221421
7547	884,172436648097	728,046036138136	1	1115,8275633519	728,046036138136
7565	883,001898876592	731,838322010979	1	1116,99810112341	731,838322010979
7601	887,207285043994	743,286460799462	1	1112,79271495601	743,286460799462
7609	885,530194086363	745,034013089184	1	1114,46980591364	745,034013089184
7626	879,622361279495	751,747141483213	1	1120,37763872051	751,747141483213
7636	880,021151522778	747,747960410709	1	1119,97884847722	747,747960410709
7664	878,721742746955	748,358946501515	1	1121,27825725305	748,358946501515
7687	873,85379815306	745,150880942353	1	1126,14620184694	745,150880942353
7698	868,393698310828	741,882159998314	1	1131,60630168917	741,882159998314
7718	866,109923822788	743,69192699397	1	1133,89007617721	743,69192699397
7722	865,88366806372	743,555440809866	1	1134,11633193628	743,555440809866
7748	868,398043534708	743,942343793653	1	1131,60195646529	743,942343793653
7760	881,44364681656	735,224327950147	1	1118,55635318344	735,224327950147
7778	885,904381778756	733,634257386669	1	1114,09561822124	733,634257386669
7786	890,251341446312	716,809647685463	1	1109,74865855369	716,809647685463
7806	899,094644893946	709,686521125169	1	1100,90535510605	709,686521125169
7815	900,941961134557	706,474638985255	1	1099,05803886544	706,474638985255
7848	907,10820435711	706,065997383806	1	1092,89179564289	706,065997383806
7854	906,626845972381	704,956663708071	1	1093,37315402762	704,956663708071
7859	907,863405458409	702,921560879684	1	1092,13659454159	702,921560879684
7911	909,279867829754	712,778328054725	1	1090,72013217025	712,778328054725
7917	913,254807483762	708,567684127954	1	1086,74519251624	708,567684127954
7923	913,514905432656	714,30389052223	1	1086,48509456734	714,30389052223
7940	908,326655480186	724,686411182918	1	1091,67334451981	724,686411182918
7956	907,434116748135	720,342818800055	1	1092,56588325187	720,342818800055
7971	907,554722827612	718,554833384111	1	1092,44527717239	718,554833384111
7982	905,941015095453	713,172068460423	1	1094,05898490455	713,172068460423
8003	904,288419102589	712,065359776582	1	1095,71158089741	712,065359776582
8039	900,773174793813	704,339016481369	1	1099,22682520619	704,339016481369
8055	893,674088417347	690,202341096076	1	1106,32591158265	690,202341096076
8061	890,332239673033	681,617600794797	1	1109,66776032697	681,617600794797
8077	887,331714713437	678,443556042217	1	1112,66828528656	678,443556042217
8083	889,126148682161	694,438271606565	1	1110,87385131784	694,438271606565
8102	890,318306278267	703,302463876883	1	1109,68169372173	703,302463876883
8130	892,839631890249	722,888842939683	1	1107,16036810975	722,888842939683
8144	894,861825269611	725,860590320101	1	1105,13817473039	725,860590320101
8150	901,553703991539	731,726386569801	1	1098,44629600846	731,726386569801
8175	898,440234031478	720,561714346657	1	1101,55976596852	720,561714346657
8195	899,609478149561	719,515285752458	1	1100,39052185044	719,515285752458
8211	899,716865234284	720,817449530029	1	1100,28313476572	720,817449530029
8224	897,880987787723	717,985139575045	1	1102,11901221228	717,985139575045
8246	899,167679474404	717,406774127292	1	1100,8323205256	717,406774127292
8253	901,866294497499	701,713211250936	1	1098,1337055025	701,713211250936
8272	905,305560387305	703,552024968263	1	1094,69443961269	703,552024968263
8288	905,115518007758	707,220633785026	1	1094,88448199224	707,220633785026
8303	904,406116508603	703,582149933173	1	1095,5938834914	703,582149933173
8312	899,97080756676	709,123548400716	1	1100,02919243324	709,123548400716
8350	893,434878959025	708,913238064858	1	1106,56512104098	708,913238064858
8357	887,993092333379	710,213122454084	1	1112,00690766662	710,213122454084
8372	886,384694991385	703,450864479809	1	1113,61530500861	703,450864479809
8389	882,211793717192	685,176150571886	1	1117,78820628281	685,176150571886
8406	884,447097224129	698,577444135404	1	1115,55290277587	698,577444135404
8429	875,893275153043	727,145870692788	1	1124,10672484696	727,145870692788
8439	872,923631710171	741,117572156544	1	1127,07636828983	741,117572156544
8446	871,867047793599	749,095382677433	1	1128,1329522064	749,095382677433
8467	877,472465431087	742,542460499058	1	1122,52753456891	742,542460499058
8490	873,9004555392	758,668483586408	1	1126,0995444608	758,668483586408
8517	879,144983546682	767,601938404091	1	1120,85501645332	767,601938404091
8522	899,946716007356	737,687868183383	1	1100,05328399264	737,687868183383
8549	902,001024183689	737,28658907465	1	1097,99897581631	737,28658907465
8564	897,673938158994	714,436037236404	1	1102,32606184101	714,436037236404
8572	895,748161553689	718,615757600387	1	1104,25183844631	718,615757600387
8581	894,850670694854	718,852218108217	1	1105,14932930515	718,852218108217
8594	895,86087366623	717,835475410319	1	1104,13912633377	717,835475410319
8621	895,950492545352	710,506520376454	1	1104,04950745465	710,506520376454
8652	883,303834636372	771,48102388828	1	1116,69616536363	771,48102388828
8669	879,761982151305	776,091718019691	1	1120,2380178487	776,091718019691
8673	874,8558454015	788,194833247175	1	1125,1441545985	788,194833247175
8692	873,52269776845	816,244320704228	1	1126,47730223155	816,244320704228
8709	873,118191252037	824,416928916283	1	1126,88180874796	824,416928916283
8715	874,032957244844	825,595233753123	1	1125,96704275516	825,595233753123
8735	870,951630236434	821,964441228521	1	1129,04836976357	821,964441228521
8803	864,428022466004	813,564999287542	1	1135,571977534	813,564999287542
8813	844,042806645193	808,975564102658	1	1155,95719335481	808,975564102658
8828	848,312555786277	808,871188363903	1	1151,68744421372	808,871188363903
8848	768,77513283966	823,470508327556	1	1231,22486716034	823,470508327556
8870	765,545554879931	823,616286959605	1	1234,45444512007	823,616286959605
8897	714,270591371822	843,240578377856	1	1285,72940862818	843,240578377856
8900	724,236996512781	838,927055346343	1	1275,76300348722	838,927055346343
8919	728,343228398555	837,231635448499	1	1271,65677160144	837,231635448499
8950	719,763053542304	846,566072233867	1	1280,2369464577	846,566072233867
8967	712,340156885394	843,184086303835	1	1287,65984311461	843,184086303835
8976	709,039876118123	843,845010924596	1	1290,96012388188	843,845010924596
8989	712,277871260949	846,127798730224	1	1287,72212873905	846,127798730224
9019	711,183254942479	847,509298241563	1	1288,81674505752	847,509298241563
9027	705,215066431266	845,432360367602	1	1294,78493356873	845,432360367602
9037	695,248792772027	859,899186684095	1	1304,75120722797	859,899186684095
9054	693,280892701343	860,822503796051	1	1306,71910729866	860,822503796051
9089	693,613315207329	860,494957659258	1	1306,38668479267	860,494957659258
9096	694,233121165498	861,291315724245	1	1305,7668788345	861,291315724245
9113	696,016945184973	862,543752283545	1	1303,98305481503	862,543752283545
9141	696,716848377823	865,230911137825	1	1303,28315162218	865,230911137825
9144	696,710824424508	867,163624312606	1	1303,28917557549	867,163624312606
9160	702,421904297181	847,737478686575	1	1297,57809570282	847,737478686575
9171	701,221357464116	819,56080362213	1	1298,77864253588	819,56080362213
9629	838,339043280839	858,419563608437	1	1161,66095671916	858,419563608437
9647	897,672224816381	756,468532540548	1	1102,32777518362	756,468532540548
9664	892,166875604777	768,317609759256	1	1107,83312439522	768,317609759256
9713	905,482209471306	786,909679161387	1	1094,51779052869	786,909679161387
9721	907,786377048885	791,445951675174	1	1092,21362295112	791,445951675174
9737	903,689402501884	792,991891569635	1	1096,31059749812	792,991891569635
9755	902,263137526219	794,707928697518	1	1097,73686247378	794,707928697518
9776	892,747707075538	804,449370679664	1	1107,25229292446	804,449370679664
9782	887,310345203933	812,243869834079	1	1112,68965479607	812,243869834079
9785	878,682076336297	833,340354128062	1	1121,3179236637	833,340354128062
9802	880,051939058471	834,546534183662	1	1119,94806094153	834,546534183662
9820	879,942392682349	837,241869369178	1	1120,05760731765	837,241869369178
9842	878,825641208702	843,404123121544	1	1121,1743587913	843,404123121544
9859	877,081007100292	837,467845450114	1	1122,91899289971	837,467845450114
9874	875,048608379185	831,493002398804	1	1124,95139162082	831,493002398804
9884	637,265642560983	642,053554834013	1	1362,73435743902	642,053554834013
9916	624,841894528851	616,961296430815	1	1375,15810547115	616,961296430815
9932	622,577828205776	641,879325213242	1	1377,42217179422	641,879325213242
9935	620,161746609202	640,68396572761	1	1379,8382533908	640,68396572761
9955	617,003977913859	630,013216132313	1	1382,99602208614	630,013216132313
9970	613,295149292035	629,618900864233	1	1386,70485070796	629,618900864233
9998	627,69052564556	673,573431087823	1	1372,30947435444	673,573431087823
10021	629,596243161721	676,27721247941	1	1370,40375683828	676,27721247941
10032	621,420053662379	637,983751999979	1	1378,57994633762	637,983751999979
10039	615,786366669941	631,246222091885	1	1384,21363333006	631,246222091885
