21	856,721245963077	704,410107632027	1	1143,27875403692	704,410107632027
27	857,841537583488	699,911357828615	1	1142,15846241651	699,911357828615
44	858,684793122649	698,994504275912	1	1141,31520687735	698,994504275912
66	855,078631584619	699,018556414698	1	1144,92136841538	699,018556414698
97	855,365477131882	700,083581767312	1	1144,63452286812	700,083581767312
120	860,041105940324	709,907254555353	1	1139,95889405968	709,907254555353
171	838,217791189718	707,443163298195	1	1161,78220881028	707,443163298195
204	823,522267895698	705,223019825852	1	1176,4777321043	705,223019825852
239	820,262920361665	704,909131611569	1	1179,73707963834	704,909131611569
257	825,051381014725	707,711163364298	1	1174,94861898527	707,711163364298
268	823,459739712256	707,196166979741	1	1176,54026028774	707,196166979741
286	830,383830655999	714,946674589333	1	1169,616169344	714,946674589333
296	832,216121901688	716,734132820085	1	1167,78387809831	716,734132820085
329	883,701239479115	705,884563220427	1	1116,29876052089	705,884563220427
342	861,82053798461	719,735497159052	1	1138,17946201539	719,735497159052
362	852,32053186736	715,815227404589	1	1147,67946813264	715,815227404589
381	864,062779519984	704,546239161991	1	1135,93722048002	704,546239161991
383	858,661736044624	702,464909309796	1	1141,33826395538	702,464909309796
404	861,168277985199	702,691769849199	1	1138,8317220148	702,691769849199
429	870,33372444654	706,986467459244	1	1129,66627555346	706,986467459244
431	868,450289234927	719,041576197058	1	1131,54971076507	719,041576197058
448	864,587449989505	720,300712749445	1	1135,4125500105	720,300712749445
466	859,287772614798	724,070633609166	1	1140,7122273852	724,070633609166
496	842,94929032677	722,606519705461	1	1157,05070967323	722,606519705461
509	830,655275948921	714,144511031603	1	1169,34472405108	714,144511031603
520	831,514867481228	720,31336628918	1	1168,48513251877	720,31336628918
539	814,784778595983	713,706861919112	1	1185,21522140402	713,706861919112
578	801,802049344534	706,610023893469	1	1198,19795065547	706,610023893469
591	776,953845760462	695,806026788067	1	1223,04615423954	695,806026788067
596	762,080476367732	698,347566847711	1	1237,91952363227	698,347566847711
601	763,107705932316	697,164311298888	1	1236,89229406768	697,164311298888
645	762,196034461873	701,765888522084	1	1237,80396553813	701,765888522084
653	764,032534361227	732,799740160863	1	1235,96746563877	732,799740160863
656	762,901447334561	732,855271946324	1	1237,09855266544	732,855271946324
684	779,355945139239	739,693907110158	1	1220,64405486076	739,693907110158
688	774,997600698375	747,285480158823	1	1225,00239930162	747,285480158823
700	779,070102361271	746,119264527958	1	1220,92989763873	746,119264527958
724	773,891615947648	753,162649500668	1	1226,10838405235	753,162649500668
728	776,885383314806	762,135466323419	1	1223,11461668519	762,135466323419
743	800,126159800548	753,210424165122	1	1199,87384019945	753,210424165122
773	799,378638427968	753,226263002248	1	1200,62136157203	753,226263002248
791	807,179260135625	747,716361046427	1	1192,82073986438	747,716361046427
816	809,837013941209	730,238088408204	1	1190,16298605879	730,238088408204
843	799,22714581111	732,008923407435	1	1200,77285418889	732,008923407435
862	815,671574547098	726,635290904037	1	1184,3284254529	726,635290904037
877	806,054391054779	723,948213291554	1	1193,94560894522	723,948213291554
893	813,879513585325	723,39735803014	1	1186,12048641467	723,39735803014
925	798,783204282955	751,321596541772	1	1201,21679571704	751,321596541772
937	789,437085746797	752,601620288805	1	1210,5629142532	752,601620288805
955	785,216456693153	749,403867518501	1	1214,78354330685	749,403867518501
972	774,791560626926	750,040930870533	1	1225,20843937307	750,040930870533
990	769,593481794043	743,578386611289	1	1230,40651820596	743,578386611289
1046	767,661765780122	736,082673841664	1	1232,33823421988	736,082673841664
1070	771,554536361249	730,121349345321	1	1228,44546363875	730,121349345321
1078	704,741558694261	630,050522438025	1	1295,25844130574	630,050522438025
1083	669,143089138384	625,012271888627	1	1330,85691086162	625,012271888627
1085	677,127183605366	624,874275422745	1	1322,87281639463	624,874275422745
1104	676,678094928298	583,040155443301	1	1323,3219050717	583,040155443301
1119	660,717849575406	520,955436482795	1	1339,28215042459	520,955436482795
1134	648,163678214148	521,589646659295	1	1351,83632178585	521,589646659295
1149	571,184876823601	520,469318776298	1	1428,8151231764	520,469318776298
1165	565,055063100689	517,870680902019	1	1434,94493689931	517,870680902019
1179	529,709854848285	499,051805827506	1	1470,29014515172	499,051805827506
1193	470,485728878242	485,622644972642	1	1529,51427112176	485,622644972642
1228	457,068285156146	468,674655217395	1	1542,93171484385	468,674655217395
1236	448,371955139055	470,01256572812	1	1551,62804486094	470,01256572812
1254	422,927205245187	484,311726650593	1	1577,07279475481	484,311726650593
1269	217,647367317759	575,464845709382	0			1782,35263268224	575,464845709382
1291	203,616928815228	584,370668811816	0			1796,38307118477	584,370668811816
1302	189,655244906507	536,482920722585	0			1810,34475509349	536,482920722585
1315	191,537138644825	533,890630618384	0			1808,46286135517	533,890630618384
1323	195,75030289598	541,577956782732	0			1804,24969710402	541,577956782732
1341	204,738008466431	535,693869341585	0			1795,26199153357	535,693869341585
1369	247,956403368169	548,944485022579	1	1752,04359663183	548,944485022579
1383	278,144278008599	539,047273962971	1	1721,8557219914	539,047273962971
1403	290,970161434591	556,026392525205	1	1709,02983856541	556,026392525205
1417	305,93711006671	570,117152208317	1	1694,06288993329	570,117152208317
1462	424,803922362149	478,051026766454	1	1575,19607763785	478,051026766454
1488	392,821442248264	512,133776771672	1	1607,17855775174	512,133776771672
1554	411,815712503284	496,687284990589	1	1588,18428749672	496,687284990589
1567	379,338181167616	525,969620217951	1	1620,66181883238	525,969620217951
1582	380,877284234875	509,818569810989	1	1619,12271576513	509,818569810989
1595	419,013055184992	491,390604154556	1	1580,98694481501	491,390604154556
1618	541,41214249904	503,972206967669	1	1458,58785750096	503,972206967669
1635	579,458854912671	464,591308851175	1	1420,54114508733	464,591308851175
1640	603,849737778006	456,515835260178	1	1396,15026222199	456,515835260178
1672	639,120159439314	426,039124171373	1	1360,87984056069	426,039124171373
1688	656,379262338689	421,783764894751	1	1343,62073766131	421,783764894751
1705	620,295374418827	462,713356757874	1	1379,70462558117	462,713356757874
1724	642,584303530955	450,757747321338	1	1357,41569646905	450,757747321338
1738	613,774753599308	453,640146572436	1	1386,22524640069	453,640146572436
1765	622,541888269539	422,939494964013	1	1377,45811173046	422,939494964013
1774	624,144905046006	442,431869023772	1	1375,85509495399	442,431869023772
1791	627,463788251209	454,822905016434	1	1372,53621174879	454,822905016434
1826	662,274862786697	428,008211500542	1	1337,7251372133	428,008211500542
1838	665,551712738512	500,274583006477	1	1334,44828726149	500,274583006477
1853	655,96217190888	461,969872966322	1	1344,03782809112	461,969872966322
1870	664,51106694352	476,969741172444	1	1335,48893305648	476,969741172444
1884	673,241263089764	472,768132998257	1	1326,75873691024	472,768132998257
1899	679,882196785264	473,107317018931	1	1320,11780321474	473,107317018931
1913	682,388526419366	480,03731354066	1	1317,61147358063	480,03731354066
1957	688,589225774924	504,676938629086	1	1311,41077422508	504,676938629086
1969	674,273301898538	494,095345855082	1	1325,72669810146	494,095345855082
1974	681,615016092127	526,682230854539	1	1318,38498390787	526,682230854539
1996	726,108245040772	493,66001099325	1	1273,89175495923	493,66001099325
2033	724,354069566681	489,100642251141	1	1275,64593043332	489,100642251141
2047	749,250792803383	492,991879730546	1	1250,74920719662	492,991879730546
2061	698,122272039496	535,578336429592	1	1301,8777279605	535,578336429592
2076	709,53095662426	553,689311846507	1	1290,46904337574	553,689311846507
2095	676,689333031139	555,902254569243	1	1323,31066696886	555,902254569243
2121	669,415343470004	552,615961595636	1	1330,58465653	552,615961595636
2145	672,940330598888	541,499605808571	1	1327,05966940111	541,499605808571
2148	671,252478632162	513,055017954056	1	1328,74752136784	513,055017954056
2165	660,657710273973	511,747305986069	1	1339,34228972603	511,747305986069
2177	653,746435410837	520,389689515152	1	1346,25356458916	520,389689515152
2197	680,297929333712	507,696757617754	1	1319,70207066629	507,696757617754
2215	685,404432680432	505,890980153298	1	1314,59556731957	505,890980153298
2232	674,1251178798	508,419515855017	1	1325,8748821202	508,419515855017
2254	647,475807802455	527,124494389954	1	1352,52419219755	527,124494389954
2274	595,262687180773	537,500980246886	1	1404,73731281923	537,500980246886
2283	575,005050355782	530,884243323272	1	1424,99494964422	530,884243323272
2301	481,957935872466	524,294142269678	1	1518,04206412753	524,294142269678
2313	470,930781291279	526,859669867768	1	1529,06921870872	526,859669867768
2348	447,021420918189	528,054454808281	1	1552,97857908181	528,054454808281
2367	433,585811692649	510,001200230313	1	1566,41418830735	510,001200230313
2378	432,717204459523	490,410725927882	1	1567,28279554048	490,410725927882
2394	436,819749846165	458,443912243901	1	1563,18025015384	458,443912243901
2419	431,414564247653	452,548172925108	1	1568,58543575235	452,548172925108
2445	418,090733465305	459,50272806975	1	1581,90926653469	459,50272806975
2465	418,051664168028	460,784266718422	1	1581,94833583197	460,784266718422
2469	420,810819817843	450,24106153494	1	1579,18918018216	450,24106153494
2494	421,833887922933	451,527245881713	1	1578,16611207707	451,527245881713
2496	420,575114475089	453,294209201327	1	1579,42488552491	453,294209201327
2533	391,885702544277	393,508633810759	1	1608,11429745572	393,508633810759
2551	398,041554247636	381,019337164144	1	1601,95844575236	381,019337164144
2570	399,526360306975	400,541454332918	1	1600,47363969302	400,541454332918
2584	406,390602680755	424,310753863246	1	1593,60939731925	424,310753863246
2629	420,815820760491	464,865134810726	1	1579,18417923951	464,865134810726
2642	422,716372566341	470,07601070654	1	1577,28362743366	470,07601070654
2661	406,698180588322	379,000526225425	1	1593,30181941168	379,000526225425
2676	366,933139334861	324,516467294331	1	1633,06686066514	324,516467294331
2691	417,744247231058	303,754822046605	1	1582,25575276894	303,754822046605
2724	412,487020531617	307,324439384043	1	1587,51297946838	307,324439384043
2739	431,630168716298	321,497074616922	1	1568,3698312837	321,497074616922
2755	428,958258754545	323,154903257326	1	1571,04174124546	323,154903257326
2768	410,736453636764	331,435488357214	1	1589,26354636324	331,435488357214
2808	381,111352537586	343,97863021066	1	1618,88864746241	343,97863021066
2814	340,426263447118	307,369422456405	1	1659,57373655288	307,369422456405
2831	339,508901102462	314,266083406103	1	1660,49109889754	314,266083406103
2870	290,60441175023	277,836240722133	1	1709,39558824977	277,836240722133
2894	265,341271050397	225,259114459648	1	1734,6587289496	225,259114459648
2930	230,425492731353	272,621090418678	1	1769,57450726865	272,621090418678
2972	139,097771428774	396,108925403674	0			1860,90222857123	396,108925403674
2976	118,675570541439	239,259870713188	0			1881,32442945856	239,259870713188
2996	47,2179205011332	196,749147164938	0			1952,78207949887	196,749147164938
3031	-38,0961840242725	179,593305982527	0			2038,09618402427	179,593305982527
3047	-17,5246404912912	162,163372195734	0			2017,52464049129	162,163372195734
3081	-132,411878053178	133,545676634973	0			2132,41187805318	133,545676634973
3097	-120,655557290445	125,053302921995	0			2120,65555729044	125,053302921995
3127	-72,9865760731832	155,900740430066	0			2072,98657607318	155,900740430066
3138	-23,6951690268711	145,063522996366	0			2023,69516902687	145,063522996366
3165	-75,1048808566734	175,932779191054	0			2075,10488085667	175,932779191054
3187	-71,1864642739766	116,399102473261	0			2071,18646427398	116,399102473261
3199	-57,5019372309639	106,531030123992	0			2057,50193723096	106,531030123992
3218	-70,7972102171393	112,038507762499	0			2070,79721021714	112,038507762499
3228	-68,0350636483331	115,193132463192	0			2068,03506364833	115,193132463192
3259	-69,0743690093876	86,8486381155366	0			2069,07436900939	86,8486381155366
3265	-70,0887502772447	77,1858133561395	0			2070,08875027724	77,1858133561395
3300	-35,7703547386607	76,2642380421834	0			2035,77035473866	76,2642380421834
3302	-16,2107265818176	89,2741771534673	0			2016,21072658182	89,2741771534673
3322	40,9001937897008	53,3010051857854	0			1959,0998062103	53,3010051857854
3339	74,097675236025	117,517038386734	0			1925,90232476398	117,517038386734
3352	103,804890039472	159,766760375521	0			1896,19510996053	159,766760375521
3373	130,749179725835	204,871871701501	0			1869,25082027417	204,871871701501
3399	128,90039732801	200,500780404383	0			1871,09960267199	200,500780404383
3406	142,194937087258	224,934556970185	0			1857,80506291274	224,934556970185
3409	136,52273960623	218,366844841433	0			1863,47726039377	218,366844841433
3440	139,808418174207	217,789358310536	0			1860,19158182579	217,789358310536
3456	148,457382066596	203,576545908578	0			1851,5426179334	203,576545908578
3474	145,562518365159	200,677817871536	0			1854,43748163484	200,677817871536
3483	135,809709197656	206,032886087599	0			1864,19029080234	206,032886087599
3502	122,359045975839	215,617945986347	0			1877,64095402416	215,617945986347
3534	100,301947262117	190,975784017016	0			1899,69805273788	190,975784017016
3542	115,912137503824	212,474158057105	0			1884,08786249618	212,474158057105
3546	116,227727758011	216,277928684109	0			1883,77227224199	216,277928684109
3573	119,62771103416	207,256518143098	0			1880,37228896584	207,256518143098
3576	121,99576302188	206,879565650214	0			1878,00423697812	206,879565650214
3601	120,731535393708	204,436992685966	0			1879,26846460629	204,436992685966
3624	89,7999642475696	256,641043861588	0			1910,20003575243	256,641043861588
3632	92,1486809965068	240,835432032238	0			1907,85131900349	240,835432032238
3650	113,051161382903	208,039683306573	0			1886,9488386171	208,039683306573
3661	104,275451325265	253,196419523704	0			1895,72454867474	253,196419523704
3678	103,822163978236	264,47157554095	0			1896,17783602176	264,47157554095
3706	128,136900643952	231,343220894355	0			1871,86309935605	231,343220894355
3722	139,831498463911	259,853447923553	0			1860,16850153609	259,853447923553
3741	233,711472238431	316,27561384791	1	1766,28852776157	316,27561384791
3774	242,514498635378	319,788681676813	1	1757,48550136462	319,788681676813
3804	257,556656446375	334,035739365032	1	1742,44334355363	334,035739365032
3808	248,032342949508	317,032068281839	1	1751,96765705049	317,032068281839
3812	233,576141453192	307,206647530564	1	1766,42385854681	307,206647530564
3848	232,297794430307	273,832894818491	1	1767,70220556969	273,832894818491
3865	236,576921565845	261,814855642933	1	1763,42307843415	261,814855642933
3875	229,976911175756	285,452759032635	1	1770,02308882424	285,452759032635
3901	233,878116461824	279,142067706667	1	1766,12188353818	279,142067706667
3904	247,560083766942	300,078296296993	1	1752,43991623306	300,078296296993
3967	312,882005686479	297,319646260462	1	1687,11799431352	297,319646260462
3985	278,861758260251	298,725041542103	1	1721,13824173975	298,725041542103
3999	219,168537932289	284,212880326217	0			1780,83146206771	284,212880326217
4006	212,674559428798	281,382754669074	0			1787,3254405712	281,382754669074
4012	233,946700410083	286,198241821039	1	1766,05329958992	286,198241821039
4016	203,086192148469	343,180315747904	0			1796,91380785153	343,180315747904
4018	220,456494640649	351,560552613035	0			1779,54350535935	351,560552613035
4042	239,382737622744	356,457186045504	1	1760,61726237726	356,457186045504
4045	235,90771072092	350,09813798061	1	1764,09228927908	350,09813798061
4083	255,6188880807	343,192153101512	1	1744,3811119193	343,192153101512
4086	240,943998112538	348,984915266044	1	1759,05600188746	348,984915266044
4099	258,186978512136	350,533178069916	1	1741,81302148786	350,533178069916
4124	342,483942015841	378,435482961475	1	1657,51605798416	378,435482961475
4136	333,089064420336	390,98390801996	1	1666,91093557966	390,98390801996
4151	335,367331253225	398,397207443081	1	1664,63266874677	398,397207443081
4167	333,713321966696	404,296833824204	1	1666,2866780333	404,296833824204
4179	286,771345485578	428,255713278599	1	1713,22865451442	428,255713278599
4199	294,900150377018	446,500350079353	1	1705,09984962298	446,500350079353
4241	266,028732692122	490,463283739696	1	1733,97126730788	490,463283739696
4249	289,183969894322	485,618927917198	1	1710,81603010568	485,618927917198
4251	381,992436786	427,726260823118	1	1618,007563214	427,726260823118
4315	443,810408903245	415,802769587964	1	1556,18959109676	415,802769587964
4335	612,572580060814	439,919757014264	1	1387,42741993919	439,919757014264
4338	689,817337661804	413,636391056229	1	1310,1826623382	413,636391056229
4342	662,338887035575	439,452779497534	1	1337,66111296442	439,452779497534
4346	724,28829471116	463,646835108112	1	1275,71170528884	463,646835108112
4367	762,692924908389	474,083045401245	1	1237,30707509161	474,083045401245
4405	836,322365889645	529,643858233306	1	1163,67763411036	529,643858233306
4421	860,922225877616	538,87880132458	1	1139,07777412238	538,87880132458
4437	893,399151363547	489,169707257445	1	1106,60084863645	489,169707257445
4447	875,138164782731	584,607012406709	1	1124,86183521727	584,607012406709
4457	885,050013506013	553,821008348718	1	1114,94998649399	553,821008348718
4475	878,62347325779	546,235442846743	1	1121,37652674221	546,235442846743
4491	891,478993508616	517,963141206427	1	1108,52100649138	517,963141206427
4519	886,102391555048	497,580040646902	1	1113,89760844495	497,580040646902
4575	914,950736918078	508,907817219602	1	1085,04926308192	508,907817219602
4600	920,331837796963	561,834930802427	1	1079,66816220304	561,834930802427
4603	900,713301731794	569,01152536505	1	1099,28669826821	569,01152536505
4608	906,583222200655	575,554266423091	1	1093,41677779934	575,554266423091
4611	908,926752091389	577,270507486787	1	1091,07324790861	577,270507486787
4638	935,103066840706	596,724395922302	1	1064,89693315929	596,724395922302
4641	950,546491420617	631,912737273797	1	1049,45350857938	631,912737273797
4695	944,371508566657	637,850395693816	1	1055,62849143334	637,850395693816
4701	956,551006156312	630,331050345464	1	1043,44899384369	630,331050345464
4720	953,413779855247	647,212709418468	1	1046,58622014475	647,212709418468
4734	954,57634610038	650,851592372243	1	1045,42365389962	650,851592372243
4741	959,315619608862	651,153967174388	1	1040,68438039114	651,153967174388
4776	961,329357529351	649,932671536228	1	1038,67064247065	649,932671536228
4782	967,991710313113	628,67033064808	1	1032,00828968689	628,67033064808
4786	966,765009987842	630,598589728964	1	1033,23499001216	630,598589728964
4792	963,732010623417	637,50365632733	1	1036,26798937658	637,50365632733
4830	962,47374139053	637,99619477918	1	1037,52625860947	637,99619477918
4856	951,28862149822	659,058678896729	1	1048,71137850178	659,058678896729
4901	940,684336840982	652,742769919395	1	1059,31566315902	652,742769919395
4913	939,28951295767	659,278667398475	1	1060,71048704233	659,278667398475
4940	939,175335606086	653,676715991117	1	1060,82466439391	653,676715991117
4944	934,98608023052	653,176444942752	1	1065,01391976948	653,176444942752
4946	932,821971678612	658,83642834359	1	1067,17802832139	658,83642834359
4949	890,842093206881	693,939298608733	1	1109,15790679312	693,939298608733
4952	890,162636947488	694,562633976419	1	1109,83736305251	694,562633976419
4978	882,866418435952	703,82664904319	1	1117,13358156405	703,82664904319
5001	883,573635877179	706,704188146808	1	1116,42636412282	706,704188146808
5017	885,529762050955	731,688531600736	1	1114,47023794905	731,688531600736
5031	878,75437082079	738,24387785031	1	1121,24562917921	738,24387785031
5034	879,86095358893	736,145779118009	1	1120,13904641107	736,145779118009
5053	888,081446275142	726,883903773782	1	1111,91855372486	726,883903773782
5135	891,768623907843	725,689064202968	1	1108,23137609216	725,689064202968
5155	897,715476070063	726,964427128907	1	1102,28452392994	726,964427128907
5159	905,545632650969	728,40811419798	1	1094,45436734903	728,40811419798
5161	895,456665247324	780,974238719728	1	1104,54333475268	780,974238719728
5164	891,81582091811	780,474007101252	1	1108,18417908189	780,474007101252
5169	889,621643970099	767,344707585261	1	1110,3783560299	767,344707585261
5172	888,059856462814	751,781496532141	1	1111,94014353719	751,781496532141
5187	879,392832574923	745,993398842942	1	1120,60716742508	745,993398842942
5208	884,213523856991	729,186063955862	1	1115,78647614301	729,186063955862
5222	885,075138287066	729,813485618094	1	1114,92486171293	729,813485618094
5237	886,800254546819	717,313917504075	1	1113,19974545318	717,313917504075
5283	899,67735634073	712,295968906304	1	1100,32264365927	712,295968906304
5303	925,784215974944	709,956050892755	1	1074,21578402506	709,956050892755
5312	911,608841992253	719,144687422246	1	1088,39115800775	719,144687422246
5333	892,95078780345	737,616154119279	1	1107,04921219655	737,616154119279
5336	895,175117562647	735,732002289309	1	1104,82488243735	735,732002289309
5373	887,926702513461	733,093002155685	1	1112,07329748654	733,093002155685
5403	881,728322187319	734,105618363854	1	1118,27167781268	734,105618363854
5421	879,2228997621	717,091152934909	1	1120,7771002379	717,091152934909
5432	869,304300710011	613,115975231529	1	1130,69569928999	613,115975231529
5436	876,18614574672	627,062231319192	1	1123,81385425328	627,062231319192
5475	870,709363533428	629,987620387722	1	1129,29063646657	629,987620387722
5484	856,856537497019	609,846321573097	1	1143,14346250298	609,846321573097
5488	853,274420233008	591,812108367153	1	1146,72557976699	591,812108367153
5504	855,180198899925	597,444116980109	1	1144,81980110007	597,444116980109
5517	860,021494530758	609,150888952619	1	1139,97850546924	609,150888952619
5527	864,076043020285	608,57799886958	1	1135,92395697971	608,57799886958
5575	863,382125098271	596,010542926266	1	1136,61787490173	596,010542926266
5601	863,218914078021	582,766853604468	1	1136,78108592198	582,766853604468
5605	886,569320595784	570,118952083666	1	1113,43067940422	570,118952083666
5607	890,381047899779	553,745452240929	1	1109,61895210022	553,745452240929
5623	905,908774348372	551,078813357402	1	1094,09122565163	551,078813357402
5649	890,536176633806	551,824262645005	1	1109,46382336619	551,824262645005
5665	901,008399148235	548,021177468678	1	1098,99160085177	548,021177468678
5683	915,386472858333	543,51266228349	1	1084,61352714167	543,51266228349
5687	894,642771479309	545,042625982197	1	1105,35722852069	545,042625982197
5751	918,7464814878	543,035449974619	1	1081,2535185122	543,035449974619
5766	905,210415302867	544,790121301844	1	1094,78958469713	544,790121301844
5768	893,728499261264	544,446067907793	1	1106,27150073874	544,446067907793
5770	882,197623880291	550,767230672336	1	1117,80237611971	550,767230672336
5784	877,956628046342	550,915836721472	1	1122,04337195366	550,915836721472
5836	892,912877447259	540,242187525818	1	1107,08712255274	540,242187525818
5886	893,446263886866	537,702701880472	1	1106,55373611313	537,702701880472
5889	878,375943925642	541,860623123681	1	1121,62405607436	541,860623123681
5900	883,283718892256	538,105719077907	1	1116,71628110774	538,105719077907
5902	878,092829953821	535,071940972082	1	1121,90717004618	535,071940972082
5904	885,319253622943	530,216992559342	1	1114,68074637706	530,216992559342
5907	883,459097099987	527,950766232355	1	1116,54090290001	527,950766232355
5914	864,850389062761	537,352899036447	1	1135,14961093724	537,352899036447
5929	867,898875551546	537,908050078609	1	1132,10112444845	537,908050078609
5955	860,621269026396	540,705641804522	1	1139,3787309736	540,705641804522
5966	868,545284229678	550,527209687599	1	1131,45471577032	550,527209687599
5990	882,072753732446	541,070920335122	1	1117,92724626755	541,070920335122
5993	884,645953087808	543,884522414633	1	1115,35404691219	543,884522414633
6038	891,597288129914	553,952364018309	1	1108,40271187009	553,952364018309
6056	910,214523161291	522,618744722232	1	1089,78547683871	522,618744722232
6059	907,30732781117	523,777921335308	1	1092,69267218883	523,777921335308
6063	902,026932890901	528,188212301401	1	1097,9730671091	528,188212301401
6137	903,350519982131	523,854825274063	1	1096,64948001787	523,854825274063
6139	884,185115228957	530,224825520269	1	1115,81488477104	530,224825520269
6144	873,459053695109	545,139526123899	1	1126,54094630489	545,139526123899
6152	880,995294434811	551,014649535228	1	1119,00470556519	551,014649535228
6156	856,227731198636	560,602019258802	1	1143,77226880136	560,602019258802
6207	853,793863513626	560,188700357047	1	1146,20613648637	560,188700357047
6225	860,254709033026	554,144199178233	1	1139,74529096697	554,144199178233
6232	875,844302379748	554,175077283643	1	1124,15569762025	554,175077283643
6234	871,656411449874	557,150595392193	1	1128,34358855013	557,150595392193
6253	880,826334137051	561,236034807267	1	1119,17366586295	561,236034807267
6272	892,244902097481	549,418785925802	1	1107,75509790252	549,418785925802
6303	879,346556245029	551,334366750405	1	1120,65344375497	551,334366750405
6313	899,054192048289	539,506981811401	1	1100,94580795171	539,506981811401
6327	885,145180458275	528,612240692141	1	1114,85481954173	528,612240692141
6358	884,618297970174	543,995465259472	1	1115,38170202983	543,995465259472
6368	875,433796142415	575,588445670361	1	1124,56620385758	575,588445670361
6382	875,431802409769	575,630802680342	1	1124,56819759023	575,630802680342
6385	870,264016281871	565,653633728255	1	1129,73598371813	565,653633728255
6400	874,531339835134	562,386641899453	1	1125,46866016487	562,386641899453
6411	888,316600861185	530,631146970267	1	1111,68339913882	530,631146970267
6426	879,681890127299	540,69913720719	1	1120,3181098727	540,69913720719
6473	881,667101992921	530,838234594223	1	1118,33289800708	530,838234594223
6507	909,760670937751	508,157854193895	1	1090,23932906225	508,157854193895
6515	899,561398354521	515,01974954709	1	1100,43860164548	515,01974954709
6517	912,93286913038	508,730331193183	1	1087,06713086962	508,730331193183
6565	919,655269162774	505,975578837663	1	1080,34473083723	505,975578837663
6578	909,656231860084	526,162293264341	1	1090,34376813992	526,162293264341
6597	899,651132767186	551,783431985367	1	1100,34886723281	551,783431985367
6627	892,126391654269	599,92003645521	1	1107,87360834573	599,92003645521
6647	867,984741642254	636,968047130883	1	1132,01525835775	636,968047130883
6665	879,434415832303	635,27309273814	1	1120,5655841677	635,27309273814
6672	860,738764555814	659,572443275558	1	1139,26123544419	659,572443275558
6682	884,196668645868	633,213291781533	1	1115,80333135413	633,213291781533
6697	884,774567050522	632,901837164809	1	1115,22543294948	632,901837164809
6759	887,052647770322	640,765256565046	1	1112,94735222968	640,765256565046
6807	871,675724159031	644,615297623776	1	1128,32427584097	644,615297623776
6825	879,009803665673	642,982384011949	1	1120,99019633433	642,982384011949
6827	875,069911055891	642,434205410543	1	1124,93008894411	642,434205410543
6836	870,257088727235	647,694279332807	1	1129,74291127276	647,694279332807
6839	884,225134793256	642,644693729802	1	1115,77486520674	642,644693729802
6841	874,448092779926	647,823121595395	1	1125,55190722007	647,823121595395
6843	864,269319012593	655,910885625672	1	1135,73068098741	655,910885625672
6857	877,15136079977	647,902910054952	1	1122,84863920023	647,902910054952
6867	885,694707633423	645,755131073442	1	1114,30529236658	645,755131073442
6881	891,433412206625	644,978480294571	1	1108,56658779337	644,978480294571
6896	894,37970485175	645,356652090909	1	1105,62029514825	645,356652090909
6940	874,988234134058	670,812173638948	1	1125,01176586594	670,812173638948
6958	865,834449316451	677,188453449116	1	1134,16555068355	677,188453449116
6960	861,170089851689	678,718751139429	1	1138,82991014831	678,718751139429
6975	862,616429098011	677,384105517949	1	1137,38357090199	677,384105517949
6994	863,512986220579	677,018994730593	1	1136,48701377942	677,018994730593
7003	869,723647432388	673,370106827771	1	1130,27635256761	673,370106827771
7024	864,360039254625	677,070174706932	1	1135,63996074538	677,070174706932
7029	878,67798072811	668,829705761327	1	1121,32201927189	668,829705761327
7041	886,5337979038	667,467225220878	1	1113,4662020962	667,467225220878
7108	878,946757701538	674,893680743016	1	1121,05324229846	674,893680743016
7125	867,107696028358	678,804824131356	1	1132,89230397164	678,804824131356
7128	867,17254840149	680,409539063342	1	1132,82745159851	680,409539063342
7131	865,685067576339	694,587562450318	1	1134,31493242366	694,587562450318
7135	867,714105562863	686,45854567991	1	1132,28589443714	686,45854567991
7162	865,584277005747	685,608653103017	1	1134,41572299425	685,608653103017
7178	864,675192877426	692,059856370242	1	1135,32480712257	692,059856370242
7187	864,068787831093	683,453258626085	1	1135,93121216891	683,453258626085
7192	860,243632108849	686,844047369494	1	1139,75636789115	686,844047369494
7234	860,944885780651	679,092101950798	1	1139,05511421935	679,092101950798
7300	860,672785977019	681,834953488241	1	1139,32721402298	681,834953488241
7304	858,270087030947	696,15782389475	1	1141,72991296905	696,15782389475
7306	847,808570130412	700,399917904008	1	1152,19142986959	700,399917904008
7308	852,225493733883	692,154644332939	1	1147,77450626612	692,154644332939
7311	851,067628631359	705,851421274976	1	1148,93237136864	705,851421274976
7314	851,476720307524	705,850376112821	1	1148,52327969248	705,850376112821
7333	851,697542938473	706,413125551876	1	1148,30245706153	706,413125551876
7358	858,077422573006	702,769007917336	1	1141,92257742699	702,769007917336
7386	858,123690100196	687,060003210338	1	1141,8763098998	687,060003210338
7392	847,693895393209	688,134688418647	1	1152,30610460679	688,134688418647
7408	845,277960838324	679,335275068608	1	1154,72203916168	679,335275068608
7416	847,196074318197	680,450741629123	1	1152,8039256818	680,450741629123
7433	856,039061422219	676,942027092382	1	1143,96093857778	676,942027092382
7448	862,652102956808	676,079899630344	1	1137,34789704319	676,079899630344
7480	847,385686220276	682,193772967669	1	1152,61431377972	682,193772967669
7489	873,346015524249	676,726443068522	1	1126,65398447575	676,726443068522
7492	864,671112243537	683,063464352694	1	1135,32888775646	683,063464352694
7533	831,735535421971	693,420469357599	1	1168,26446457803	693,420469357599
7540	837,30846670474	692,097837491528	1	1162,69153329526	692,097837491528
7553	839,653566105811	686,214874915447	1	1160,34643389419	686,214874915447
7577	854,101073473623	678,682512406173	1	1145,89892652638	678,682512406173
7586	852,283685969009	678,026785315989	1	1147,71631403099	678,026785315989
7604	843,98561550795	680,240841068332	1	1156,01438449205	680,240841068332
7620	836,37471073825	688,55586921064	1	1163,62528926175	688,55586921064
7625	833,218118237075	690,565070641416	1	1166,78188176292	690,565070641416
7646	845,409623879228	686,313335461326	1	1154,59037612077	686,313335461326
7675	840,207820451575	704,699660289819	1	1159,79217954843	704,699660289819
7727	844,490983911546	701,973334693793	1	1155,50901608845	701,973334693793
7742	856,70263192596	703,459778922197	1	1143,29736807404	703,459778922197
7745	848,22826111359	713,53610250409	1	1151,77173888641	713,53610250409
7748	847,485931174834	722,654533273778	1	1152,51406882517	722,654533273778
7767	838,761799153297	739,597701822198	1	1161,2382008467	739,597701822198
7782	836,49251764065	745,086312278092	1	1163,50748235935	745,086312278092
7797	843,335173838478	729,211717971911	1	1156,66482616152	729,211717971911
7832	837,166312147578	747,013297329445	1	1162,83368785242	747,013297329445
7846	844,665355838007	729,168248258076	1	1155,33464416199	729,168248258076
7849	848,697914865772	724,228322135712	1	1151,30208513423	724,228322135712
7864	845,798133854797	726,95916732018	1	1154,2018661452	726,95916732018
7888	825,648699019333	723,925617298383	1	1174,35130098067	723,925617298383
7893	826,220538526255	725,481277771458	1	1173,77946147374	725,481277771458
7909	826,955121499724	717,789341030326	1	1173,04487850028	717,789341030326
7931	828,637493138102	713,920904123527	1	1171,3625068619	713,920904123527
7945	837,132610000227	704,384158378576	1	1162,86738999977	704,384158378576
7975	837,626277483732	702,37702333969	1	1162,37372251627	702,37702333969
7988	834,708826454096	702,655735715739	1	1165,2911735459	702,655735715739
8033	830,798435785537	708,291515853484	1	1169,20156421446	708,291515853484
8043	829,486328913741	708,109546419431	1	1170,51367108626	708,109546419431
8046	827,904031467231	714,290382898848	1	1172,09596853277	714,290382898848
8048	828,463138804292	715,035143375291	1	1171,53686119571	715,035143375291
8062	829,465866036629	715,796508358967	1	1170,53413396337	715,796508358967
8076	830,166291387563	715,496621124456	1	1169,83370861244	715,496621124456
8091	832,144562157649	716,783313410507	1	1167,85543784235	716,783313410507
8127	835,856461852467	717,384943216673	1	1164,14353814753	717,384943216673
8154	836,702196036633	716,845771291815	1	1163,29780396337	716,845771291815
8160	828,724654950385	706,687804734106	1	1171,27534504961	706,687804734106
8163	873,042862683489	653,5425140411	1	1126,95713731651	653,5425140411
8179	853,562377683602	678,522675753818	1	1146,4376223164	678,522675753818
8197	862,201435263776	666,203394253145	1	1137,79856473622	666,203394253145
8214	846,819370867608	688,230865603615	1	1153,18062913239	688,230865603615
8231	839,407690072896	702,022982732149	1	1160,5923099271	702,022982732149
8248	870,29797583419	690,51795913422	1	1129,70202416581	690,51795913422
8270	847,971360352213	706,299171144332	1	1152,02863964779	706,299171144332
8298	847,268921031757	704,959310947546	1	1152,73107896824	704,959310947546
8324	847,221548934708	705,134022859817	1	1152,77845106529	705,134022859817
8330	836,234033328657	705,000876284992	1	1163,76596667134	705,000876284992
8333	835,058149244754	704,966219095894	1	1164,94185075525	704,966219095894
8363	839,626873668467	705,161022047404	1	1160,37312633153	705,161022047404
8394	840,908002120846	704,692865641005	1	1159,09199787915	704,692865641005
8398	846,442706617414	710,033633772792	1	1153,55729338259	710,033633772792
8401	846,925929173165	706,382243348391	1	1153,07407082683	706,382243348391
8431	851,632102955948	709,20993069616	1	1148,36789704405	709,20993069616
8445	842,270538565211	718,530953217363	1	1157,72946143479	718,530953217363
8474	842,32464583162	720,323285669647	1	1157,67535416838	720,323285669647
8483	865,909639925231	702,599728442699	1	1134,09036007477	702,599728442699
8485	849,649538036153	713,203399459595	1	1150,35046196385	713,203399459595
8502	838,704697700028	719,387242386417	1	1161,29530229997	719,387242386417
8528	862,541193431625	689,931830586787	1	1137,45880656837	689,931830586787
8538	854,636847389762	700,139762641807	1	1145,36315261024	700,139762641807
8542	846,51819689849	708,376628262189	1	1153,48180310151	708,376628262189
8568	838,955123192283	710,08829509826	1	1161,04487680772	710,08829509826
8590	834,031956367392	709,393602794307	1	1165,96804363261	709,393602794307
8611	825,480155570821	702,811304291585	1	1174,51984442918	702,811304291585
8622	822,479036862241	699,490814047794	1	1177,52096313776	699,490814047794
8638	825,535582293633	700,785629474284	1	1174,46441770637	700,785629474284
8653	823,515411977888	699,737826600563	1	1176,48458802211	699,737826600563
8662	827,108019879983	693,787720753012	1	1172,89198012002	693,787720753012
8683	831,462127799328	687,851950124688	1	1168,53787220067	687,851950124688
8695	831,61974470855	696,788679494114	1	1168,38025529145	696,788679494114
8726	832,06805630869	693,827862560239	1	1167,93194369131	693,827862560239
8733	831,200814832624	702,418647096071	1	1168,79918516738	702,418647096071
8753	830,899258231569	708,391617927742	1	1169,10074176843	708,391617927742
8763	817,522524325506	743,010815381909	1	1182,47747567449	743,010815381909
8802	809,211955046679	769,80654779385	1	1190,78804495332	769,80654779385
8818	814,351375261549	776,543238461926	1	1185,64862473845	776,543238461926
8824	809,001820947151	772,388905163506	1	1190,99817905285	772,388905163506
8841	804,833704507327	749,274218964922	1	1195,16629549267	749,274218964922
8871	799,64718402309	714,513743319181	1	1200,35281597691	714,513743319181
8886	798,715356836703	713,591625197445	1	1201,2846431633	713,591625197445
8905	799,465427228325	713,942854409922	1	1200,53457277168	713,942854409922
8940	791,395268067345	698,057205243019	1	1208,60473193266	698,057205243019
8943	803,00960812394	725,333584851666	1	1196,99039187606	725,333584851666
8963	810,159999397008	729,088846212895	1	1189,84000060299	729,088846212895
8974	820,922713909973	729,762506772495	1	1179,07728609003	729,762506772495
8981	823,411804702688	724,731045176052	1	1176,58819529731	724,731045176052
8996	823,95452190502	725,285828479985	1	1176,04547809498	725,285828479985
9026	825,523128126688	723,035052344496	1	1174,47687187331	723,035052344496
9050	823,811450906958	712,970002206937	1	1176,18854909304	712,970002206937
9063	816,4802558509	706,305706799255	1	1183,5197441491	706,305706799255
9083	801,124198672864	690,923833569514	1	1198,87580132714	690,923833569514
9087	799,782815662028	688,651442557278	1	1200,21718433797	688,651442557278
9102	790,601072554618	674,10138414674	1	1209,39892744538	674,10138414674
9121	788,501081790218	668,433228521807	1	1211,49891820978	668,433228521807
9129	789,756481219272	674,435719844594	1	1210,24351878073	674,435719844594
9160	826,889550118562	680,199089639021	1	1173,11044988144	680,199089639021
9175	839,178814987952	692,79463172528	1	1160,82118501205	692,79463172528
9193	821,483492404916	708,72530595938	1	1178,51650759508	708,72530595938
9198	830,186698388053	687,54291393729	1	1169,81330161195	687,54291393729
9219	830,941659706147	684,290307239529	1	1169,05834029385	684,290307239529
9235	830,233866353228	688,947371828035	1	1169,76613364677	688,947371828035
9253	828,521922029924	697,295151203357	1	1171,47807797008	697,295151203357
9268	819,213537027464	716,889616393063	1	1180,78646297254	716,889616393063
9277	814,830704877711	708,303094059825	1	1185,16929512229	708,303094059825
9304	809,155009964056	714,266492104731	1	1190,84499003594	714,266492104731
9324	805,278886604812	716,249941756057	1	1194,72111339519	716,249941756057
9334	801,34867443008	715,891205982381	1	1198,65132556992	715,891205982381
9360	797,452204732389	712,319585724945	1	1202,54779526761	712,319585724945
9366	794,285332592386	710,669672308154	1	1205,71466740761	710,669672308154
9387	787,070106123014	703,737874422943	1	1212,92989387699	703,737874422943
9427	807,410949806079	697,659318150329	1	1192,58905019392	697,659318150329
9432	802,762441446048	700,152416029268	1	1197,23755855395	700,152416029268
9435	806,51936283232	694,457866098109	1	1193,48063716768	694,457866098109
9453	813,06186701352	699,103118117845	1	1186,93813298648	699,103118117845
9471	823,208293570781	707,707878327369	1	1176,79170642922	707,707878327369
9497	819,269082048907	707,603480775021	1	1180,73091795109	707,603480775021
9500	844,811554097167	683,924689435532	1	1155,18844590283	683,924689435532
9514	822,660851333393	704,690452074572	1	1177,33914866661	704,690452074572
9530	818,620753952849	703,157855375499	1	1181,37924604715	703,157855375499
9551	821,995219878282	713,957457225648	1	1178,00478012172	713,957457225648
9584	822,009309112688	711,203004427073	1	1177,99069088731	711,203004427073
9586	824,328479154803	713,425712662387	1	1175,6715208452	713,425712662387
9608	828,198623270777	715,206061857298	1	1171,80137672922	715,206061857298
9652	840,211264281425	708,443576615673	1	1159,78873571857	708,443576615673
9657	839,382166416656	710,921938703995	1	1160,61783358334	710,921938703995
9667	835,210046157039	716,569585137928	1	1164,78995384296	716,569585137928
9672	818,272982594266	720,587846074493	1	1181,72701740573	720,587846074493
9701	809,261907150443	720,184514081538	1	1190,73809284956	720,184514081538
9705	806,809231039484	723,420126489695	1	1193,19076896052	723,420126489695
9722	810,825140865542	713,678966631209	1	1189,17485913446	713,678966631209
9729	814,234666259985	711,04140630674	1	1185,76533374002	711,04140630674
9744	813,845550170736	724,289221062139	1	1186,15444982926	724,289221062139
9780	807,382090149258	702,177756720506	1	1192,61790985074	702,177756720506
9800	807,08607770236	699,973870854718	1	1192,91392229764	699,973870854718
9802	808,112919124877	699,5798400497	1	1191,88708087512	699,5798400497
9821	807,044793762982	700,733877679454	1	1192,95520623702	700,733877679454
9838	831,447510519745	721,339281384972	1	1168,55248948026	721,339281384972
9854	836,40887208888	726,670943463179	1	1163,59112791112	726,670943463179
9867	833,146268024327	726,375155479985	1	1166,85373197567	726,375155479985
9882	820,185206018442	730,731990286437	1	1179,81479398156	730,731990286437
9898	821,650155883354	732,737502111854	1	1178,34984411665	732,737502111854
9925	806,420114910814	720,189523000635	1	1193,57988508919	720,189523000635
9937	807,395514048902	711,008017046339	1	1192,6044859511	711,008017046339
9964	804,926703945618	724,337800346163	1	1195,07329605438	724,337800346163
9973	854,100299625285	692,489003807171	1	1145,89970037472	692,489003807171
9986	868,346673856935	671,526677286632	1	1131,65332614306	671,526677286632
10004	868,393646943224	638,253694312824	1	1131,60635305678	638,253694312824
10010	882,438331737457	626,390998838095	1	1117,56166826254	626,390998838095
10026	873,757034142131	631,887514411668	1	1126,24296585787	631,887514411668
