30	735,343369214698	135,804807152894	0			1264,6566307853	135,804807152894
51	759,424589650871	144,787906583754	0			1240,57541034913	144,787906583754
73	738,898520716323	94,8681462659048	0			1261,10147928368	94,8681462659048
90	749,017250782127	99,4210183669989	0			1250,98274921787	99,4210183669989
115	742,176634684996	165,094694288643	1	1257,823365315	165,094694288643
131	752,047772322039	159,985501482173	1	1247,95222767796	159,985501482173
163	850,013986088459	233,374934146529	1	1149,98601391154	233,374934146529
174	886,835147936737	301,022925561833	1	1113,16485206326	301,022925561833
191	951,603838556287	419,162959222876	1	1048,39616144371	419,162959222876
206	946,797100776406	437,157594488297	1	1053,20289922359	437,157594488297
224	910,695795781969	523,540894562325	1	1089,30420421803	523,540894562325
247	920,455450423554	519,249740783966	1	1079,54454957645	519,249740783966
262	914,199120292794	526,934501786401	1	1085,80087970721	526,934501786401
272	929,468016211633	504,461999829312	1	1070,53198378837	504,461999829312
277	950,401530784123	454,076582115422	1	1049,59846921588	454,076582115422
317	949,977165621967	452,669612363224	1	1050,02283437803	452,669612363224
322	951,340832090648	457,162300198322	1	1048,65916790935	457,162300198322
345	909,086760835063	503,463164127386	1	1090,91323916494	503,463164127386
369	921,968108338975	486,159563070059	1	1078,03189166103	486,159563070059
371	897,829013025908	513,382174755474	1	1102,17098697409	513,382174755474
401	915,9933626105	477,601860500158	1	1084,0066373895	477,601860500158
423	904,019436155382	497,259203420156	1	1095,98056384462	497,259203420156
446	907,022343123636	491,217600588454	1	1092,97765687636	491,217600588454
452	907,019729386568	497,538380670915	1	1092,98027061343	497,538380670915
459	900,836386775496	525,093569298312	1	1099,1636132245	525,093569298312
484	905,703276496187	510,638180054324	1	1094,29672350381	510,638180054324
491	906,450895615078	517,694624528068	1	1093,54910438492	517,694624528068
509	908,221692186706	517,645602356765	1	1091,77830781329	517,645602356765
523	912,411972791804	515,78985798358	1	1087,5880272082	515,78985798358
541	919,066062066544	506,780028538295	1	1080,93393793346	506,780028538295
544	921,994287495601	501,300525285728	1	1078,0057125044	501,300525285728
561	920,305688866529	502,987526116346	1	1079,69431113347	502,987526116346
584	921,410381735771	501,887573315193	1	1078,58961826423	501,887573315193
607	931,903150492545	487,568960586532	1	1068,09684950745	487,568960586532
640	918,813550586834	484,396225887929	1	1081,18644941317	484,396225887929
642	926,297564730281	482,714535876587	1	1073,70243526972	482,714535876587
653	921,756125034911	535,797802371858	1	1078,24387496509	535,797802371858
678	924,389802542502	551,950947724018	1	1075,6101974575	551,950947724018
681	923,575971929315	552,059272295157	1	1076,42402807069	552,059272295157
701	929,494182882886	528,380001704592	1	1070,50581711711	528,380001704592
715	956,16926373997	486,54997252261	1	1043,83073626003	486,54997252261
739	959,306921226337	487,447590427548	1	1040,69307877366	487,447590427548
761	949,562313449833	492,12365395339	1	1050,43768655017	492,12365395339
769	888,566884400693	547,387239612214	1	1111,43311559931	547,387239612214
790	880,080775423231	561,244150033331	1	1119,91922457677	561,244150033331
804	846,666071617955	578,405413894393	1	1153,33392838204	578,405413894393
817	878,536069485381	565,121407965231	1	1121,46393051462	565,121407965231
838	869,148765854727	569,382402105394	1	1130,85123414527	569,382402105394
874	825,840564352265	591,556303222662	1	1174,15943564774	591,556303222662
883	819,323810129171	591,318158814292	1	1180,67618987083	591,318158814292
895	813,561609161272	592,648717545874	1	1186,43839083873	592,648717545874
907	813,569037399174	583,75664522737	1	1186,43096260083	583,75664522737
931	817,788363794975	580,38301918064	1	1182,21163620503	580,38301918064
947	819,621475390658	580,931497634062	1	1180,37852460934	580,931497634062
951	823,181194030771	600,967071838793	1	1176,81880596923	600,967071838793
968	823,224018624119	618,390678970135	1	1176,77598137588	618,390678970135
1000	820,639358511997	599,667361074137	1	1179,360641488	599,667361074137
1005	820,538619948901	600,457427938842	1	1179,4613800511	600,457427938842
1022	820,637578023568	604,627945401518	1	1179,36242197643	604,627945401518
1037	802,612476307418	577,05887310523	1	1197,38752369258	577,05887310523
1064	806,904889605205	584,822597944011	1	1193,0951103948	584,822597944011
1080	810,844975122162	571,06071994336	1	1189,15502487784	571,06071994336
1087	810,930879152718	576,847597793849	1	1189,06912084728	576,847597793849
1108	810,968734743981	569,131848319845	1	1189,03126525602	569,131848319845
1128	810,186883050241	570,667338458965	1	1189,81311694976	570,667338458965
1142	806,147056178827	596,966542373935	1	1193,85294382117	596,966542373935
1157	810,51761691664	606,205092966888	1	1189,48238308336	606,205092966888
1178	810,691191678003	608,143687587879	1	1189,308808322	608,143687587879
1193	810,53590153992	602,497613155601	1	1189,46409846008	602,497613155601
1208	810,732633554208	605,295459643853	1	1189,26736644579	605,295459643853
1222	812,118250462216	629,444310756256	1	1187,88174953778	629,444310756256
1257	811,803077993616	624,191161442884	1	1188,19692200638	624,191161442884
1263	811,613578682233	626,872494360484	1	1188,38642131777	626,872494360484
1283	809,440297609964	630,400263718954	1	1190,55970239004	630,400263718954
1300	809,529939901083	600,434098870809	1	1190,47006009892	600,434098870809
1303	808,526531074578	594,744115490973	1	1191,47346892542	594,744115490973
1312	808,277420158951	598,147555981898	1	1191,72257984105	598,147555981898
1336	810,534239798035	583,865366935345	1	1189,46576020197	583,865366935345
1368	810,091287260693	584,149759865365	1	1189,90871273931	584,149759865365
1398	809,65719210926	568,680112268356	1	1190,34280789074	568,680112268356
1405	804,04599126469	578,432801550585	1	1195,95400873531	578,432801550585
1414	798,743726402014	580,036919768405	1	1201,25627359799	580,036919768405
1421	796,569646338476	583,224490445296	1	1203,43035366152	583,224490445296
1447	796,249753720762	582,0969849314	1	1203,75024627924	582,0969849314
1449	791,650676375194	575,278917628464	1	1208,34932362481	575,278917628464
1472	790,971723978991	579,208475710739	1	1209,02827602101	579,208475710739
1488	793,365198215454	580,097071095527	1	1206,63480178455	580,097071095527
1513	797,373925729854	578,823559665653	1	1202,62607427015	578,823559665653
1524	802,675341704058	583,856107465274	1	1197,32465829594	583,856107465274
1542	806,546493856063	588,671598822595	1	1193,45350614394	588,671598822595
1577	809,836283902163	591,235537456091	1	1190,16371609784	591,235537456091
1583	814,568084467863	590,794838533695	1	1185,43191553214	590,794838533695
1586	818,186989046357	588,408458891947	1	1181,81301095364	588,408458891947
1599	816,807295438736	578,820029317637	1	1183,19270456126	578,820029317637
1611	821,33156763451	574,559501301929	1	1178,66843236549	574,559501301929
1637	826,984365959001	567,190097507625	1	1173,015634041	567,190097507625
1963	785,944509660542	757,467974926562	1	1214,05549033946	757,467974926562
1977	834,691809990645	786,613389588442	1	1165,30819000935	786,613389588442
1998	836,243337865806	796,284257607247	1	1163,75666213419	796,284257607247
2015	838,650752832348	839,749078648264	1	1161,34924716765	839,749078648264
2019	834,823637195697	809,297042772341	1	1165,1763628043	809,297042772341
2030	822,595889327108	855,289231620133	1	1177,40411067289	855,289231620133
2044	814,003107967352	899,811076570566	1	1185,99689203265	899,811076570566
2064	811,014679764125	916,681245347163	1	1188,98532023588	916,681245347163
2079	807,663863728107	933,610712792144	1	1192,33613627189	933,610712792144
2111	790,281447118168	984,676275724967	1	1209,71855288183	984,676275724967
2127	792,318127458694	987,712424496472	1	1207,68187254131	987,712424496472
2161	789,706461262702	991,777315945977	1	1210,2935387373	991,777315945977
2167	777,842956043921	997,669569946066	1	1222,15704395608	997,669569946066
2198	777,629848136566	997,859266743239	1	1222,37015186343	997,859266743239
2214	776,068813840475	998,180327691253	1	1223,93118615952	998,180327691253
2231	776,043806665608	998,860104737473	1	1223,95619333439	998,860104737473
2254	773,210763632149	1008,70830568503	1	1226,78923636785	1008,70830568503
2312	773,518762696807	1012,34749637267	1	1226,48123730319	1012,34749637267
2326	773,863449737386	1019,21063664506	0			1226,13655026261	1019,21063664506
2330	778,606756932759	1029,68692960642	0			1221,39324306724	1029,68692960642
2332	777,739437864802	1025,31663809151	0			1222,2605621352	1025,31663809151
2339	787,644357850521	1053,93333019268	0			1212,35564214948	1053,93333019268
2354	789,561705075133	1052,24355183509	0			1210,43829492487	1052,24355183509
2368	791,255089664533	1049,26734094926	0			1208,74491033547	1049,26734094926
2382	788,937474548315	1031,34070089943	0			1211,06252545169	1031,34070089943
2407	776,568968357745	958,640101797289	1	1223,43103164226	958,640101797289
2433	774,375295793354	945,745957006652	1	1225,62470420665	945,745957006652
2438	776,547339902691	951,430425480652	1	1223,45266009731	951,430425480652
2468	787,408363364411	979,854869163978	1	1212,59163663559	979,854869163978
2470	795,073283975031	999,914774660141	1	1204,92671602497	999,914774660141
2492	802,079108758733	994,554070841357	1	1197,92089124127	994,554070841357
2499	802,545618896481	992,976944615723	1	1197,45438110352	992,976944615723
2535	803,448970729502	989,182152004485	1	1196,5510292705	989,182152004485
2542	795,918274561255	973,428040530625	1	1204,08172543874	973,428040530625
2559	795,370456022097	971,035672424695	1	1204,6295439779	971,035672424695
2573	795,496442076839	971,139330089815	1	1204,50355792316	971,139330089815
2605	795,176486010767	998,466307838767	1	1204,82351398923	998,466307838767
2621	802,412293853117	1046,85177796862	0			1197,58770614688	1046,85177796862
2646	802,745838960484	1048,92473662489	0			1197,25416103952	1048,92473662489
2657	780,720034918672	1049,15503413604	0			1219,27996508133	1049,15503413604
2711	781,653280540559	1048,85874387842	0			1218,34671945944	1048,85874387842
2724	775,058603132427	1049,2322299669	0			1224,94139686757	1049,2322299669
2762	774,977745240761	1050,83947133056	0			1225,02225475924	1050,83947133056
2777	774,540274957907	1059,53522531936	0			1225,45972504209	1059,53522531936
2811	774,373033324808	1062,85954734789	0			1225,62696667519	1062,85954734789
2834	778,851825014059	1062,27991402187	0			1221,14817498594	1062,27991402187
2870	814,723657404335	1057,02936308002	0			1185,27634259567	1057,02936308002
2875	814,723657404335	1057,02936308002	0			1185,27634259567	1057,02936308002
2896	813,942560959863	1056,84488802159	0			1186,05743904014	1056,84488802159
2903	795,985546108325	1052,60389910461	0			1204,01445389167	1052,60389910461
2924	781,318116098777	1049,13982622695	0			1218,68188390122	1049,13982622695
2933	775,901991189972	1060,28765551538	0			1224,09800881003	1060,28765551538
2952	774,466836385152	1063,18793000473	0			1225,53316361485	1063,18793000473
2962	772,760495766721	1067,09695255519	0			1227,23950423328	1067,09695255519
2977	766,468677668235	1074,26741973825	0			1233,53132233176	1074,26741973825
3018	759,056365138498	1079,20261041069	0			1240,9436348615	1079,20261041069
3020	758,4019473882	1079,35203756117	0			1241,5980526118	1079,35203756117
3046	757,484804176545	1079,24092194042	0			1242,51519582345	1079,24092194042
3056	755,106347541261	1079,89391923755	0			1244,89365245874	1079,89391923755
3070	754,822779781996	1079,93354617101	0			1245,177220218	1079,93354617101
3082	768,270465643269	1059,55561186107	0			1231,72953435673	1059,55561186107
3101	781,49778424207	1039,5116108126	0			1218,50221575793	1039,5116108126
3110	786,429449597484	1032,03841775263	0			1213,57055040252	1032,03841775263
3133	791,075521945769	1024,99799770644	0			1208,92447805423	1024,99799770644
3153	796,648597717285	1016,55284415751	1	1203,35140228271	1016,55284415751
3172	796,648597717285	1016,55284415751	1	1203,35140228271	1016,55284415751
3202	796,648597717285	1016,55284415751	1	1203,35140228271	1016,55284415751
3221	796,565723558125	1016,60839141987	1	1203,43427644187	1016,60839141987
3240	785,711617213659	1024,07508861426	0			1214,28838278634	1024,07508861426
3278	807,941315561242	997,267162141216	1	1192,05868443876	997,267162141216
3294	813,278155667792	995,635341028233	1	1186,72184433221	995,635341028233
3295	820,851885493441	977,665284012917	1	1179,14811450656	977,665284012917
3314	840,783200319839	935,496848478693	1	1159,21679968016	935,496848478693
3336	845,486190775764	922,834012436933	1	1154,51380922424	922,834012436933
3343	894,14241094398	793,184425448415	1	1105,85758905602	793,184425448415
3365	894,186037534281	791,694365022238	1	1105,81396246572	791,694365022238
3394	894,297617445274	789,455346655441	1	1105,70238255473	789,455346655441
3398	901,013789491753	796,858145044381	1	1098,98621050825	796,858145044381
3404	900,858735756362	797,465672036084	1	1099,14126424364	797,465672036084
3420	898,016651152885	795,863350157847	1	1101,98334884711	795,863350157847
3436	897,539927912513	798,079861341552	1	1102,46007208749	798,079861341552
3473	894,47482238312	800,40239663565	1	1105,52517761688	800,40239663565
3489	887,325797447237	803,090895507682	1	1112,67420255276	803,090895507682
3497	888,592136924217	808,811764844807	1	1111,40786307578	808,811764844807
3512	888,791921090796	808,189806288492	1	1111,2080789092	808,189806288492
3516	891,831988552612	809,345799208367	1	1108,16801144739	809,345799208367
3534	891,706010669418	810,098651697991	1	1108,29398933058	810,098651697991
3554	896,009783706303	799,968884805149	1	1103,9902162937	799,968884805149
3565	889,794324188872	820,237982708244	1	1110,20567581113	820,237982708244
3581	891,602758779836	812,459696599535	1	1108,39724122016	812,459696599535
3608	889,025462844485	823,848337264025	1	1110,97453715551	823,848337264025
3629	891,165617139408	821,027422491908	1	1108,83438286059	821,027422491908
3641	891,736251330232	816,521049173402	1	1108,26374866977	816,521049173402
3667	891,596786453091	815,717956867605	1	1108,40321354691	815,717956867605
3702	891,927128761401	815,743116005379	1	1108,0728712386	815,743116005379
3728	891,571050325345	815,732869065117	1	1108,42894967465	815,732869065117
3733	923,954587637145	800,796863270111	1	1076,04541236286	800,796863270111
3739	1384,17456960617	603,559649299532	0			615,825430393833	603,559649299532
3773	1428,19057030137	596,507696825796	0			571,809429698631	596,507696825796
3779	1390,3759593861	628,966682764524	0			609,624040613896	628,966682764524
3796	1377,60085959133	638,887101644041	0			622,399140408675	638,887101644041
3808	1373,79553556701	642,823980844312	0			626,204464432991	642,823980844312
3816	1358,80073959693	653,518454748959	0			641,199260403071	653,518454748959
3835	1357,79857312091	650,823415623967	0			642,201426879089	650,823415623967
3846	1352,88593315295	647,618947647795	0			647,114066847045	647,618947647795
3881	1355,47873247454	642,354357397643	0			644,521267525465	642,354357397643
3884	1358,54550275076	640,38659112912	0			641,454497249245	640,38659112912
3910	1359,60382168793	628,880520598794	0			640,396178312071	628,880520598794
3919	1363,16466312039	629,003882539985	0			636,835336879609	629,003882539985
3945	1364,31811595579	631,243907448199	0			635,681884044205	631,243907448199
3979	1370,17151578594	633,487853543672	0			629,828484214064	633,487853543672
3999	1374,82483789274	632,881140039388	0			625,175162107259	632,881140039388
4007	1377,17021669423	635,01605373012	0			622,829783305769	635,01605373012
4009	1386,46516256488	642,903636302498	0			613,534837435116	642,903636302498
4013	1395,58804685758	652,441423514283	0			604,411953142421	652,441423514283
4043	1409,92377034466	665,592718791675	0			590,076229655342	665,592718791675
4066	1429,40289744745	685,866995106825	0			570,59710255255	685,866995106825
4074	1431,45660631581	688,662437996361	0			568,543393684186	688,662437996361
4089	1435,28926910051	682,650475544864	0			564,710730899493	682,650475544864
4105	1434,04917341194	686,603444604065	0			565,950826588056	686,603444604065
4131	1436,05464463191	685,552707476416	0			563,945355368089	685,552707476416
4141	1448,54481246977	683,561324815781	0			551,455187530228	683,561324815781
4155	1445,87764178861	683,658226457197	0			554,122358211393	683,658226457197
4180	1441,53662833732	673,708812345323	0			558,463371662679	673,708812345323
4310	1451,02606220924	698,170340004521	0			548,973937790757	698,170340004521
5034	1394,660865759	1056,69703267574	0			605,339134240999	1056,69703267574
5046	1431,71339312803	1037,49080849591	0			568,286606871966	1037,49080849591
5063	1431,71339312803	1037,49080849591	0			568,286606871966	1037,49080849591
5081	1431,71339312803	1037,49080849591	0			568,286606871966	1037,49080849591
5109	1431,71339312803	1037,49080849591	0			568,286606871966	1037,49080849591
5123	1431,71339312803	1037,49080849591	0			568,286606871966	1037,49080849591
5149	1431,71339312803	1037,49080849591	0			568,286606871966	1037,49080849591
5175	1431,71339312803	1037,49080849591	0			568,286606871966	1037,49080849591
5178	1431,71339312803	1037,49080849591	0			568,286606871966	1037,49080849591
5180	1431,67608652107	1037,51014644242	0			568,323913478927	1037,51014644242
5200	1428,69067682837	1039,05763890171	0			571,309323171631	1039,05763890171
5228	1426,00703390707	1040,44871001476	0			573,992966092933	1040,44871001476
5269	1178,46346076315	938,499792451891	1	821,536539236849	938,499792451891
5298	911,40975780485	812,182716742778	1	1088,59024219515	812,182716742778
5304	858,948118546477	777,034502893873	1	1141,05188145352	777,034502893873
5324	734,611125435144	680,363039204288	1	1265,38887456486	680,363039204288
5340	652,814175986396	618,846514700144	1	1347,1858240136	618,846514700144
5365	615,333496399417	587,463296148253	1	1384,66650360058	587,463296148253
5386	610,237632061327	575,016212721316	1	1389,76236793867	575,016212721316
5408	608,385235646887	571,083797183807	1	1391,61476435311	571,083797183807
5428	607,912155384759	573,628370248593	1	1392,08784461524	573,628370248593
5445	607,075413011877	573,486937549224	1	1392,92458698812	573,486937549224
5462	607,580936891215	579,421168285585	1	1392,41906310878	579,421168285585
5468	606,979788810834	576,32624070062	1	1393,02021118917	576,32624070062
5490	603,586515477202	572,814007427203	1	1396,4134845228	572,814007427203
5511	602,352286058756	571,109946339117	1	1397,64771394124	571,109946339117
5519	604,528049870746	573,811612270862	1	1395,47195012925	573,811612270862
5537	616,100810455718	541,300090873599	1	1383,89918954428	541,300090873599
5571	628,251360320365	601,729589530456	1	1371,74863967964	601,729589530456
5588	630,362946660432	593,201125070391	1	1369,63705333957	593,201125070391
5609	831,895216876237	763,508833272183	1	1168,10478312376	763,508833272183
5629	868,474461656349	800,716110531272	1	1131,52553834365	800,716110531272
5642	921,027061373522	843,57165257522	1	1078,97293862648	843,57165257522
5661	924,251973738965	842,914723104563	1	1075,74802626104	842,914723104563
5695	926,590415791857	842,894969261947	1	1073,40958420814	842,894969261947
5716	928,083811772516	841,475195606582	1	1071,91618822748	841,475195606582
5734	927,70425448658	842,37359327937	1	1072,29574551342	842,37359327937
5752	923,018845564807	839,910868287426	1	1076,98115443519	839,910868287426
5766	922,424546688281	839,172878224109	1	1077,57545331172	839,172878224109
5769	911,426205420382	833,099219564412	1	1088,57379457962	833,099219564412
5784	889,27707054206	851,863152902749	1	1110,72292945794	851,863152902749
5799	850,567046762363	883,850031550505	1	1149,43295323764	883,850031550505
5813	813,47357906286	925,6166613788	1	1186,52642093714	925,6166613788
5833	766,972270798197	975,113954015214	1	1233,0277292018	975,113954015214
5856	747,527717127653	995,048935124414	1	1252,47228287235	995,048935124414
5880	759,674460435489	979,522195078327	1	1240,32553956451	979,522195078327
5907	729,528006728518	1003,53586354627	1	1270,47199327148	1003,53586354627
5913	735,728506710587	1007,60799591192	1	1264,27149328941	1007,60799591192
5934	736,500378234268	1007,90571070133	1	1263,49962176573	1007,90571070133
5941	732,53492924473	1007,53685828943	1	1267,46507075527	1007,53685828943
5962	730,647643752998	1005,52603014983	1	1269,352356247	1005,52603014983
5975	729,708054333051	1005,54770396836	1	1270,29194566695	1005,54770396836
5979	731,254674622888	1006,79942024203	1	1268,74532537711	1006,79942024203
6009	731,165381385519	1007,46513702195	1	1268,83461861448	1007,46513702195
6025	732,652896175734	1009,3440168938	1	1267,34710382427	1009,3440168938
6037	735,028092823277	1000,75252609876	1	1264,97190717672	1000,75252609876
6056	757,628225720916	933,485738554094	1	1242,37177427908	933,485738554094
6072	761,731984391919	911,036711894513	1	1238,26801560808	911,036711894513
6100	766,896101525049	883,862026199721	1	1233,10389847495	883,862026199721
6118	770,117330868589	861,995447416699	1	1229,88266913141	861,995447416699
6125	780,259195241384	803,024706024436	1	1219,74080475862	803,024706024436
6140	801,369849415497	693,481354159053	1	1198,6301505845	693,481354159053
6171	802,965221782326	695,218450843265	1	1197,03477821767	695,218450843265
6182	806,006516466954	698,882141119308	1	1193,99348353305	698,882141119308
6201	809,341384878556	699,369707090332	1	1190,65861512144	699,369707090332
6216	810,822768052167	700,624505302682	1	1189,17723194783	700,624505302682
6219	810,482358154962	700,029716598248	1	1189,51764184504	700,029716598248
6250	810,424879589635	699,622138891979	1	1189,57512041036	699,622138891979
6280	803,149599919123	685,633887471238	1	1196,85040008088	685,633887471238
6288	805,663028208362	688,709380436831	1	1194,33697179164	688,709380436831
6293	805,969560063565	688,721837400822	1	1194,03043993643	688,721837400822
6312	803,942718069113	684,085403078837	1	1196,05728193089	684,085403078837
6329	804,676367272703	684,022028614697	1	1195,3236327273	684,022028614697
6345	805,923856833508	684,430230054229	1	1194,07614316649	684,430230054229
6352	808,029738249974	687,308157737343	1	1191,97026175003	687,308157737343
6387	810,781148552834	687,375778467593	1	1189,21885144717	687,375778467593
6404	813,049762732228	688,423852580316	1	1186,95023726777	688,423852580316
6415	814,56492923585	686,959012562683	1	1185,43507076415	686,959012562683
6443	816,093894893326	685,671991929702	1	1183,90610510667	685,671991929702
6460	822,315842351071	688,359449845273	1	1177,68415764893	688,359449845273
6477	820,826108893196	685,464862518447	1	1179,1738911068	685,464862518447
6486	827,337717522648	673,135292200599	1	1172,66228247735	673,135292200599
6513	826,255360844027	667,178223946996	1	1173,74463915597	667,178223946996
6525	825,215425218641	665,979547648486	1	1174,78457478136	665,979547648486
6537	823,524238619496	665,784646332478	1	1176,4757613805	665,784646332478
6552	821,482737965214	671,118170598316	1	1178,51726203479	671,118170598316
6568	819,916187920217	676,740270627451	1	1180,08381207978	676,740270627451
6595	818,537811851883	695,415917852279	1	1181,46218814812	695,415917852279
6610	816,970238198433	694,63580237396	1	1183,02976180157	694,63580237396
6633	816,256470557467	697,555786245663	1	1183,74352944253	697,555786245663
6638	807,378188828768	697,971367997475	1	1192,62181117123	697,971367997475
6654	808,18925470159	698,757784992771	1	1191,81074529841	698,757784992771
6681	809,869125711251	698,549505299543	1	1190,13087428875	698,549505299543
6689	812,596625395496	699,072978690447	1	1187,4033746045	699,072978690447
6706	809,557580301149	701,515608050417	1	1190,44241969885	701,515608050417
6714	805,713037466392	700,848939657655	1	1194,28696253361	700,848939657655
6747	805,80873628085	701,254329066801	1	1194,19126371915	701,254329066801
6764	809,632568790984	712,979346953019	1	1190,36743120902	712,979346953019
6789	809,311840326596	713,250529541456	1	1190,6881596734	713,250529541456
6805	813,621172823419	753,213068482021	1	1186,37882717658	753,213068482021
6808	820,806617399999	847,086455438558	1	1179,1933826	847,086455438558
6849	829,642574593755	884,4185840587	1	1170,35742540624	884,4185840587
6852	828,759401750923	906,61963412161	1	1171,24059824908	906,61963412161
6855	828,142713115049	924,410286716411	1	1171,85728688495	924,410286716411
6871	825,123696006368	925,135688523891	1	1174,87630399363	925,135688523891
6891	825,68353830196	925,321059909357	1	1174,31646169804	925,321059909357
6910	818,539878689223	928,3581578506	1	1181,46012131078	928,3581578506
6940	818,991123889746	928,512672789657	1	1181,00887611025	928,512672789657
6942	829,816137111932	897,271066270618	1	1170,18386288807	897,271066270618
6959	827,057176471022	904,500554861174	1	1172,94282352898	904,500554861174
6981	828,920722520491	894,705129341029	1	1171,07927747951	894,705129341029
6985	824,478349832486	906,649682521927	1	1175,52165016751	906,649682521927
6999	825,99761055626	906,230988384739	1	1174,00238944374	906,230988384739
7022	829,012693894328	903,154379318022	1	1170,98730610567	903,154379318022
7036	820,565984232086	918,136644140361	1	1179,43401576791	918,136644140361
7069	823,91042332201	917,857219988951	1	1176,08957667799	917,857219988951
7075	827,500625853005	916,261752384733	1	1172,49937414699	916,261752384733
7092	826,406209564814	917,243515156858	1	1173,59379043519	917,243515156858
7121	823,83033665293	917,816736689169	1	1176,16966334707	917,816736689169
7124	819,065255791826	919,549851974263	1	1180,93474420817	919,549851974263
7138	817,906004415667	921,517133665842	1	1182,09399558433	921,517133665842
7152	817,52252622216	922,947645159254	1	1182,47747377784	922,947645159254
7172	820,070925948477	924,965911879851	1	1179,92907405152	924,965911879851
7189	819,098875133607	927,005977551808	1	1180,90112486639	927,005977551808
7211	821,23706178457	962,76272921817	1	1178,76293821543	962,76272921817
7229	814,689850824268	985,950808104008	1	1185,31014917573	985,950808104008
7247	808,556099123355	1005,71345222833	1	1191,44390087664	1005,71345222833
7250	808,411908421102	1008,28330243122	1	1191,5880915789	1008,28330243122
7268	807,996693804046	1010,07513629048	1	1192,00330619595	1010,07513629048
7302	808,604338974398	1014,91856743062	1	1191,3956610256	1014,91856743062
7306	807,561286329521	1016,24093911275	1	1192,43871367048	1016,24093911275
7318	806,26090315759	1014,9222571515	1	1193,73909684241	1014,9222571515
7333	804,466631614514	1016,53969700603	1	1195,53336838549	1016,53969700603
7364	803,798160562894	1015,90914140026	1	1196,20183943711	1015,90914140026
7391	802,948098236358	1017,14429493187	1	1197,05190176364	1017,14429493187
7423	796,169138317818	1041,43164091526	0			1203,83086168218	1041,43164091526
7435	790,93899634591	1056,63775109339	0			1209,06100365409	1056,63775109339
7439	787,419627602718	1067,7779786784	0			1212,58037239728	1067,7779786784
7454	787,461614234332	1067,66372434135	0			1212,53838576567	1067,66372434135
7465	787,467459433691	1067,61052129624	0			1212,53254056631	1067,61052129624
7492	787,203772556298	1067,38937704934	0			1212,7962274437	1067,38937704934
7527	788,046533510803	1066,44011665341	0			1211,9534664892	1066,44011665341
7540	788,567144281963	1066,20121004963	0			1211,43285571804	1066,20121004963
7554	790,35961027112	1065,4652699656	0			1209,64038972888	1065,4652699656
7569	790,892325120733	1064,75524703964	0			1209,10767487927	1064,75524703964
7571	789,957650032052	1062,44940031483	0			1210,04234996795	1062,44940031483
7584	789,521599635803	1061,88546275232	0			1210,4784003642	1061,88546275232
7602	789,395935592697	1061,63845275673	0			1210,6040644073	1061,63845275673
7611	792,430837527859	1062,91842263101	0			1207,56916247214	1062,91842263101
7633	790,45506095476	1058,79351603866	0			1209,54493904524	1058,79351603866
7654	792,286967044828	1056,95656699462	0			1207,71303295517	1056,95656699462
7673	786,186197545057	1047,55536113158	0			1213,81380245494	1047,55536113158
7687	784,602606664562	1044,77452132588	0			1215,39739333544	1044,77452132588
7706	781,244421159565	1039,57252531392	0			1218,75557884043	1039,57252531392
7717	781,244421159565	1039,57252531392	0			1218,75557884043	1039,57252531392
7751	781,244421159565	1039,57252531392	0			1218,75557884043	1039,57252531392
7754	781,245169294504	1039,62976952662	0			1218,7548307055	1039,62976952662
7775	781,440850565497	1054,6024966566	0			1218,5591494345	1054,6024966566
7822	819,019003356524	1054,54162151486	0			1180,98099664348	1054,54162151486
7848	816,217707150486	1056,38553116569	0			1183,78229284951	1056,38553116569
7856	827,107516271779	1002,58915021818	1	1172,89248372822	1002,58915021818
7889	924,272455752346	644,299620803178	1	1075,72754424765	644,299620803178
7901	932,876667705305	607,208354026331	1	1067,12333229469	607,208354026331
7913	945,835497684963	472,29450787977	1	1054,16450231504	472,29450787977
7915	952,259690400168	462,520139213562	1	1047,74030959983	462,520139213562
7932	955,755006243174	449,724186571327	1	1044,24499375683	449,724186571327
7957	971,958478072144	414,2948930909	1	1028,04152192786	414,2948930909
7974	971,6093640684	380,356635428745	1	1028,3906359316	380,356635428745
7996	965,705535651915	404,81466920672	1	1034,29446434809	404,81466920672
8027	965,489128428324	405,559527166698	1	1034,51087157168	405,559527166698
8038	954,271339898733	447,8121174548	1	1045,72866010127	447,8121174548
8043	948,985533615248	481,873015837606	1	1051,01446638475	481,873015837606
8049	954,544670051095	463,406601778464	1	1045,4553299489	463,406601778464
8069	955,594902092323	435,507683804134	1	1044,40509790768	435,507683804134
8083	957,505349755694	407,822563843722	1	1042,49465024431	407,822563843722
8109	955,222533686783	403,206614649334	1	1044,77746631322	403,206614649334
8125	954,773328464283	402,652841967773	1	1045,22667153572	402,652841967773
8148	951,630114654855	374,0010729822	1	1048,36988534515	374,0010729822
8165	952,394340595027	376,785271433606	1	1047,60565940497	376,785271433606
8203	950,822657847066	373,868722277766	1	1049,17734215293	373,868722277766
8218	941,801488293352	362,134559275741	1	1058,19851170665	362,134559275741
8233	939,209612332992	356,24805029223	1	1060,79038766701	356,24805029223
8261	933,066888569587	366,980706773779	1	1066,93311143041	366,980706773779
8281	939,160291974856	409,079017013936	1	1060,83970802514	409,079017013936
8291	817,477602721251	602,34105609174	1	1182,52239727875	602,34105609174
8305	820,003133333836	603,215241354673	1	1179,99686666616	603,215241354673
8318	760,443383479989	830,434999290702	1	1239,55661652001	830,434999290702
8335	757,479572120941	838,032888237982	1	1242,52042787906	838,032888237982
8354	756,847784827792	840,480538215375	1	1243,15221517221	840,480538215375
8370	772,007627290686	772,059211520768	1	1227,99237270931	772,059211520768
8377	765,74471666999	846,351728252361	1	1234,25528333001	846,351728252361
8414	760,167151965663	859,708551047224	1	1239,83284803434	859,708551047224
8432	759,654111737247	861,613517809429	1	1240,34588826275	861,613517809429
8443	759,367651352185	859,368202760448	1	1240,63234864782	859,368202760448
8458	761,399411558652	856,258654092425	1	1238,60058844135	856,258654092425
8490	752,467873704359	861,761022658751	1	1247,53212629564	861,761022658751
8503	749,608664528544	865,58926479941	1	1250,39133547146	865,58926479941
8543	750,522310048321	870,562542156695	1	1249,47768995168	870,562542156695
8545	751,992710431674	878,944776042239	1	1248,00728956833	878,944776042239
8548	751,502138212707	895,047712351316	1	1248,49786178729	895,047712351316
8565	753,916251710036	919,503938618483	1	1246,08374828996	919,503938618483
8581	754,500676796189	929,84693446705	1	1245,49932320381	929,84693446705
8599	753,663738041293	957,488413623463	1	1246,33626195871	957,488413623463
8607	760,885881206893	977,614915048236	1	1239,11411879311	977,614915048236
8622	763,29050515185	982,755003671058	1	1236,70949484815	982,755003671058
8637	762,997886916037	991,192260326881	1	1237,00211308396	991,192260326881
8654	761,465454277061	1001,05899015387	1	1238,53454572294	1001,05899015387
8668	759,418496585701	1018,91872319882	0			1240,5815034143	1018,91872319882
8699	758,649005580111	1025,0481321063	0			1241,35099441989	1025,0481321063
8711	748,513255860557	1042,35793018392	0			1251,48674413944	1042,35793018392
8723	749,522802967755	1046,50001269574	0			1250,47719703225	1046,50001269574
8734	754,034719178477	1043,26121729799	0			1245,96528082152	1043,26121729799
8756	767,431416347896	1027,58302495549	0			1232,5685836521	1027,58302495549
8768	775,317076156449	1021,23651315213	0			1224,68292384355	1021,23651315213
8778	837,627886030665	889,658701331811	1	1162,37211396934	889,658701331811
8799	826,506487339731	901,992866273178	1	1173,49351266027	901,992866273178
8815	928,841183136091	604,245035951323	1	1071,15881686391	604,245035951323
8831	894,467374384288	705,718241321444	1	1105,53262561571	705,718241321444
8857	938,847358845185	572,563336989851	1	1061,15264115481	572,563336989851
8877	909,692258305715	673,618930798691	1	1090,30774169429	673,618930798691
8888	927,715662566436	609,426112899576	1	1072,28433743356	609,426112899576
8907	931,167143263466	578,175230709119	1	1068,83285673653	578,175230709119
8923	932,729614480665	550,055473019454	1	1067,27038551934	550,055473019454
8940	933,489526056902	533,501713977123	1	1066,5104739431	533,501713977123
8957	933,496346651311	521,53305157613	1	1066,50365334869	521,53305157613
8981	937,30859734777	535,288100616766	1	1062,69140265223	535,288100616766
8989	942,291106851035	547,057281170008	1	1057,70889314896	547,057281170008
9014	955,888599882353	505,305559257922	1	1044,11140011765	505,305559257922
9028	953,746385173891	515,411354049175	1	1046,25361482611	515,411354049175
9042	957,193353155423	511,923208190641	1	1042,80664684458	511,923208190641
9062	957,362602989186	538,103323879008	1	1042,63739701081	538,103323879008
9073	956,858031368601	528,610321758996	1	1043,1419686314	528,610321758996
9088	957,549983213648	524,031181451141	1	1042,45001678635	524,031181451141
9098	957,313691486487	532,067993662274	1	1042,68630851351	532,067993662274
9115	958,40473781486	520,404729557381	1	1041,59526218514	520,404729557381
9131	962,196573551925	519,38352425573	1	1037,80342644807	519,38352425573
9160	990,594759640047	504,056408539316	1	1009,40524035995	504,056408539316
9174	1110,471646484	536,500818792777	1	889,528353515998	536,500818792777
9191	1196,67052198261	568,686100521664	1	803,32947801739	568,686100521664
9207	1414,26907949565	703,385295163405	0			585,730920504349	703,385295163405
9217	1433,31174938012	701,497870211834	0			566,688250619878	701,497870211834
9230	1500,04371660067	731,979607522682	0			499,956283399332	731,979607522682
9251	1499,30968625192	733,28376508444	0			500,690313748079	733,28376508444
9263	1500,39085934696	736,306102086613	0			499,609140653037	736,306102086613
9280	1475,3670390428	696,612066233781	0			524,632960957201	696,612066233781
9316	1470,62250045414	700,305229435251	0			529,377499545856	700,305229435251
9319	1467,10749750084	701,11505521946	0			532,892502499155	701,11505521946
9346	1467,35237055507	700,043384898779	0			532,647629444929	700,043384898779
9352	1465,12703428171	692,82085870599	0			534,872965718293	692,82085870599
9370	1464,34789413272	691,332138927886	0			535,652105867281	691,332138927886
9383	1463,58246647407	691,149139214612	0			536,417533525934	691,149139214612
9397	1451,66712172214	682,320636251052	0			548,332878277863	682,320636251052
9494	1452,10918298537	682,556416394923	0			547,890817014635	682,556416394923
9501	1448,37665173233	690,859952082489	0			551,623348267675	690,859952082489
9507	1451,58310131163	689,260628859973	0			548,416898688368	689,260628859973
9509	1449,41157937531	689,650926715889	0			550,588420624689	689,650926715889
9511	1448,64366471851	684,797396823292	0			551,356335281489	684,797396823292
9514	1448,21582377437	679,614459989741	0			551,784176225634	679,614459989741
9518	1445,98349529769	674,560377896085	0			554,016504702308	674,560377896085
9533	1387,9441649896	687,584618144417	0			612,055835010396	687,584618144417
9554	1346,60016084889	692,482049424446	0			653,399839151111	692,482049424446
9587	1118,82405832404	725,010144402161	1	881,175941675957	725,010144402161
9631	737,433349921788	778,082246579655	1	1262,56665007821	778,082246579655
9643	731,679877032817	779,372651919264	1	1268,32012296718	779,372651919264
9686	719,018968085666	780,495498777815	1	1280,98103191433	780,495498777815
9690	733,978271382041	750,134852243813	1	1266,02172861796	750,134852243813
9858	811,077117919922	697,176635286176	1	1188,92288208008	697,176635286176
9892	802,749825141191	793,924987843118	1	1197,25017485881	793,924987843118
9919	843,519765212759	866,641389747251	1	1156,48023478724	866,641389747251
9936	856,33328143457	914,132663203839	1	1143,66671856543	914,132663203839
9961	859,468176283298	936,048527103885	1	1140,5318237167	936,048527103885
9988	862,148510855324	981,054408236648	1	1137,85148914468	981,054408236648
10004	870,560582328436	988,080084527967	1	1129,43941767156	988,080084527967
10019	871,641216133905	987,404268049673	1	1128,35878386609	987,404268049673
