4	788,131052754376	689,094096521633	1	1211,86894724562	689,094096521633
32	790,384003758307	690,150577580322	1	1209,61599624169	690,150577580322
42	787,706425809307	700,1656661498	1	1212,29357419069	700,1656661498
46	786,441440654274	712,395174864634	1	1213,55855934573	712,395174864634
48	784,68591915771	711,402546105666	1	1215,31408084229	711,402546105666
94	788,344696766213	694,271453805324	1	1211,65530323379	694,271453805324
132	788,886442727515	690,106235099545	1	1211,11355727248	690,106235099545
149	790,546364297974	689,493108787234	1	1209,45363570203	689,493108787234
151	790,780459060909	682,380552928567	1	1209,21954093909	682,380552928567
156	792,357997611615	703,462959532619	1	1207,64200238839	703,462959532619
160	801,101256826379	751,167046797229	1	1198,89874317362	751,167046797229
164	796,469022122039	757,390840693276	1	1203,53097787796	757,390840693276
219	795,37990663295	763,324550958039	1	1204,62009336705	763,324550958039
249	795,099270962792	765,699283564287	1	1204,90072903721	765,699283564287
251	792,360344975734	775,024706805647	1	1207,63965502427	775,024706805647
254	792,983704951174	767,869006347983	1	1207,01629504883	767,869006347983
258	793,520758606119	768,387372223195	1	1206,47924139388	768,387372223195
260	789,485677958628	754,459273789205	1	1210,51432204137	754,459273789205
268	787,347131468066	754,988199021805	1	1212,65286853193	754,988199021805
292	784,623616001142	748,143888316184	1	1215,37638399886	748,143888316184
359	784,08371146242	748,011049158653	1	1215,91628853758	748,011049158653
437	785,91646143538	748,489987591049	1	1214,08353856462	748,489987591049
498	789,133486429773	749,485606202601	1	1210,86651357023	749,485606202601
536	794,94976721393	751,762087583872	1	1205,05023278607	751,762087583872
539	797,157504565958	747,989996606376	1	1202,84249543404	747,989996606376
541	799,606176960264	749,156388050379	1	1200,39382303974	749,156388050379
544	799,786686664794	756,825204494651	1	1200,21331333521	756,825204494651
547	801,197698636934	759,777019679499	1	1198,80230136307	759,777019679499
551	801,508659673171	763,553997541371	1	1198,49134032683	763,553997541371
554	800,342141797546	764,124537234703	1	1199,65785820245	764,124537234703
556	800,578293443508	752,154209007499	1	1199,42170655649	752,154209007499
561	798,058884393719	747,686301488434	1	1201,94111560628	747,686301488434
566	797,591361236709	741,575834648271	1	1202,40863876329	741,575834648271
568	794,919881828669	742,586577932913	1	1205,08011817133	742,586577932913
570	797,581840741617	752,121067399492	1	1202,41815925838	752,121067399492
573	797,622481940867	757,569554736965	1	1202,37751805913	757,569554736965
576	791,548723927725	778,184125100279	1	1208,45127607228	778,184125100279
595	790,470309045575	780,502900098948	1	1209,52969095442	780,502900098948
613	787,493310556014	786,814969646433	1	1212,50668944399	786,814969646433
645	786,456055290657	783,704967019656	1	1213,54394470934	783,704967019656
657	783,38746657224	782,493257533272	1	1216,61253342776	782,493257533272
659	774,529120131103	775,165901306037	1	1225,4708798689	775,165901306037
675	772,599846949362	778,31551244133	1	1227,40015305064	778,31551244133
688	775,774250936075	780,563189095151	1	1224,22574906392	780,563189095151
706	777,69385465442	776,165434616413	1	1222,30614534558	776,165434616413
747	778,742911970361	771,714907355198	1	1221,25708802964	771,714907355198
754	782,462387954978	773,045910080945	1	1217,53761204502	773,045910080945
774	780,695225143015	776,105192647992	1	1219,30477485699	776,105192647992
790	782,214022247433	774,476737169251	1	1217,78597775257	774,476737169251
792	784,376606171355	774,781746805391	1	1215,62339382865	774,781746805391
825	784,034631215931	773,987293279321	1	1215,96536878407	773,987293279321
829	791,444395917682	765,090226297268	1	1208,55560408232	765,090226297268
834	793,090538940842	760,296666551355	1	1206,90946105916	760,296666551355
857	795,644757373164	761,869539901652	1	1204,35524262684	761,869539901652
874	798,798571412531	756,20875976099	1	1201,20142858747	756,20875976099
892	798,907061595574	753,655148237508	1	1201,09293840443	753,655148237508
931	803,525968510748	762,108774341269	1	1196,47403148925	762,108774341269
1023	800,993892276722	765,28279724725	1	1199,00610772328	765,28279724725
1034	811,30984945962	769,747793659543	1	1188,69015054038	769,747793659543
1062	811,391198737209	771,762922445487	1	1188,60880126279	771,762922445487
1073	815,676425827879	773,445925934408	1	1184,32357417212	773,445925934408
1076	812,589084676652	777,494082896743	1	1187,41091532335	777,494082896743
1092	812,187424190097	775,542115010248	1	1187,8125758099	775,542115010248
1095	804,848474484142	767,19293989041	1	1195,15152551586	767,19293989041
1097	806,330096268824	756,954834996995	1	1193,66990373118	756,954834996995
1103	806,526500374282	753,105655728972	1	1193,47349962572	753,105655728972
1107	796,969587815051	761,268872690466	1	1203,03041218495	761,268872690466
1120	793,02914029795	763,589978409732	1	1206,97085970205	763,589978409732
1127	785,99357016845	768,704745177436	1	1214,00642983155	768,704745177436
1134	787,142373551298	766,990944211502	1	1212,8576264487	766,990944211502
1165	786,426342478542	758,597365861682	1	1213,57365752146	758,597365861682
1224	786,763905788929	749,855318810075	1	1213,23609421107	749,855318810075
1283	797,392235233438	741,471157966708	1	1202,60776476656	741,471157966708
1291	811,145336701426	730,956000424543	1	1188,85466329857	730,956000424543
1294	851,680636501495	708,972178907457	1	1148,31936349851	708,972178907457
1296	820,765655801388	729,062947956642	1	1179,23434419861	729,062947956642
1300	829,68298801456	725,379271320763	1	1170,31701198544	725,379271320763
1308	792,167557974586	721,854835857699	1	1207,83244202541	721,854835857699
1313	801,231546351809	721,589363195351	1	1198,76845364819	721,589363195351
1317	709,932463903366	653,689272265182	1	1290,06753609663	653,689272265182
1382	694,541280212904	631,373376104452	1	1305,4587197871	631,373376104452
1401	697,005705197538	607,284302946996	1	1302,99429480246	607,284302946996
1405	676,399919632996	584,185948033039	1	1323,600080367	584,185948033039
1408	674,551581820892	585,28109309053	1	1325,44841817911	585,28109309053
1416	681,8094333229	557,979755104595	1	1318,1905666771	557,979755104595
1418	675,639488536609	548,586492338863	1	1324,36051146339	548,586492338863
1473	684,783679035966	541,226726018298	1	1315,21632096403	541,226726018298
1508	687,275891606306	537,742219619029	1	1312,72410839369	537,742219619029
1512	681,494919270361	539,614654875874	1	1318,50508072964	539,614654875874
1522	682,906020984218	519,417279134774	1	1317,09397901578	519,417279134774
1523	675,501220499066	528,803207426894	1	1324,49877950093	528,803207426894
1561	684,608742336888	494,391307186696	1	1315,39125766311	494,391307186696
1570	667,734873325273	518,540660164831	1	1332,26512667473	518,540660164831
1610	666,600062561537	518,342523987619	1	1333,39993743846	518,342523987619
1614	641,706646787794	545,963472435141	1	1358,29335321221	545,963472435141
1663	647,914702091592	525,87827231858	1	1352,08529790841	525,87827231858
1665	649,253450928598	525,45138840697	1	1350,7465490714	525,45138840697
1681	647,492742575966	519,878615539085	1	1352,50725742403	519,878615539085
1685	682,069609684522	501,320874171625	1	1317,93039031548	501,320874171625
1702	699,287004605695	482,555832833312	1	1300,7129953943	482,555832833312
1742	699,348751358472	480,491158220336	1	1300,65124864153	480,491158220336
1751	760,630045292291	433,668033796187	1	1239,36995470771	433,668033796187
1754	783,763048598033	410,315410768264	1	1216,23695140197	410,315410768264
1776	810,840516884316	385,598527989256	1	1189,15948311568	385,598527989256
1823	884,323031416365	327,691762891894	1	1115,67696858364	327,691762891894
1830	905,379032577387	320,399201113247	1	1094,62096742261	320,399201113247
1845	859,568124964863	355,44968228352	1	1140,43187503514	355,44968228352
1876	869,312776943403	311,003646009111	1	1130,6872230566	311,003646009111
1925	853,70359877379	340,393304851236	1	1146,29640122621	340,393304851236
1960	839,483032742936	374,007619013555	1	1160,51696725706	374,007619013555
1963	854,928610561508	368,469788612947	1	1145,07138943849	368,469788612947
1989	932,319223161357	296,311494031493	1	1067,68077683864	296,311494031493
1991	979,920326320704	306,930908317351	1	1020,0796736793	306,930908317351
1994	1005,7509816805	282,130909041329	1	994,249018319495	282,130909041329
2011	1025,93391050079	249,640716735905	1	974,066089499212	249,640716735905
2025	1018,99726863516	259,515816219111	1	981,002731364843	259,515816219111
2037	1025,60507274928	268,307818571751	1	974,394927250725	268,307818571751
2055	1028,6223004284	265,130619708918	1	971,377699571601	265,130619708918
2073	1029,81247677237	275,907662984583	1	970,187523227631	275,907662984583
2099	1026,52889437254	279,940564321378	1	973,471105627462	279,940564321378
2123	1030,74206916239	287,085063238408	1	969,257930837608	287,085063238408
2139	1035,05248324658	263,530164310727	1	964,947516753422	263,530164310727
2156	1044,63565999819	240,23958794866	1	955,364340001811	240,23958794866
2169	1031,70271094146	244,561244918288	1	968,297289058541	244,561244918288
2195	1011,52352472229	254,946649761369	1	988,476475277714	254,946649761369
2216	991,582348563635	255,250039436131	1	1008,41765143637	255,250039436131
2225	966,895545128369	264,011481485247	1	1033,10445487163	264,011481485247
2249	958,721599583243	270,120736723996	1	1041,27840041676	270,120736723996
2283	951,580318635435	283,799499821387	1	1048,41968136456	283,799499821387
2296	952,316661997034	275,400972484994	1	1047,68333800297	275,400972484994
2303	919,645360593307	236,929274987232	1	1080,35463940669	236,929274987232
2306	922,573722366145	234,103373287372	1	1077,42627763385	234,103373287372
2322	921,826508181718	227,530662912842	1	1078,17349181828	227,530662912842
2366	934,497132625611	257,090525175469	1	1065,50286737439	257,090525175469
2374	932,304742880999	277,245760306215	1	1067,695257119	277,245760306215
2376	934,612609831722	271,950892735087	1	1065,38739016828	271,950892735087
2409	932,700863588656	279,307113115937	1	1067,29913641134	279,307113115937
2484	937,049614297461	283,936198840964	1	1062,95038570254	283,936198840964
2495	936,834502167035	280,027880921919	1	1063,16549783297	280,027880921919
2497	946,686991489892	239,971491358242	1	1053,31300851011	239,971491358242
2499	942,322445745596	253,362198583326	1	1057,6775542544	253,362198583326
2504	982,046825829162	237,520684779956	1	1017,95317417084	237,520684779956
2509	986,69332491305	234,884490345989	1	1013,30667508695	234,884490345989
2514	996,555943889874	234,053020019186	1	1003,44405611013	234,053020019186
2561	1049,92761568016	238,145224025018	1	950,072384319843	238,145224025018
2564	1077,57834135298	231,674677713523	1	922,421658647015	231,674677713523
2582	1057,49461284719	234,746902962742	1	942,505387152812	234,746902962742
2595	1057,25660633562	233,590486449445	1	942,743393664376	233,590486449445
2603	1056,02974942461	235,097869598611	1	943,97025057539	235,097869598611
2619	1070,65871089997	232,578069349702	1	929,341289100031	232,578069349702
2639	1056,40328361181	244,983977003673	1	943,59671638819	244,983977003673
2661	1061,97703156393	248,086089190903	1	938,022968436071	248,086089190903
2672	1062,54316333648	243,993637343501	1	937,456836663524	243,993637343501
2729	1083,56851736684	272,247298182468	1	916,431482633162	272,247298182468
2740	1083,94822142786	271,76751490597	1	916,051778572136	271,76751490597
2742	1089,56672802901	286,695591205564	1	910,433271970985	286,695591205564
2745	1023,2259344415	247,35674387991	1	976,774065558502	247,35674387991
2764	1004,82673286829	258,099079638098	1	995,173267131709	258,099079638098
2778	983,07912514683	254,690597772581	1	1016,92087485317	254,690597772581
2782	971,774195608792	267,63124848916	1	1028,22580439121	267,63124848916
2807	940,403525184429	250,670124390552	1	1059,59647481557	250,670124390552
2817	938,285189569687	262,860741872255	1	1061,71481043031	262,860741872255
2863	944,998022523627	244,194666532382	1	1055,00197747637	244,194666532382
2871	968,577859437006	206,964300655571	1	1031,42214056299	206,964300655571
2896	990,351105740389	198,616207777615	1	1009,64889425961	198,616207777615
2924	1006,05292958393	222,781633956982	1	993,947070416071	222,781633956982
2935	1033,28296757272	261,961327176862	1	966,717032427282	261,961327176862
2950	1027,23482245411	282,448915303182	1	972,765177545887	282,448915303182
2954	1029,88722565739	277,760855860858	1	970,112774342605	277,760855860858
2970	1027,90177927096	274,197488433114	1	972,098220729041	274,197488433114
2999	986,369862718278	295,987582050079	1	1013,63013728172	295,987582050079
3014	935,73112248673	279,855877411787	1	1064,26887751327	279,855877411787
3094	906,603567562613	273,308148753227	1	1093,39643243739	273,308148753227
3101	899,516854855464	269,034689846401	1	1100,48314514454	269,034689846401
3103	900,692647405517	264,463261102136	1	1099,30735259448	264,463261102136
3106	906,310013375464	255,164599309004	1	1093,68998662454	255,164599309004
3109	916,19366846657	285,238788671834	1	1083,80633153343	285,238788671834
3124	915,011713857832	284,374742017497	1	1084,98828614217	284,374742017497
3148	906,811910107345	294,387784483204	1	1093,18808989266	294,387784483204
3161	905,153935057455	284,512569716143	1	1094,84606494255	284,512569716143
3175	894,806640921124	287,309366966315	1	1105,19335907888	287,309366966315
3202	905,654053475831	287,903519842521	1	1094,34594652417	287,903519842521
3231	905,862275241332	287,544058373099	1	1094,13772475867	287,544058373099
3244	907,583473975959	291,400120445106	1	1092,41652602404	291,400120445106
3258	909,149548758279	296,88000834409	1	1090,85045124172	296,88000834409
3261	910,357939072873	289,914056871032	1	1089,64206092713	289,914056871032
3305	928,379079667162	315,062271886816	1	1071,62092033284	315,062271886816
3312	923,271351311659	302,806963580633	1	1076,72864868834	302,806963580633
3328	927,952077117283	308,823060886093	1	1072,04792288272	308,823060886093
3341	911,164564984893	299,453986508372	1	1088,83543501511	299,453986508372
3356	894,626151239401	302,254121004093	1	1105,3738487606	302,254121004093
3458	882,841878879651	339,508543232403	1	1117,15812112035	339,508543232403
3489	874,434217834471	365,996633034143	1	1125,56578216553	365,996633034143
3502	868,566028688891	374,88676012163	1	1131,43397131111	374,88676012163
3504	869,001158101024	270,752029743269	1	1130,99884189898	270,752029743269
3506	868,937561235763	270,651151192916	1	1131,06243876424	270,651151192916
3508	875,645160950677	277,187537704134	1	1124,35483904932	277,187537704134
3527	880,060788471479	306,491372561679	1	1119,93921152852	306,491372561679
3533	895,068264323012	300,410137756674	1	1104,93173567699	300,410137756674
3619	898,741384653165	300,22974671833	1	1101,25861534684	300,22974671833
3632	895,48283771796	293,811124802248	1	1104,51716228204	293,811124802248
3639	912,638216301135	309,255709431062	1	1087,36178369887	309,255709431062
3642	924,066186475679	319,390207586812	1	1075,93381352432	319,390207586812
3646	936,278697441777	332,503173259954	1	1063,72130255822	332,503173259954
3648	939,584758452622	336,130436976538	1	1060,41524154738	336,130436976538
3664	953,409539182443	348,01735256406	1	1046,59046081756	348,01735256406
3675	959,089022208212	356,140866539868	1	1040,91097779179	356,140866539868
3693	961,367413528447	352,801102001095	1	1038,63258647155	352,801102001095
3698	965,457035575056	353,184032897481	1	1034,54296442494	353,184032897481
3769	967,514859753289	356,472981626466	1	1032,48514024671	356,472981626466
3786	1008,47693840789	337,306857602348	1	991,523061592113	337,306857602348
3790	993,83017133404	344,067887036339	1	1006,16982866596	344,067887036339
3793	989,182352390783	344,472074156697	1	1010,81764760922	344,472074156697
3796	991,304134620414	347,880093602695	1	1008,69586537959	347,880093602695
3799	998,007832973934	341,444206200695	1	1001,99216702607	341,444206200695
3829	998,457834554135	345,654330648726	1	1001,54216544587	345,654330648726
3865	993,004432013181	401,947850720243	1	1006,99556798682	401,947850720243
3879	989,488645354019	435,902502908152	1	1010,51135464598	435,902502908152
3896	985,455318419837	446,862906895709	1	1014,54468158016	446,862906895709
3902	990,392799474133	432,150336999069	1	1009,60720052587	432,150336999069
3916	986,969524895272	429,218727574748	1	1013,03047510473	429,218727574748
3927	989,836050209528	396,660548708901	1	1010,16394979047	396,660548708901
3971	1007,52823671658	367,860066607086	1	992,471763283419	367,860066607086
3993	993,554223816662	367,890570530846	1	1006,44577618334	367,890570530846
3996	1003,98716786337	357,821569056525	1	996,012832136634	357,821569056525
3999	1009,68006883095	341,912237434309	1	990,319931169054	341,912237434309
4001	997,857331728965	353,35203963672	1	1002,14266827104	353,35203963672
4012	997,647413085976	349,126964624917	1	1002,35258691402	349,126964624917
4072	966,367381859728	348,769444281519	1	1033,63261814027	348,769444281519
4086	970,518301175079	341,637884346737	1	1029,48169882492	341,637884346737
4122	952,658722388468	349,866924823008	1	1047,34127761153	349,866924823008
4149	954,78710642636	357,621682789077	1	1045,21289357364	357,621682789077
4152	969,259456956292	351,77602927208	1	1030,74054304371	351,77602927208
4168	976,581374592809	346,719900780384	1	1023,41862540719	346,719900780384
4170	984,141063416164	307,482333811541	1	1015,85893658384	307,482333811541
4200	976,706254283533	278,921735186942	1	1023,29374571647	278,921735186942
4211	967,132727739155	243,676221844774	1	1032,86727226085	243,676221844774
4240	979,441196935891	255,879949672577	1	1020,55880306411	255,879949672577
4245	1081,46271142773	238,556347909033	1	918,537288572269	238,556347909033
4284	1032,615980281	277,90016953739	1	967,384019719002	277,90016953739
4288	1025,55517187967	294,403216962103	1	974,444828120331	294,403216962103
4305	1012,23359826581	391,919212802492	1	987,766401734187	391,919212802492
4329	1000,5210206502	441,350074284735	1	999,4789793498	441,350074284735
4347	976,504781993634	563,245623736595	1	1023,49521800637	563,245623736595
4372	962,360107216952	573,207730134023	1	1037,63989278305	573,207730134023
4377	966,309750208029	581,566044226166	1	1033,69024979197	581,566044226166
4393	955,301445947822	600,033480523657	1	1044,69855405218	600,033480523657
4410	950,420602003053	599,484675155129	1	1049,57939799695	599,484675155129
4419	961,948907754101	600,565870679534	1	1038,0510922459	600,565870679534
4431	958,030780460706	589,103820440811	1	1041,96921953929	589,103820440811
4476	928,564386952395	579,784975981535	1	1071,4356130476	579,784975981535
4500	836,420850734382	541,081860333543	1	1163,57914926562	541,081860333543
4511	707,165555580411	383,914173594693	1	1292,83444441959	383,914173594693
4525	636,982890038615	357,778245082049	1	1363,01710996138	357,778245082049
4543	521,32588108296	376,201036319974	1	1478,67411891704	376,201036319974
4552	519,30535667041	369,334712208021	1	1480,69464332959	369,334712208021
4600	532,667729776564	367,382495735305	1	1467,33227022344	367,382495735305
4605	376,009928061984	401,495271795098	1	1623,99007193802	401,495271795098
4608	391,217550475057	399,418423953766	1	1608,78244952494	399,418423953766
4616	393,283257864081	403,409076153252	1	1606,71674213592	403,409076153252
4663	343,475598146734	353,085183987773	1	1656,52440185327	353,085183987773
4669	354,929009243987	347,777701906172	1	1645,07099075601	347,777701906172
4686	374,5349195991	366,119317068322	1	1625,4650804009	366,119317068322
4694	385,43259295502	366,98342214772	1	1614,56740704498	366,98342214772
4705	386,789979232431	375,42174111565	1	1613,21002076757	375,42174111565
4719	405,900327835894	388,523059121386	1	1594,09967216411	388,523059121386
4760	419,183718886749	401,499919332451	1	1580,81628111325	401,499919332451
4765	429,489881047558	405,416627301383	1	1570,51011895244	405,416627301383
4808	435,971228237245	394,685123985466	1	1564,02877176275	394,685123985466
4821	437,909218084779	401,567441440983	1	1562,09078191522	401,567441440983
4867	469,680248029613	399,646862412478	1	1530,31975197039	399,646862412478
4892	453,322509960155	411,448698873125	1	1546,67749003985	411,448698873125
4895	460,792892289154	404,54040575691	1	1539,20710771085	404,54040575691
4898	446,754716744956	443,559163871871	1	1553,24528325504	443,559163871871
4901	436,984255072149	462,365469845013	1	1563,01574492785	462,365469845013
4924	442,778895298072	452,894366501763	1	1557,22110470193	452,894366501763
4946	411,660912450509	454,838324991104	1	1588,33908754949	454,838324991104
4963	400,882389015973	459,384917313736	1	1599,11761098403	459,384917313736
4984	405,693039345049	461,35700502759	1	1594,30696065495	461,35700502759
4993	419,165154388276	464,209198709937	1	1580,83484561172	464,209198709937
5012	432,942901296679	441,138255992435	1	1567,05709870332	441,138255992435
5114	420,382143532269	441,368576938399	1	1579,61785646773	441,368576938399
5135	396,577726949222	442,273107760877	1	1603,42227305078	442,273107760877
5139	389,678484710241	444,091641461635	1	1610,32151528976	444,091641461635
5150	380,560622760183	442,815817419603	1	1619,43937723982	442,815817419603
5152	337,003014529503	473,931007797796	1	1662,9969854705	473,931007797796
5154	340,45765429061	489,068457823862	1	1659,54234570939	489,068457823862
5155	339,921393779526	489,680147119071	1	1660,07860622047	489,680147119071
5157	346,963541937275	498,954318706986	1	1653,03645806273	498,954318706986
5160	342,146935102023	499,95847302064	1	1657,85306489798	499,95847302064
5169	356,50785773786	497,518346615628	1	1643,49214226214	497,518346615628
5198	354,076985674045	503,493476147028	1	1645,92301432595	503,493476147028
5199	363,352720228237	487,678339584975	1	1636,64727977176	487,678339584975
5267	365,128170735144	478,110656857112	1	1634,87182926486	478,110656857112
5307	376,46468807108	474,025224631873	1	1623,53531192892	474,025224631873
5321	377,660502980402	488,740920835695	1	1622,3394970196	488,740920835695
5347	368,910848301555	502,323126522806	1	1631,08915169844	502,323126522806
5351	359,410708130541	500,333850080199	1	1640,58929186946	500,333850080199
5353	358,677616551776	487,960523267945	1	1641,32238344822	487,960523267945
5356	361,200434730994	489,475299022605	1	1638,79956526901	489,475299022605
5359	359,391306951607	500,188002330545	1	1640,60869304839	500,188002330545
5367	362,123973730857	500,641489215716	1	1637,87602626914	500,641489215716
5415	351,504973217438	495,344595576884	1	1648,49502678256	495,344595576884
5425	359,117845924083	494,341517648172	1	1640,88215407592	494,341517648172
5433	362,800584389004	489,394655915976	1	1637,199415611	489,394655915976
5468	322,738885033882	502,65372369747	1	1677,26111496612	502,65372369747
5473	325,725682860389	504,812205153911	1	1674,27431713961	504,812205153911
5488	329,804936176591	514,28512104192	1	1670,19506382341	514,28512104192
5512	328,144543767403	520,591122094397	1	1671,8554562326	520,591122094397
5533	318,566737736309	521,431795847128	1	1681,43326226369	521,431795847128
5550	329,8783482589	523,552506435101	1	1670,1216517411	523,552506435101
5567	331,178158727753	522,531369292521	1	1668,82184127225	522,531369292521
5582	340,961735613041	517,251883138802	1	1659,03826438696	517,251883138802
5590	351,346378168445	506,143095179812	1	1648,65362183156	506,143095179812
5606	344,589774505221	504,563128214681	1	1655,41022549478	504,563128214681
5643	329,90068901065	505,861146849112	1	1670,09931098935	505,861146849112
5648	301,591535846906	506,393139466808	1	1698,40846415309	506,393139466808
5713	235,850293050683	484,421246670354	1	1764,14970694932	484,421246670354
5728	200,012030885614	448,222743290921	0			1799,98796911439	448,222743290921
5733	267,994506888695	421,501780973394	1	1732,0054931113	421,501780973394
5738	358,391440936934	403,905806375903	1	1641,60855906307	403,905806375903
5806	370,577930410488	402,696492227448	1	1629,42206958951	402,696492227448
5847	369,67419941995	433,893160429491	1	1630,32580058005	433,893160429491
5849	386,273903933672	409,006778657673	1	1613,72609606633	409,006778657673
5859	386,066123070713	432,194792538791	1	1613,93387692929	432,194792538791
5862	384,811810531968	438,304328244023	1	1615,18818946803	438,304328244023
5872	396,672414291179	433,442423261571	1	1603,32758570882	433,442423261571
5902	394,869787347698	427,832579579292	1	1605,1302126523	427,832579579292
5916	389,081359248858	408,718638195874	1	1610,91864075114	408,718638195874
5921	438,489351896984	496,765663546887	1	1561,51064810302	496,765663546887
5968	435,31188685025	514,894261461728	1	1564,68811314975	514,894261461728
5971	453,823833231433	563,643084845129	1	1546,17616676857	563,643084845129
5994	560,027438165504	647,343143414646	1	1439,9725618345	647,343143414646
6012	566,856396216863	648,780850309161	1	1433,14360378314	648,780850309161
6027	554,871904931726	633,731633741702	1	1445,12809506827	633,731633741702
6127	511,161996487962	614,114849462023	1	1488,83800351204	614,114849462023
6138	508,327228522759	614,720985571095	1	1491,67277147724	614,720985571095
6143	488,716687207805	613,213930300707	1	1511,2833127922	613,213930300707
6145	476,526200784268	645,053088180266	1	1523,47379921573	645,053088180266
6147	473,741587842237	657,852848218031	1	1526,25841215776	657,852848218031
6156	477,189422615361	658,418521068678	1	1522,81057738464	658,418521068678
6178	481,063785105212	685,717710459845	1	1518,93621489479	685,717710459845
6187	479,611592547022	683,404438661645	1	1520,38840745298	683,404438661645
6189	490,803280542625	685,283260418409	1	1509,19671945737	685,283260418409
6192	506,050567983452	691,69060120654	1	1493,94943201655	691,69060120654
6211	512,7975776898	718,169323630603	1	1487,2024223102	718,169323630603
6241	514,339310413331	704,050686953011	1	1485,66068958667	704,050686953011
6259	513,155663525111	693,193554257719	1	1486,84433647489	693,193554257719
6339	518,346272350632	672,332090613094	1	1481,65372764937	672,332090613094
6345	509,090017625021	663,376782706515	1	1490,90998237498	663,376782706515
6352	511,057461354062	655,850293425028	1	1488,94253864594	655,850293425028
6358	512,712660479765	637,296712960338	1	1487,28733952023	637,296712960338
6361	498,317587750048	668,540484337466	1	1501,68241224995	668,540484337466
6366	518,147585091897	647,251128185904	1	1481,8524149081	647,251128185904
6368	516,203356635297	622,446217766448	1	1483,7966433647	622,446217766448
6371	491,751947832302	656,304774149762	1	1508,2480521677	656,304774149762
6388	456,945413082662	654,770904968817	1	1543,05458691734	654,770904968817
6401	450,595689482555	649,976591661769	1	1549,40431051745	649,976591661769
6410	439,786386318523	645,065569339495	1	1560,21361368148	645,065569339495
6454	428,039376231087	599,055804370926	1	1571,96062376891	599,055804370926
6504	424,434616125759	598,251502908431	1	1575,56538387424	598,251502908431
6509	426,850212476106	603,695990128614	1	1573,14978752389	603,695990128614
6515	422,433559159856	608,295468844585	1	1577,56644084014	608,295468844585
6526	452,232941304095	576,36873652837	1	1547,7670586959	576,36873652837
6550	434,555167577879	580,214227695092	1	1565,44483242212	580,214227695092
6553	429,154627164432	606,538002291324	1	1570,84537283557	606,538002291324
6559	434,008487041596	597,480463661509	1	1565,9915129584	597,480463661509
6566	431,812271225156	602,378701867577	1	1568,18772877484	602,378701867577
6620	402,476744192932	643,941539476964	1	1597,52325580707	643,941539476964
6641	410,629094516624	632,614290515236	1	1589,37090548338	632,614290515236
6643	417,597766287607	621,049190874043	1	1582,40223371239	621,049190874043
6645	426,395212927362	610,955258471535	1	1573,60478707264	610,955258471535
6660	439,52543937333	617,412282158566	1	1560,47456062667	617,412282158566
6679	429,900486599896	626,623515026592	1	1570,0995134001	626,623515026592
6684	425,090451022614	622,912368373357	1	1574,90954897739	622,912368373357
6709	428,601303340724	608,62189424124	1	1571,39869665928	608,62189424124
6740	421,000969439761	598,124826428301	1	1578,99903056024	598,124826428301
6746	403,114873896651	601,265706770853	1	1596,88512610335	601,265706770853
6771	382,812724577775	594,084624247013	1	1617,18727542223	594,084624247013
6774	385,420072003744	581,102048936359	1	1614,57992799626	581,102048936359
6810	387,922803333375	584,490691161332	1	1612,07719666662	584,490691161332
6834	368,031695442826	574,531472775376	1	1631,96830455717	574,531472775376
6838	373,057809583959	583,679814429608	1	1626,94219041604	583,679814429608
6841	386,309628048746	573,011639569998	1	1613,69037195125	573,011639569998
6858	387,868270971977	572,795275112389	1	1612,13172902802	572,795275112389
6866	386,069662104974	572,5141655332	1	1613,93033789503	572,5141655332
6934	391,769694580256	567,609898581197	1	1608,23030541974	567,609898581197
6942	392,069025641296	576,253784801142	1	1607,9309743587	576,253784801142
6959	393,162174157619	580,363407944618	1	1606,83782584238	580,363407944618
6975	399,095048457659	586,300273504054	1	1600,90495154234	586,300273504054
6984	399,412457293417	585,514794120582	1	1600,58754270658	585,514794120582
6996	398,699391327685	583,136856079404	1	1601,30060867231	583,136856079404
7006	397,17001127737	581,097191461711	1	1602,82998872263	581,097191461711
7014	391,675950339638	583,213535309223	1	1608,32404966036	583,213535309223
7045	385,643955881455	583,236917425947	1	1614,35604411855	583,236917425947
7070	379,349260829863	581,578394234933	1	1620,65073917014	581,578394234933
7087	381,861484445727	576,416333421987	1	1618,13851555427	576,416333421987
7116	385,990321622071	576,890688793056	1	1614,00967837793	576,890688793056
7140	426,036422345203	594,95898086356	1	1573,9635776548	594,95898086356
7151	412,250271384097	580,226817475507	1	1587,7497286159	580,226817475507
7179	413,706856689776	581,786559574319	1	1586,29314331022	581,786559574319
7208	390,085688360208	559,166396236708	1	1609,91431163979	559,166396236708
7235	389,340856119808	564,647175172841	1	1610,65914388019	564,647175172841
7250	396,12230958379	613,165951480983	1	1603,87769041621	613,165951480983
7269	402,38535003655	651,4668842832	1	1597,61464996345	651,4668842832
7272	402,059010738772	636,369787665015	1	1597,94098926123	636,369787665015
7279	488,066442015981	598,867055102915	1	1511,93355798402	598,867055102915
7305	622,653201745947	541,189462488741	1	1377,34679825405	541,189462488741
7333	572,810733221059	560,694254385554	1	1427,18926677894	560,694254385554
7450	830,456539228024	627,222961780673	1	1169,54346077198	627,222961780673
7474	1026,56895186436	622,239763177504	1	973,431048135645	622,239763177504
7478	988,123867093516	635,241762435013	1	1011,87613290648	635,241762435013
7484	1036,7921548941	651,256673890899	1	963,207845105901	651,256673890899
7496	1058,84649874052	659,802447910887	1	941,153501259476	659,802447910887
7505	1018,36546516312	664,54263258428	1	981,634534836877	664,54263258428
7509	1057,25469324933	656,718692703438	1	942,74530675067	656,718692703438
7511	1093,04871319906	645,502088716806	1	906,951286800938	645,502088716806
7514	1099,86303799189	615,393432248898	1	900,136962008112	615,393432248898
7517	1111,4297029576	586,619511249267	1	888,570297042398	586,619511249267
7526	1136,52491723307	584,89111040714	1	863,475082766932	584,89111040714
7535	1145,03761136896	584,12330941453	1	854,962388631042	584,12330941453
7543	1163,66312891756	564,003510811198	1	836,336871082444	564,003510811198
7561	1160,14705578522	555,422254625683	1	839,852944214783	555,422254625683
7580	1159,62850008092	571,788417550732	1	840,371499919084	571,788417550732
7586	1157,4448279877	574,728364698851	1	842,555172012305	574,728364698851
7607	1161,18019725326	560,429679129971	1	838,819802746742	560,429679129971
7624	1155,00476695	561,814776207013	1	844,995233049997	561,814776207013
7644	1167,83581296398	566,202939896328	1	832,164187036022	566,202939896328
7658	1167,32721949586	583,74457251991	1	832,67278050414	583,74457251991
7675	1165,42820546526	586,457137533632	1	834,571794534744	586,457137533632
7691	1183,42866706894	558,922408842175	1	816,571332931058	558,922408842175
7724	1181,46260809658	582,02760920407	1	818,537391903423	582,02760920407
7756	1177,63756505887	562,713131511574	1	822,362434941126	562,713131511574
7765	1170,6712865558	559,510583351298	1	829,328713444204	559,510583351298
7777	1149,148757409	560,931446530622	1	850,851242591	560,931446530622
7812	1142,15850288899	563,026620756248	1	857,841497111015	563,026620756248
7819	1170,45084410643	527,580392515862	1	829,549155893565	527,580392515862
7825	1175,12599433877	527,248231783919	1	824,874005661226	527,248231783919
7842	1165,34692949015	527,682517665942	1	834,653070509852	527,682517665942
7854	1163,81367198039	537,125172107183	1	836,186328019606	537,125172107183
7880	1151,38842483455	539,875785098691	1	848,611575165453	539,875785098691
7919	1148,92608673308	557,066446988485	1	851,073913266918	557,066446988485
7927	1144,61311278638	588,315725948255	1	855,386887213616	588,315725948255
7949	1141,46897695872	636,711482289191	1	858,531023041278	636,711482289191
7962	1137,65283700441	615,731223465623	1	862,347162995594	615,731223465623
7977	1152,20399421202	618,280796395172	1	847,796005787979	618,280796395172
7986	1145,26783907902	618,120483478793	1	854,732160920976	618,120483478793
8031	1135,3500211148	611,849097102451	1	864,649978885196	611,849097102451
8054	1132,20906555016	603,238764550405	1	867,790934449844	603,238764550405
8058	1110,30993268753	590,771387815615	1	889,690067312465	590,771387815615
8065	1093,40596670462	601,262310671459	1	906,594033295382	601,262310671459
8067	1099,75393241777	590,53939709023	1	900,246067582228	590,53939709023
8100	1090,45720743822	604,654266506642	1	909,542792561778	604,654266506642
8112	1094,30369469409	588,395581288765	1	905,696305305911	588,395581288765
8194	1100,47782988281	586,071512497801	1	899,522170117193	586,071512497801
8221	1097,16198313952	562,297056564588	1	902,838016860476	562,297056564588
8243	1105,36884084843	542,452120014289	1	894,631159151575	542,452120014289
8246	1107,25067096597	538,801402430317	1	892,749329034028	538,801402430317
8250	1120,7257871936	543,351895803341	1	879,274212806397	543,351895803341
8271	1116,57333804309	542,79458541792	1	883,426661956913	542,79458541792
8274	1131,6380784727	562,193862048064	1	868,3619215273	562,193862048064
8276	1144,66825375254	565,021445172902	1	855,331746247465	565,021445172902
8318	1124,5909938849	576,613203920233	1	875,409006115105	576,613203920233
8325	1124,49013751356	572,723579488554	1	875,509862486436	572,723579488554
8328	1130,17505132098	566,654275584768	1	869,824948679022	566,654275584768
8345	1135,71722703359	566,079378939017	1	864,282772966411	566,079378939017
8353	1142,2567196482	586,394411832533	1	857,743280351797	586,394411832533
8368	1144,35528734338	587,458525098779	1	855,644712656617	587,458525098779
8402	1147,69286530759	590,247975166419	1	852,307134692415	590,247975166419
8422	1136,85589041463	580,501028484723	1	863,144109585371	580,501028484723
8440	1142,16960777062	562,168883904371	1	857,830392229379	562,168883904371
8456	1142,38997728164	561,918774982229	1	857,610022718362	561,918774982229
8467	1142,36415994446	556,142477192495	1	857,635840055541	556,142477192495
8482	1087,68885547898	591,102376268831	1	912,311144521016	591,102376268831
8500	1059,8276085239	605,465489344243	1	940,172391476105	605,465489344243
8506	1058,66729529669	608,629189340395	1	941,332704703314	608,629189340395
8543	1067,37374476284	621,172320610765	1	932,626255237156	621,172320610765
8564	1058,57536946535	619,188843017457	1	941,424630534654	619,188843017457
8576	1052,3471781156	664,368831971418	1	947,652821884404	664,368831971418
8581	1073,67741750358	644,831075856927	1	926,322582496423	644,831075856927
8608	1063,39363233985	665,411030354085	1	936,60636766015	665,411030354085
8612	1058,403853123	667,689698267108	1	941,596146877003	667,689698267108
8620	1042,49040378275	681,200714355161	1	957,509596217247	681,200714355161
8642	1034,42874498526	712,941056678377	1	965,571255014741	712,941056678377
8661	1038,12377310346	716,566538701908	1	961,876226896544	716,566538701908
8677	1045,09476663924	705,516727581874	1	954,905233360761	705,516727581874
8696	1074,46498875602	652,248781935204	1	925,535011243983	652,248781935204
8711	1083,21717710179	641,07164062552	1	916,782822898206	641,07164062552
8863	1102,43648923276	633,939049347515	1	897,563510767245	633,939049347515
8876	1098,24630569806	646,946132432575	1	901,753694301935	646,946132432575
8889	1106,50416559758	640,560078603833	1	893,495834402419	640,560078603833
8892	1080,17273341259	673,140490652682	1	919,827266587409	673,140490652682
8894	1080,7318364975	669,327830140585	1	919,268163502504	669,327830140585
8896	1090,89079754163	620,494517967893	1	909,109202458371	620,494517967893
8899	1095,16639101583	616,232545271742	1	904,833608984173	616,232545271742
8903	1094,13750902837	617,954227867291	1	905,862490971626	617,954227867291
8907	1093,46016302766	615,248249737142	1	906,53983697234	615,248249737142
8909	1075,4962242866	665,380723683103	1	924,503775713399	665,380723683103
8912	1056,56569751121	706,971684289442	1	943,434302488787	706,971684289442
8923	1058,77778127023	693,023993126108	1	941,222218729765	693,023993126108
8944	1067,35280193817	666,7284167518	1	932,647198061831	666,7284167518
8954	1061,9358745466	670,07695809218	1	938,0641254534	670,07695809218
8969	1058,26974705851	671,924685484296	1	941,730252941489	671,924685484296
9001	1069,75878336489	651,296859711837	1	930,241216635107	651,296859711837
9022	1116,94387653244	635,229302826132	1	883,056123467561	635,229302826132
9043	1121,54307308407	633,75500168539	1	878,456926915928	633,75500168539
9048	1109,26763481196	611,518186629532	1	890,732365188042	611,518186629532
9065	1075,24862273136	590,698246685351	1	924,751377268635	590,698246685351
9073	1074,23613000508	592,028472482275	1	925,76386999492	592,028472482275
9088	1074,95528096116	607,10115408902	1	925,044719038839	607,10115408902
9099	1075,79592227517	617,443655525516	1	924,204077724834	617,443655525516
9165	1076,21047742053	613,464519754517	1	923,789522579472	613,464519754517
9218	1093,24166742038	606,768215054984	1	906,758332579619	606,768215054984
9221	1078,80509322797	610,286672391316	1	921,194906772031	610,286672391316
9226	1056,17473388837	618,037083154395	1	943,825266111628	618,037083154395
9229	1027,1934105981	632,893232493213	1	972,806589401897	632,893232493213
9235	1001,96784886488	651,69398090478	1	998,032151135122	651,69398090478
9252	1007,18302207587	646,002000185883	1	992,816977924135	646,002000185883
9288	1005,77439462806	656,632691996504	1	994,225605371945	656,632691996504
9304	996,021118902212	659,264830245793	1	1003,97888109779	659,264830245793
9312	979,789876519196	699,25115721281	1	1020,2101234808	699,25115721281
9328	970,647025802414	701,141783499684	1	1029,35297419759	701,141783499684
9337	972,500877097377	689,297527561011	1	1027,49912290262	689,297527561011
9358	963,838351020991	683,465905621241	1	1036,16164897901	683,465905621241
9371	964,722252396208	659,482624068046	1	1035,27774760379	659,482624068046
9387	961,624972579692	656,43367583649	1	1038,37502742031	656,43367583649
9400	962,823966205415	654,022709387053	1	1037,17603379458	654,022709387053
9418	967,681321838776	646,344858945068	1	1032,31867816122	646,344858945068
9457	964,324861367368	644,325305853026	1	1035,67513863263	644,325305853026
9474	963,633173121221	646,474570910982	1	1036,36682687878	646,474570910982
9492	966,119727068295	644,428912681132	1	1033,8802729317	644,428912681132
9509	963,104621306488	638,771316689834	1	1036,89537869351	638,771316689834
9512	961,3145008837	640,857337010215	1	1038,6854991163	640,857337010215
9549	973,23572512352	628,435061044211	1	1026,76427487648	628,435061044211
9571	965,402710160511	634,865635308288	1	1034,59728983949	634,865635308288
9574	961,972082272371	647,156981362765	1	1038,02791772763	647,156981362765
9595	976,022219589243	647,240722309215	1	1023,97778041076	647,240722309215
9624	989,913120321035	628,657277948863	1	1010,08687967897	628,657277948863
9639	982,007316722614	635,106765156189	1	1017,99268327739	635,106765156189
9657	982,703933044263	663,412705991627	1	1017,29606695574	663,412705991627
9664	987,890263551288	665,165584735807	1	1012,10973644871	665,165584735807
9679	962,097096840903	682,724671919191	1	1037,9029031591	682,724671919191
9687	959,843193083909	676,923957698209	1	1040,15680691609	676,923957698209
9701	962,46472171718	667,189288724494	1	1037,53527828282	667,189288724494
9720	946,534815812672	686,770119208767	1	1053,46518418733	686,770119208767
9769	952,279386584654	670,206182744936	1	1047,72061341535	670,206182744936
9790	953,115056951574	656,314671266135	1	1046,88494304843	656,314671266135
9799	954,757145351596	647,510804693292	1	1045,2428546484	647,510804693292
9804	963,678740164426	623,703978179952	1	1036,32125983557	623,703978179952
9807	960,777819516174	629,046130204125	1	1039,22218048383	629,046130204125
9823	963,139443330877	625,030228760307	1	1036,86055666912	625,030228760307
9843	961,083544439998	630,244422274567	1	1038,91645556	630,244422274567
9849	960,754953462502	634,42468426019	1	1039,2450465375	634,42468426019
9909	969,809665176038	662,806455663497	1	1030,19033482396	662,806455663497
9925	968,858891291593	667,839274236751	1	1031,14110870841	667,839274236751
9928	986,245364907506	648,736507509745	1	1013,75463509249	648,736507509745
9932	995,522350457725	630,564133241933	1	1004,47764954227	630,564133241933
9938	991,451048151857	631,276870042736	1	1008,54895184814	631,276870042736
9956	984,8138974833	631,837125013766	1	1015,1861025167	631,837125013766
9971	986,75098544791	638,883335757547	1	1013,24901455209	638,883335757547
9995	985,3886814377	625,607989749048	1	1014,6113185623	625,607989749048
10011	984,670235493343	635,636863554748	1	1015,32976450666	635,636863554748
10014	989,951071669261	631,031933534158	1	1010,04892833074	631,031933534158
