1	816,57306123732	968,11548995248	1	1183,42693876268	968,11548995248
34	817,150142739958	959,465766788163	1	1182,84985726004	959,465766788163
41	812,141126445325	958,056532593083	1	1187,85887355468	958,056532593083
66	809,067988059799	964,651441219262	1	1190,9320119402	964,651441219262
70	806,940978916174	967,925086189422	1	1193,05902108383	967,925086189422
89	804,423476446094	968,096231297206	1	1195,57652355391	968,096231297206
101	803,390628915033	960,585606340684	1	1196,60937108497	960,585606340684
146	796,597594668089	962,062595220539	1	1203,40240533191	962,062595220539
160	801,409620150226	963,921886066329	1	1198,59037984977	963,921886066329
175	801,404822996702	958,408852150566	1	1198,5951770033	958,408852150566
177	802,021159462948	956,894649164813	1	1197,97884053705	956,894649164813
179	802,608021695089	955,655827753485	1	1197,39197830491	955,655827753485
206	803,156001962354	953,693527156822	1	1196,84399803765	953,693527156822
221	805,603455676608	950,021864379425	1	1194,39654432339	950,021864379425
240	805,885471755979	948,919230108276	1	1194,11452824402	948,919230108276
243	807,258624108213	926,094572998102	1	1192,74137589179	926,094572998102
258	807,143702636421	929,444415792079	1	1192,85629736358	929,444415792079
273	804,572135863386	939,937040463963	1	1195,42786413661	939,937040463963
290	800,723401542562	962,540780903855	1	1199,27659845744	962,540780903855
304	800,612344981323	960,558626038197	1	1199,38765501868	960,558626038197
332	807,099800035043	949,708737168878	1	1192,90019996496	949,708737168878
356	795,591162372315	958,36493555701	1	1204,40883762768	958,36493555701
373	792,934443722978	959,155887679671	1	1207,06555627702	959,155887679671
391	790,227316635811	961,312973773222	1	1209,77268336419	961,312973773222
400	784,91192043066	963,265195652161	1	1215,08807956934	963,265195652161
417	781,655533039617	962,056917142996	1	1218,34446696038	962,056917142996
431	785,638178437421	960,257484352163	1	1214,36182156258	960,257484352163
447	787,746399531107	971,425899898721	1	1212,25360046889	971,425899898721
465	790,456093630769	974,740459886146	1	1209,54390636923	974,740459886146
468	794,630451715891	964,873172713303	1	1205,36954828411	964,873172713303
514	805,767806151481	951,046955311741	1	1194,23219384852	951,046955311741
520	877,205849503352	776,661735284726	1	1122,79415049665	776,661735284726
533	894,33717554305	737,846465907202	1	1105,66282445695	737,846465907202
550	936,953553956372	653,784200368351	1	1063,04644604363	653,784200368351
567	934,747862291912	652,456351562323	1	1065,25213770809	652,456351562323
586	934,518292713727	648,629698220121	1	1065,48170728627	648,629698220121
612	909,855648476797	655,883921011228	1	1090,1443515232	655,883921011228
617	905,821107196474	654,924351517491	1	1094,17889280353	654,924351517491
638	906,794536272161	656,205179854526	1	1093,20546372784	656,205179854526
662	892,282030199549	656,858329043245	1	1107,71796980045	656,858329043245
667	893,364227469756	662,581567531295	1	1106,63577253024	662,581567531295
691	902,069609597975	668,599359820741	1	1097,93039040202	668,599359820741
694	905,059202144356	670,741010010394	1	1094,94079785564	670,741010010394
715	911,537182723374	673,274118329867	1	1088,46281727663	673,274118329867
729	917,4701319089	686,830970469052	1	1082,5298680911	686,830970469052
743	918,725326090224	689,599394712965	1	1081,27467390978	689,599394712965
758	918,8196081251	699,68532621669	1	1081,1803918749	699,68532621669
773	919,260032273564	695,639197656648	1	1080,73996772644	695,639197656648
799	899,922056577881	700,65787255662	1	1100,07794342212	700,65787255662
819	876,600262827218	687,734549614393	1	1123,39973717278	687,734549614393
839	853,240244615672	689,792603054637	1	1146,75975538433	689,792603054637
855	841,190201244219	689,712389910361	1	1158,80979875578	689,712389910361
872	758,234669952945	723,051704639173	1	1241,76533004706	723,051704639173
895	751,504699123577	720,625380653374	1	1248,49530087642	720,625380653374
906	762,279111080036	719,14052132619	1	1237,72088891996	719,14052132619
925	759,774681491261	720,143396350284	1	1240,22531850874	720,143396350284
959	743,629462444599	733,430756558121	1	1256,3705375554	733,430756558121
966	743,770474102608	733,569978924236	1	1256,22952589739	733,569978924236
982	733,921988585107	728,673436816273	1	1266,07801141489	728,673436816273
1008	733,520017984686	728,271378632046	1	1266,47998201531	728,271378632046
1028	732,590008177304	725,44594470619	1	1267,4099918227	725,44594470619
1054	740,407851923338	711,866956330253	1	1259,59214807666	711,866956330253
1058	746,737381735998	705,151175484823	1	1253,262618264	705,151175484823
1065	749,362944182726	701,659618900549	1	1250,63705581727	701,659618900549
1099	743,624979522208	704,79909759839	1	1256,37502047779	704,79909759839
1107	751,910509399934	691,585544993597	1	1248,08949060007	691,585544993597
1114	753,718177656384	688,144431409485	1	1246,28182234362	688,144431409485
1143	727,491775798498	679,041919615848	1	1272,5082242015	679,041919615848
1186	724,034215306781	678,803746356926	1	1275,96578469322	678,803746356926
1214	732,72281335823	681,028237934475	1	1267,27718664177	681,028237934475
1236	538,553239065133	691,687265983943	1	1461,44676093487	691,687265983943
1252	531,651373459648	693,5531287433	1	1468,34862654035	693,5531287433
1285	536,37885028867	691,958626697548	1	1463,62114971133	691,958626697548
1300	537,962029922966	695,137854886795	1	1462,03797007703	695,137854886795
1307	543,763897974988	695,544259038882	1	1456,23610202501	695,544259038882
1311	546,857741233017	693,4210907925	1	1453,14225876698	693,4210907925
1330	548,006154832551	690,532944780582	1	1451,99384516745	690,532944780582
1345	555,806423497693	681,728967830224	1	1444,19357650231	681,728967830224
1382	567,870701734451	661,291423576539	1	1432,12929826555	661,291423576539
1407	569,066616226425	660,051900401957	1	1430,93338377358	660,051900401957
1427	559,87836609512	689,354756026838	1	1440,12163390488	689,354756026838
1432	574,813481025345	699,223199067317	1	1425,18651897465	699,223199067317
1454	650,302274514231	690,563174936189	1	1349,69772548577	690,563174936189
1467	676,538751010498	687,562530256295	1	1323,4612489895	687,562530256295
1505	697,258463713693	683,866317784349	1	1302,74153628631	683,866317784349
1507	833,266701169578	618,956005597136	1	1166,73329883042	618,956005597136
1538	860,866577820788	612,689402755239	1	1139,13342217921	612,689402755239
1576	869,761250983042	651,468308852648	1	1130,23874901696	651,468308852648
1586	855,496043562098	677,202220192169	1	1144,5039564379	677,202220192169
1612	848,185905431204	688,19812760785	1	1151,8140945688	688,19812760785
1627	842,230003366283	696,081036204135	1	1157,76999663372	696,081036204135
1631	845,420606149876	686,724368717996	1	1154,57939385012	686,724368717996
1633	843,959299242352	691,248676000932	1	1156,04070075765	691,248676000932
1638	847,690580968924	685,285782703155	1	1152,30941903108	685,285782703155
1658	845,60183482404	688,786034862762	1	1154,39816517596	688,786034862762
1674	852,015784012029	674,847386086828	1	1147,98421598797	674,847386086828
1708	857,033311391228	670,80869546647	1	1142,96668860877	670,80869546647
1718	848,964816585597	689,823060733525	1	1151,0351834144	689,823060733525
1749	846,019911050829	692,934807333421	1	1153,98008894917	692,934807333421
1752	841,483687459762	694,320997733881	1	1158,51631254024	694,320997733881
1778	841,40376405108	691,904284661295	1	1158,59623594892	691,904284661295
1788	841,877414184817	675,197836947331	1	1158,12258581518	675,197836947331
1797	842,260138194703	666,639116350627	1	1157,7398618053	666,639116350627
1814	840,050045579735	664,560525324693	1	1159,94995442026	664,560525324693
1829	831,441262875297	671,149219755745	1	1168,5587371247	671,149219755745
1870	831,467730190003	652,378783963629	1	1168,53226981	652,378783963629
1876	831,454551592393	661,967041820574	1	1168,54544840761	661,967041820574
1883	831,211893887234	634,641696739743	1	1168,78810611277	634,641696739743
1921	834,499771503516	637,591991536486	1	1165,50022849648	637,591991536486
1925	834,245357696776	639,961096600047	1	1165,75464230322	639,961096600047
1928	828,062400009865	676,065978504046	1	1171,93759999013	676,065978504046
1945	830,222257417406	667,811572444751	1	1169,77774258259	667,811572444751
1952	829,405130862144	671,107835621039	1	1170,59486913786	671,107835621039
1973	829,681209739651	671,81715474479	1	1170,31879026035	671,81715474479
1996	839,153742314117	636,285810440898	1	1160,84625768588	636,285810440898
2017	840,303876548134	618,641925965487	1	1159,69612345187	618,641925965487
2033	844,186517727762	604,554260035214	1	1155,81348227224	604,554260035214
2063	843,006776497895	626,260332712896	1	1156,9932235021	626,260332712896
2105	840,553150680648	643,34682508814	1	1159,44684931935	643,34682508814
2116	841,654984795772	638,111824375389	1	1158,34501520423	638,111824375389
2118	841,12544421247	650,225313075211	1	1158,87455578753	650,225313075211
2122	851,252622017669	690,677341706358	1	1148,74737798233	690,677341706358
2125	850,878222666227	699,947274488702	1	1149,12177733377	699,947274488702
2152	843,904259682975	689,346176889513	1	1156,09574031703	689,346176889513
2173	837,101869446512	656,463936905183	1	1162,89813055349	656,463936905183
2185	602,103815562549	708,745959728189	1	1397,89618443745	708,745959728189
2216	556,339808813622	713,862320565052	1	1443,66019118638	713,862320565052
2228	540,209203914777	716,724842391927	1	1459,79079608522	716,724842391927
2235	521,732272200007	723,54510041652	1	1478,26772779999	723,54510041652
2244	517,08703190194	724,477133385596	1	1482,91296809806	724,477133385596
2259	500,662635861053	731,681113248706	1	1499,33736413895	731,681113248706
2279	476,166376563988	749,52583587208	1	1523,83362343601	749,52583587208
2303	480,914230639251	744,228191301738	1	1519,08576936075	744,228191301738
2318	487,350433007663	726,194073549479	1	1512,64956699234	726,194073549479
2345	483,173979535775	713,458337124867	1	1516,82602046423	713,458337124867
2368	478,441030969118	702,548018799072	1	1521,55896903088	702,548018799072
2371	475,362281415363	698,308452630491	1	1524,63771858464	698,308452630491
2377	470,004243349618	716,194282161264	1	1529,99575665038	716,194282161264
2395	464,125507138941	709,65928246952	1	1535,87449286106	709,65928246952
2412	464,403781606471	715,399761766652	1	1535,59621839353	715,399761766652
2429	465,647162505721	709,133579667067	1	1534,35283749428	709,133579667067
2446	470,566742146874	719,573770476179	1	1529,43325785313	719,573770476179
2470	471,27964483679	717,988850129845	1	1528,72035516321	717,988850129845
2488	477,505976707364	700,601710118385	1	1522,49402329264	700,601710118385
2506	520,31753205357	679,576021792419	1	1479,68246794643	679,576021792419
2515	625,997848714227	663,733148496914	1	1374,00215128577	663,733148496914
2553	681,338636015424	671,397170778836	1	1318,66136398458	671,397170778836
2568	692,733240049138	673,479673116233	1	1307,26675995086	673,479673116233
2612	703,493928548701	685,396295433837	1	1296,5060714513	685,396295433837
2616	733,94080218822	736,913029529939	1	1266,05919781178	736,913029529939
2620	728,875622288271	697,895992855879	1	1271,12437771173	697,895992855879
2643	727,642173647571	699,885481616019	1	1272,35782635243	699,885481616019
2647	729,874940125198	708,030574161874	1	1270,1250598748	708,030574161874
2670	730,18592553135	710,237621835668	1	1269,81407446865	710,237621835668
2687	727,380387174926	703,350566252991	1	1272,61961282507	703,350566252991
2695	723,482157418291	701,492573753828	1	1276,51784258171	701,492573753828
2715	710,492377696551	696,199332980225	1	1289,50762230345	696,199332980225
2719	707,387808423393	694,285404228048	1	1292,61219157661	694,285404228048
2764	719,040389998013	689,37449088293	1	1280,95961000199	689,37449088293
2773	719,714627451005	688,831897087482	1	1280,28537254899	688,831897087482
2792	724,070962123322	684,570571302141	1	1275,92903787668	684,570571302141
2799	719,986102519443	685,442916538862	1	1280,01389748056	685,442916538862
2815	721,991707181219	685,048645580864	1	1278,00829281878	685,048645580864
2833	723,440564378117	686,077142625738	1	1276,55943562188	686,077142625738
2846	725,138916262692	686,587343022843	1	1274,86108373731	686,587343022843
2859	726,821217387102	686,145360454504	1	1273,1787826129	686,145360454504
2874	729,751350022078	682,575703590147	1	1270,24864997792	682,575703590147
2898	738,364547003521	675,181153572097	1	1261,63545299648	675,181153572097
2913	738,025241864755	675,005224997051	1	1261,97475813525	675,005224997051
2935	738,813308221191	676,915288320128	1	1261,18669177881	676,915288320128
2950	736,434053698629	680,436855287132	1	1263,56594630137	680,436855287132
2967	735,049805457129	691,021325567985	1	1264,95019454287	691,021325567985
2986	731,039347515106	693,463122053714	1	1268,96065248489	693,463122053714
2989	738,260870908525	694,721181667259	1	1261,73912909147	694,721181667259
3029	739,612848646241	681,545375579032	1	1260,38715135376	681,545375579032
3073	738,265717349757	675,758259548793	1	1261,73428265024	675,758259548793
3076	739,832432412475	672,426989353346	1	1260,16756758753	672,426989353346
3081	737,145084165213	665,955670359146	1	1262,85491583479	665,955670359146
3083	738,248650303816	672,326960189335	1	1261,75134969618	672,326960189335
3099	735,336540510748	670,501606765178	1	1264,66345948925	670,501606765178
3143	745,01713838758	673,701777515013	1	1254,98286161242	673,701777515013
3158	746,519453331995	674,008633895417	1	1253,480546668	674,008633895417
3162	741,947681760482	675,629946296482	1	1258,05231823952	675,629946296482
3170	742,727205401963	675,551814777197	1	1257,27279459804	675,551814777197
3213	632,187301546999	673,772424815269	1	1367,812698453	673,772424815269
3230	530,340305851455	664,041569974558	1	1469,65969414854	664,041569974558
3233	519,435346325822	654,023276368265	1	1480,56465367418	654,023276368265
3264	475,462187361392	668,046710636324	1	1524,53781263861	668,046710636324
3290	467,066821122878	664,090004372377	1	1532,93317887712	664,090004372377
3294	464,160932164053	663,416148752503	1	1535,83906783595	663,416148752503
3297	442,337512716938	633,06368298411	1	1557,66248728306	633,06368298411
3314	436,998349274869	637,058690225638	1	1563,00165072513	637,058690225638
3320	427,77128581843	640,032533664992	1	1572,22871418157	640,032533664992
3352	426,804960957023	652,164361137527	1	1573,19503904298	652,164361137527
3371	444,276581174123	650,890356724273	1	1555,72341882588	650,890356724273
3388	448,244821120991	660,575660881175	1	1551,75517887901	660,575660881175
3393	441,386005281956	665,403749247485	1	1558,61399471804	665,403749247485
3413	447,045710968243	667,474692493983	1	1552,95428903176	667,474692493983
3434	452,838967928707	674,032954714253	1	1547,16103207129	674,032954714253
3445	450,226073921734	673,934987822518	1	1549,77392607827	673,934987822518
3454	448,372318514848	666,573547999945	1	1551,62768148515	666,573547999945
3585	444,356529275785	668,505087365889	1	1555,64347072422	668,505087365889
3601	443,184991706748	666,421649717789	1	1556,81500829325	666,421649717789
3608	440,181250899985	664,255675624891	1	1559,81874910002	664,255675624891
3613	440,919832450363	664,137413877284	1	1559,08016754964	664,137413877284
3618	450,847492538951	676,31650885608	1	1549,15250746105	676,31650885608
3620	458,56411946156	687,722337044831	1	1541,43588053844	687,722337044831
3622	500,593785699085	663,026234354518	1	1499,40621430091	663,026234354518
3624	631,139358229681	639,258095054005	1	1368,86064177032	639,258095054005
3628	707,82061229153	625,92623085787	1	1292,17938770847	625,92623085787
3631	732,024933685085	620,251991501445	1	1267,97506631492	620,251991501445
3654	813,777025348073	608,125974418009	1	1186,22297465193	608,125974418009
3670	829,147449846249	645,337644252234	1	1170,85255015375	645,337644252234
3699	825,062529060066	655,387849005089	1	1174,93747093993	655,387849005089
3717	813,895749970459	667,207320147233	1	1186,10425002954	667,207320147233
3732	816,895818958482	675,487014640396	1	1183,10418104152	675,487014640396
3756	825,272907440131	687,015646415391	1	1174,72709255987	687,015646415391
3759	828,422845704269	679,914505501711	1	1171,57715429573	679,914505501711
3785	826,034825433218	690,154487782562	1	1173,96517456678	690,154487782562
3799	830,931056920883	689,668302484465	1	1169,06894307912	689,668302484465
3820	829,16347686627	693,784418755308	1	1170,83652313373	693,784418755308
3836	833,526985010141	681,864716943697	1	1166,47301498986	681,864716943697
3846	834,396045918077	679,599051007474	1	1165,60395408192	679,599051007474
3861	847,06038789665	697,190450649912	1	1152,93961210335	697,190450649912
3879	868,249190077318	681,444579027019	1	1131,75080992268	681,444579027019
3894	901,616601254463	688,408430595463	1	1098,38339874554	688,408430595463
3909	908,578836777461	696,773499055825	1	1091,42116322254	696,773499055825
3922	898,260692627101	699,282489335788	1	1101,7393073729	699,282489335788
3950	916,50557281399	712,500895160401	1	1083,49442718601	712,500895160401
4014	926,943089471932	729,045700824924	1	1073,05691052807	729,045700824924
4025	917,5537958217	755,648525223853	1	1082,4462041783	755,648525223853
4029	914,940780509292	776,949191592642	1	1085,05921949071	776,949191592642
4031	916,571962293846	781,537106170625	1	1083,42803770615	781,537106170625
4033	914,324398930843	775,303307071481	1	1085,67560106916	775,303307071481
4039	911,34753854726	758,280781425046	1	1088,65246145274	758,280781425046
4058	930,067769178196	744,97510514027	1	1069,9322308218	744,97510514027
4075	925,742501538391	742,829427494241	1	1074,25749846161	742,829427494241
4117	918,709710223072	763,021295496612	1	1081,29028977693	763,021295496612
4121	917,638346286003	752,316564850353	1	1082,361653714	752,316564850353
4137	914,912305199553	748,8625251086	1	1085,08769480045	748,8625251086
4152	923,032477899467	733,152250160378	1	1076,96752210053	733,152250160378
4167	916,361994849341	733,678938102424	1	1083,63800515066	733,678938102424
4183	914,907426676558	729,155882379068	1	1085,09257332344	729,155882379068
4214	923,566100609502	721,652185280167	1	1076,4338993905	721,652185280167
4216	924,289832332983	726,135045889033	1	1075,71016766702	726,135045889033
4226	924,339887004332	726,444355987448	1	1075,66011299567	726,444355987448
4249	916,065098744697	733,32975535648	1	1083,9349012553	733,32975535648
4265	866,187656616642	762,270869085243	1	1133,81234338336	762,270869085243
4304	723,28712298316	729,628825673641	1	1276,71287701684	729,628825673641
4308	561,821793199183	697,718054603122	1	1438,17820680082	697,718054603122
4317	556,045778414619	695,699252780428	1	1443,95422158538	695,699252780428
4339	533,55377920384	671,680067886833	1	1466,44622079616	671,680067886833
4352	506,066880364611	658,888612080231	1	1493,93311963539	658,888612080231
4386	510,843212194533	654,665269116616	1	1489,15678780547	654,665269116616
4408	504,376113907803	653,574983040172	1	1495,6238860922	653,574983040172
4436	502,166800768173	655,146878799608	1	1497,83319923183	655,146878799608
4445	496,22739860404	667,829700829621	1	1503,77260139596	667,829700829621
4451	500,19073177307	673,393889997923	1	1499,80926822693	673,393889997923
4468	510,81968072631	693,440541896677	1	1489,18031927369	693,440541896677
4473	511,09919510195	695,781206890557	1	1488,90080489805	695,781206890557
4518	511,373031263881	697,10791872366	1	1488,62696873612	697,10791872366
4524	510,879934045781	695,369338674474	1	1489,12006595422	695,369338674474
4529	511,977849195707	693,140253705601	1	1488,02215080429	693,140253705601
4550	532,13179397185	674,781312192554	1	1467,86820602815	674,781312192554
4566	523,159752734844	673,950831896842	1	1476,84024726516	673,950831896842
4579	778,169048739479	648,152433969309	1	1221,83095126052	648,152433969309
4593	884,147814273346	643,364512767409	1	1115,85218572665	643,364512767409
4608	980,342538410463	638,293027432471	1	1019,65746158954	638,293027432471
4627	1001,39508084464	649,185069608923	1	998,604919155363	649,185069608923
4647	1038,05238330984	665,274092287283	1	961,947616690165	665,274092287283
4652	1030,70117553224	666,875797213727	1	969,298824467764	666,875797213727
4670	1029,66394334246	665,497361429803	1	970,33605665754	665,497361429803
4697	1029,5434038303	679,932294196235	1	970,4565961697	679,932294196235
4717	1027,8557557634	668,561152166772	1	972,144244236604	668,561152166772
4746	1030,81266918837	665,813784191459	1	969,187330811632	665,813784191459
4748	1031,68401723778	663,794659615898	1	968,315982762223	663,794659615898
4764	1034,70647150432	657,308355979411	1	965,293528495681	657,308355979411
4780	1036,73954059804	644,109784933775	1	963,260459401957	644,109784933775
4792	1041,5755088923	652,003350621286	1	958,424491107698	652,003350621286
4810	1039,31009057408	655,372255448511	1	960,68990942592	655,372255448511
4826	1050,24373612083	650,464363340855	1	949,756263879175	650,464363340855
4855	1045,6322905812	658,031372057272	1	954,367709418804	658,031372057272
4866	1040,04133193966	659,986992580641	1	959,958668060336	659,986992580641
4883	1037,25704464993	659,269540187099	1	962,742955350067	659,269540187099
4902	1025,08437875793	663,62399460181	1	974,915621242073	663,62399460181
4911	1014,67232992328	666,942531916549	1	985,327670076719	666,942531916549
4930	1019,29113995858	657,060561181097	1	980,708860041419	657,060561181097
4946	1029,32684142837	643,194544885915	1	970,67315857163	643,194544885915
4962	1055,96792957816	636,348206761132	1	944,032070421835	636,348206761132
4976	1044,4932438868	631,43072410357	1	955,506756113201	631,43072410357
5011	1047,15986130917	633,640302457644	1	952,840138690834	633,640302457644
5041	1039,3692660415	624,258411726231	1	960,630733958499	624,258411726231
5060	1033,59526662929	671,217021655319	1	966,404733370714	671,217021655319
5079	1029,89079340311	672,795777690492	1	970,109206596892	672,795777690492
5108	986,026581476773	671,630013054077	1	1013,97341852323	671,630013054077
5128	985,028488669399	662,680968827228	1	1014,9715113306	662,680968827228
5151	926,991616279497	663,787881756545	1	1073,0083837205	663,787881756545
5170	916,981178403583	663,945947133177	1	1083,01882159642	663,945947133177
5196	844,209712090868	646,592078082328	1	1155,79028790913	646,592078082328
5218	846,652714983671	648,267208711952	1	1153,34728501633	648,267208711952
5237	846,211253229775	657,272616762468	1	1153,78874677022	657,272616762468
5268	836,373200932059	649,164130070705	1	1163,62679906794	649,164130070705
5298	738,281387753135	667,584607493649	1	1261,71861224687	667,584607493649
5351	778,758573720658	649,07746892002	1	1221,24142627934	649,07746892002
5377	580,951182195267	598,248361675015	1	1419,04881780473	598,248361675015
5391	551,021367522047	604,20198020182	1	1448,97863247795	604,20198020182
5425	487,014117362553	621,032980940307	1	1512,98588263745	621,032980940307
5440	443,877531509137	622,343964322784	1	1556,12246849086	622,343964322784
5456	464,247971454004	640,982874668572	1	1535,752028546	640,982874668572
5479	468,590433819449	645,511409564982	1	1531,40956618055	645,511409564982
5494	473,705035381939	653,671643353064	1	1526,29496461806	653,671643353064
5512	469,241406479139	618,620495906136	1	1530,75859352086	618,620495906136
5527	480,870988692285	613,079880305342	1	1519,12901130771	613,079880305342
5543	488,33466587084	610,604908534552	1	1511,66533412916	610,604908534552
5558	487,761490496513	616,390618169707	1	1512,23850950349	616,390618169707
5573	489,882319277539	621,400882854377	1	1510,11768072246	621,400882854377
5605	494,831663532457	641,573415976152	1	1505,16833646754	641,573415976152
5625	496,292591639302	658,050319345829	1	1503,7074083607	658,050319345829
5646	492,367594797915	656,476763414734	1	1507,63240520209	656,476763414734
5652	511,373586680572	741,477079762406	1	1488,62641331943	741,477079762406
5697	492,233136647171	690,096270265183	1	1507,76686335283	690,096270265183
5713	498,433525997988	689,35804550338	1	1501,56647400201	689,35804550338
5716	527,675156535008	708,890841114651	1	1472,32484346499	708,890841114651
5725	704,958102980195	677,430985495277	1	1295,04189701981	677,430985495277
5749	795,652558392438	631,647247168163	1	1204,34744160756	631,647247168163
5780	839,65632744742	637,322489573943	1	1160,34367255258	637,322489573943
5805	951,492301569948	588,230742294784	1	1048,50769843005	588,230742294784
5846	947,587997761424	611,746096452145	1	1052,41200223858	611,746096452145
5849	1010,20206511145	561,842273104975	1	989,79793488855	561,842273104975
5870	1014,17988160012	568,321122569754	1	985,820118399878	568,321122569754
5885	977,328791648813	589,899441533232	1	1022,67120835119	589,899441533232
5948	979,932827111763	586,799300993254	1	1020,06717288824	586,799300993254
5970	979,13660121141	595,68940171814	1	1020,86339878859	595,68940171814
5974	993,85529496985	620,735215793407	1	1006,14470503015	620,735215793407
5977	1011,41647413539	609,625942277866	1	988,583525864606	609,625942277866
5980	1030,54103116351	621,808655489496	1	969,458968836493	621,808655489496
5982	1029,25792666325	609,564729442389	1	970,742073336747	609,564729442389
5997	1018,4581501382	582,069421820721	1	981,541849861802	582,069421820721
6004	1019,46692775568	590,965712312808	1	980,533072244323	590,965712312808
6042	1026,65828794896	596,985306728123	1	973,341712051036	596,985306728123
6069	1019,93341785631	571,505953879809	1	980,066582143693	571,505953879809
6071	1034,5357547206	559,082056923138	1	965,464245279402	559,082056923138
6088	1031,32267787559	559,557325314929	1	968,677322124412	559,557325314929
6096	1025,23505303908	575,700498564984	1	974,764946960924	575,700498564984
6113	1021,29843959048	594,51973051491	1	978,701560409517	594,51973051491
6149	1027,16058039546	595,958098837811	1	972,839419604541	595,958098837811
6159	1028,61666591764	592,41262399484	1	971,383334082358	592,41262399484
6167	1025,09447029245	599,396038097866	1	974,905529707549	599,396038097866
6175	1018,55834062566	623,094792240096	1	981,441659374336	623,094792240096
6200	1019,74504995064	624,701766513651	1	980,254950049357	624,701766513651
6221	1011,98008741416	627,376990116679	1	988,019912585841	627,376990116679
6239	1003,3946039948	633,24361812059	1	996,605396005197	633,24361812059
6251	999,345876438228	632,966594300761	1	1000,65412356177	632,966594300761
6279	1002,29598169704	630,944387356852	1	997,704018302958	630,944387356852
6285	1007,85111874909	618,860319155169	1	992,148881250914	618,860319155169
6295	1005,90375583703	613,369428986012	1	994,096244162974	613,369428986012
6315	1015,29224763584	616,752922772332	1	984,707752364161	616,752922772332
6318	1017,11267889512	611,278818532171	1	982,887321104884	611,278818532171
6350	1035,69072719939	628,731167216606	1	964,309272800611	628,731167216606
6367	1039,17088157088	628,66957788245	1	960,829118429117	628,66957788245
6402	1035,3182491909	621,345286825581	1	964,681750809097	621,345286825581
6415	1035,09177590256	622,142724885076	1	964,908224097444	622,142724885076
6429	1020,16720285809	608,491410336317	1	979,832797141912	608,491410336317
6431	1009,4731481116	606,919250734489	1	990,526851888398	606,919250734489
6447	1001,58284467517	602,81605397299	1	998,417155324831	602,81605397299
6466	998,939605050125	603,702235554277	1	1001,06039494988	603,702235554277
6474	993,159750126525	609,798916354449	1	1006,84024987347	609,798916354449
6501	992,62101364128	610,280717605136	1	1007,37898635872	610,280717605136
6516	994,280249319355	599,861280940103	1	1005,71975068065	599,861280940103
6531	995,795683520647	599,770773152449	1	1004,20431647935	599,770773152449
6546	996,058150454825	599,5868150111	1	1003,94184954517	599,5868150111
6578	998,61170257695	598,382425882846	1	1001,38829742305	598,382425882846
6580	999,58683461308	590,900362028989	1	1000,41316538692	590,900362028989
6595	998,588995219593	590,388271539261	1	1001,41100478041	590,388271539261
6610	997,410221119682	591,339236032996	1	1002,58977888032	591,339236032996
6627	997,204653269017	594,316062928768	1	1002,79534673098	594,316062928768
6648	998,328369191123	619,585789868599	1	1001,67163080888	619,585789868599
6674	997,445161716471	627,035341131796	1	1002,55483828353	627,035341131796
6701	992,179035206372	629,834072071402	1	1007,82096479363	629,834072071402
6711	978,507541657724	639,803196775846	1	1021,49245834228	639,803196775846
6730	978,081934747695	640,499308252211	1	1021,9180652523	640,499308252211
6747	977,309172386265	646,303935823964	1	1022,69082761373	646,303935823964
6763	981,837432007243	666,477565245236	1	1018,16256799276	666,477565245236
6771	985,617229398928	655,12936812313	1	1014,38277060107	655,12936812313
6799	990,231671403537	654,06710369186	1	1009,76832859646	654,06710369186
6821	992,700980598327	648,325765664513	1	1007,29901940167	648,325765664513
6835	993,453672425645	646,102663828649	1	1006,54632757435	646,102663828649
6865	1000,07512803729	620,478686200665	1	999,924871962708	620,478686200665
6889	998,100931484508	617,199077556626	1	1001,89906851549	617,199077556626
6894	996,841452902891	617,129966630765	1	1003,15854709711	617,129966630765
6903	989,460518125867	614,118726390511	1	1010,53948187413	614,118726390511
6905	988,617801081337	610,074481448128	1	1011,38219891866	610,074481448128
6941	988,49952610975	601,555308135975	1	1011,50047389025	601,555308135975
6954	996,639224029851	590,088459410533	1	1003,36077597015	590,088459410533
6968	993,764742799173	593,630389040106	1	1006,23525720083	593,630389040106
6982	1002,12112485616	579,253559463814	1	997,878875143837	579,253559463814
7002	1004,05679584995	579,686282634694	1	995,943204150052	579,686282634694
7012	1013,03601051382	587,489197216628	1	986,963989486182	587,489197216628
7028	1015,49400832955	583,582896212096	1	984,505991670452	583,582896212096
7039	1022,30877337011	580,138938311588	1	977,691226629887	580,138938311588
7054	1016,61594846538	575,437903017473	1	983,384051534622	575,437903017473
7103	1023,6333132371	558,095928113318	1	976,366686762897	558,095928113318
7124	1007,78636672359	545,283672881104	1	992,213633276412	545,283672881104
7145	860,503838419545	674,290142792862	1	1139,49616158045	674,290142792862
7159	765,57917641528	694,196156479713	1	1234,42082358472	694,196156479713
7178	799,074448820934	743,960030457465	1	1200,92555117907	743,960030457465
7196	776,790044808499	749,031231873538	1	1223,2099551915	749,031231873538
7210	761,45878378869	751,42966000112	1	1238,54121621131	751,42966000112
7229	758,422357140262	737,175125227396	1	1241,57764285974	737,175125227396
7267	754,863150951188	727,801124642825	1	1245,13684904881	727,801124642825
7273	766,037732902225	747,176801766178	1	1233,96226709778	747,176801766178
7289	773,251090899885	755,358384423603	1	1226,74890910012	755,358384423603
7304	782,785765930822	751,598935987312	1	1217,21423406918	751,598935987312
7309	779,646687885401	755,922143096133	1	1220,3533121146	755,922143096133
7324	776,107793775158	775,167279178303	1	1223,89220622484	775,167279178303
7369	775,246933711355	779,50387036643	1	1224,75306628864	779,50387036643
7375	770,128177018925	779,402182579856	1	1229,87182298107	779,402182579856
7385	770,619399852115	779,355574780803	1	1229,38060014788	779,355574780803
7402	770,170219751688	783,494924289956	1	1229,82978024831	783,494924289956
7418	769,227567450042	786,100513237571	1	1230,77243254996	786,100513237571
7435	770,546000995549	780,663988755398	1	1229,45399900445	780,663988755398
7450	776,351478087243	772,113780787767	1	1223,64852191276	772,113780787767
7469	783,9283461204	776,341892370814	1	1216,0716538796	776,341892370814
7493	788,853561572106	779,98412547513	1	1211,14643842789	779,98412547513
7496	790,221916858242	779,07266727778	1	1209,77808314176	779,07266727778
7511	787,078732821369	774,093798694427	1	1212,92126717863	774,093798694427
7524	785,49666844099	769,318089299432	1	1214,50333155901	769,318089299432
7564	789,218311713619	761,991406177645	1	1210,78168828638	761,991406177645
7583	799,595457486988	753,265819432084	1	1200,40454251301	753,265819432084
7587	796,585762052359	751,025715396835	1	1203,41423794764	751,025715396835
7605	792,909755667807	744,235433958408	1	1207,09024433219	744,235433958408
7609	786,76786830165	744,886583251837	1	1213,23213169835	744,886583251837
7624	785,631923228597	753,969425193747	1	1214,3680767714	753,969425193747
7641	775,905383053168	773,809285843017	1	1224,09461694683	773,809285843017
7668	772,143146616804	771,884429428887	1	1227,8568533832	771,884429428887
7675	772,679028868474	772,527903152854	1	1227,32097113153	772,527903152854
7702	780,867690607656	757,428139838502	1	1219,13230939234	757,428139838502
7720	778,858159834512	759,873898500361	1	1221,14184016549	759,873898500361
7743	792,66294451635	751,412419643227	1	1207,33705548365	751,412419643227
7748	812,118217263483	737,702198703483	1	1187,88178273652	737,702198703483
7767	829,851194727574	726,41752109076	1	1170,14880527243	726,41752109076
7781	844,588969738543	692,219316263223	1	1155,41103026146	692,219316263223
7805	846,983575308628	710,509119298844	1	1153,01642469137	710,509119298844
7829	843,726263486524	718,964746739142	1	1156,27373651348	718,964746739142
7833	855,035475964325	728,818628998377	1	1144,96452403567	728,818628998377
7919	853,978436165554	732,070916730197	1	1146,02156383445	732,070916730197
7927	853,485926751187	733,07083540911	1	1146,51407324881	733,07083540911
7941	884,925197379241	716,197440132198	1	1115,07480262076	716,197440132198
7944	872,351982957984	728,604006586761	1	1127,64801704202	728,604006586761
7953	868,023865035759	758,194433168919	1	1131,97613496424	758,194433168919
7958	869,356332554572	758,714483844735	1	1130,64366744543	758,714483844735
7961	867,021423664809	763,896688352732	1	1132,97857633519	763,896688352732
7964	866,873511331932	760,114332282449	1	1133,12648866807	760,114332282449
7969	868,095854939285	764,717550018306	1	1131,90414506072	764,717550018306
8025	868,112855768152	750,179267547283	1	1131,88714423185	750,179267547283
8028	870,954832523142	751,81361227699	1	1129,04516747686	751,81361227699
8029	871,787885482483	742,316414255663	1	1128,21211451752	742,316414255663
8073	869,141507237658	728,745492263132	1	1130,85849276234	728,745492263132
8083	873,601860144844	728,289143326161	1	1126,39813985516	728,289143326161
8086	883,554836127118	734,171449230117	1	1116,44516387288	734,171449230117
8091	882,464367109578	735,187678835037	1	1117,53563289042	735,187678835037
8107	872,854853002832	738,434828039151	1	1127,14514699717	738,434828039151
8122	864,039588652152	735,150893522726	1	1135,96041134785	735,150893522726
8169	864,346551496808	738,567743507884	1	1135,65344850319	738,567743507884
8177	878,267243757309	763,166280538093	1	1121,73275624269	763,166280538093
8183	871,417376142812	752,23047644685	1	1128,58262385719	752,23047644685
8202	868,619585889844	751,941204193567	1	1131,38041411016	751,941204193567
8210	865,808868521441	745,391995690805	1	1134,19113147856	745,391995690805
8235	857,164436032926	731,068464167498	1	1142,83556396707	731,068464167498
8247	852,63449658004	721,501457827567	1	1147,36550341996	721,501457827567
8257	851,707119068512	721,73615525892	1	1148,29288093149	721,73615525892
8272	854,256104500102	722,163366831273	1	1145,7438954999	722,163366831273
8304	864,190351028936	722,074210456789	1	1135,80964897106	722,074210456789
8322	864,763696528555	716,457201384332	1	1135,23630347144	716,457201384332
8353	863,615623850865	720,455430644128	1	1136,38437614913	720,455430644128
8367	877,934343581681	637,215166691562	1	1122,06565641832	637,215166691562
8370	883,013101286649	626,332779624574	1	1116,98689871335	626,332779624574
8374	903,497865990218	598,664461829453	1	1096,50213400978	598,664461829453
8393	906,148481214183	593,823605907701	1	1093,85151878582	593,823605907701
8409	901,824453318547	600,038469544606	1	1098,17554668145	600,038469544606
8428	896,947174493289	603,090350692003	1	1103,05282550671	603,090350692003
8466	869,927155315961	630,419662658082	1	1130,07284468404	630,419662658082
8481	871,887354164177	632,983067438432	1	1128,11264583582	632,983067438432
8487	856,090304568903	653,758437131313	1	1143,9096954311	653,758437131313
8504	830,804973006263	657,623310863767	1	1169,19502699374	657,623310863767
8510	836,819567456898	659,252992840843	1	1163,1804325431	659,252992840843
8524	837,414001243625	661,760074801932	1	1162,58599875637	661,760074801932
8543	842,223363934621	631,254793232051	1	1157,77663606538	631,254793232051
8560	880,133091841176	618,711679573684	1	1119,86690815882	618,711679573684
8582	876,199059123942	616,910407281989	1	1123,80094087606	616,910407281989
8603	882,101369089841	601,556060621306	1	1117,89863091016	601,556060621306
8618	877,465885985421	599,11793811277	1	1122,53411401458	599,11793811277
8634	867,959351498306	601,720692635585	1	1132,04064850169	601,720692635585
8647	851,08497046738	617,741861827061	1	1148,91502953262	617,741861827061
8667	863,574909279601	613,223744994587	1	1136,4250907204	613,223744994587
8676	853,400517895912	615,451098971874	1	1146,59948210409	615,451098971874
8692	868,771714570552	615,997349978346	1	1131,22828542945	615,997349978346
8707	866,408092430154	605,538938699617	1	1133,59190756985	605,538938699617
8734	857,095478612954	609,312841528962	1	1142,90452138705	609,312841528962
8749	859,892321558508	585,33637202677	1	1140,10767844149	585,33637202677
8769	861,635209666789	588,267068763572	1	1138,36479033321	588,267068763572
8792	864,937965742133	593,26052166964	1	1135,06203425787	593,26052166964
8801	864,273637319938	596,278362221269	1	1135,72636268006	596,278362221269
8813	871,62169968392	601,812912117274	1	1128,37830031608	601,812912117274
8844	881,918318805838	604,939495309035	1	1118,08168119416	604,939495309035
8870	884,99553849269	649,234282524293	1	1115,00446150731	649,234282524293
8883	888,943781516511	655,730336016586	1	1111,05621848349	655,730336016586
8888	886,933331837154	674,450432627346	1	1113,06666816285	674,450432627346
8900	891,576108440393	706,680083020444	1	1108,42389155961	706,680083020444
8917	896,879190876353	709,422354936078	1	1103,12080912365	709,422354936078
8940	889,98512934816	736,507261998963	1	1110,01487065184	736,507261998963
8945	884,665727371401	747,500832306324	1	1115,3342726286	747,500832306324
8962	874,808525670392	768,758564200897	1	1125,19147432961	768,758564200897
8981	868,918194319917	770,078326314135	1	1131,08180568008	770,078326314135
8997	865,362482596945	771,177712729419	1	1134,63751740305	771,177712729419
9014	889,961902493765	765,247938676865	1	1110,03809750624	765,247938676865
9029	868,75175094677	772,687759867527	1	1131,24824905323	772,687759867527
9059	870,428076374987	762,88709991441	1	1129,57192362501	762,88709991441
9068	870,217805919837	763,565608635226	1	1129,78219408016	763,565608635226
9088	870,000632962096	752,210319900451	1	1129,9993670379	752,210319900451
9107	869,844488774018	755,359998846527	1	1130,15551122598	755,359998846527
9112	869,806121474419	754,025062069502	1	1130,19387852558	754,025062069502
9131	870,43410480046	756,243061645675	1	1129,56589519954	756,243061645675
9147	871,106533126472	745,395438864987	1	1128,89346687353	745,395438864987
9168	866,965073046075	741,517835301917	1	1133,03492695392	741,517835301917
9183	865,922996569755	740,492649183438	1	1134,07700343024	740,492649183438
9200	864,333457897838	729,74850908556	1	1135,66654210216	729,74850908556
9225	865,45252351972	734,265945021563	1	1134,54747648028	734,265945021563
9246	866,17217772779	735,110954868428	1	1133,82782227221	735,110954868428
9250	873,661821830318	731,427742251239	1	1126,33817816968	731,427742251239
9297	866,508736690093	731,060240862191	1	1133,49126330991	731,060240862191
9312	872,046259891084	727,066470163296	1	1127,95374010892	727,066470163296
9333	870,41101462182	727,366396011024	1	1129,58898537818	727,366396011024
9342	866,031979427059	739,253940357105	1	1133,96802057294	739,253940357105
9360	869,41517524011	735,752744496961	1	1130,58482475989	735,752744496961
9364	845,168308476477	717,503902769926	1	1154,83169152352	717,503902769926
9367	841,634037885054	713,977334558256	1	1158,36596211495	713,977334558256
9383	831,922774296756	706,035973241492	1	1168,07722570324	706,035973241492
9398	820,141281065342	702,858909108155	1	1179,85871893466	702,858909108155
9412	821,562687632005	682,887827684399	1	1178,43731236799	682,887827684399
9433	813,996072390119	689,734647632304	1	1186,00392760988	689,734647632304
9451	809,681605881245	691,957133353012	1	1190,31839411875	691,957133353012
9470	812,360270367314	685,433502074449	1	1187,63972963269	685,433502074449
9472	807,809099545209	677,424871622281	1	1192,19090045479	677,424871622281
9500	797,954582059043	673,539547905582	1	1202,04541794096	673,539547905582
9522	792,837698118992	673,539113070107	1	1207,16230188101	673,539113070107
9540	745,690285081236	677,696034636774	1	1254,30971491876	677,696034636774
9547	619,787517833734	621,928759943235	1	1380,21248216627	621,928759943235
9562	579,756632443106	611,663620210941	1	1420,24336755689	611,663620210941
9580	594,378204275076	623,904761148005	1	1405,62179572492	623,904761148005
9599	428,332687764058	562,065495405203	1	1571,66731223594	562,065495405203
9604	421,105339055814	559,954491251499	1	1578,89466094419	559,954491251499
9620	392,224438990823	548,208557251173	1	1607,77556100918	548,208557251173
9650	380,552494735411	541,360365363729	1	1619,44750526459	541,360365363729
9667	374,003895002878	558,870546747099	1	1625,99610499712	558,870546747099
9687	363,061147539022	550,215991952554	1	1636,93885246098	550,215991952554
9690	357,783101175373	547,172619745038	1	1642,21689882463	547,172619745038
9708	352,840520804911	544,479033838971	1	1647,15947919509	544,479033838971
9725	351,303732935319	556,194549721224	1	1648,69626706468	556,194549721224
9743	353,930385963884	555,671871681172	1	1646,06961403612	555,671871681172
9777	383,606621976493	540,008800825031	1	1616,39337802351	540,008800825031
9824	375,996319916367	550,571815886455	1	1624,00368008363	550,571815886455
9830	366,951647829197	557,873233893325	1	1633,0483521708	557,873233893325
9861	365,667046914201	568,372882589628	1	1634,3329530858	568,372882589628
9875	365,685045319866	568,895844666006	1	1634,31495468013	568,895844666006
9889	364,017117348916	562,565895122926	1	1635,98288265108	562,565895122926
9904	363,206155791784	555,11002033667	1	1636,79384420822	555,11002033667
9918	358,87916502807	548,817265360591	1	1641,12083497193	548,817265360591
9953	355,973793100563	511,194145861453	1	1644,02620689944	511,194145861453
9966	358,102693157667	520,102630807474	1	1641,89730684233	520,102630807474
9988	363,2931051804	527,710161527979	1	1636,7068948196	527,710161527979
10005	453,522569414957	557,538790380023	1	1546,47743058504	557,538790380023
10011	446,045640332967	576,005576986842	1	1553,95435966703	576,005576986842
10027	554,726995071148	586,442402653085	1	1445,27300492885	586,442402653085
10052	610,717969921096	590,906430891392	1	1389,2820300789	590,906430891392
10055	741,971584304537	602,248156127161	1	1258,02841569546	602,248156127161
