3	769,67964013557	715,76596325417	1	1230,32035986443	715,76596325417
15	757,154922046763	727,687219733945	1	1242,84507795324	727,687219733945
26	758,141193940035	732,732098514877	1	1241,85880605997	732,732098514877
43	768,61603316884	728,357646050792	1	1231,38396683116	728,357646050792
47	773,893279592055	735,477450686727	1	1226,10672040795	735,477450686727
84	775,13723809789	742,377015547149	1	1224,86276190211	742,377015547149
107	770,414359902913	744,058074823591	1	1229,58564009709	744,058074823591
180	762,176614190292	746,354295500259	1	1237,82338580971	746,354295500259
206	763,285009543992	748,119707036645	1	1236,71499045601	748,119707036645
230	764,898843124611	751,719957721149	1	1235,10115687539	751,719957721149
233	772,846086120642	758,156826254231	1	1227,15391387936	758,156826254231
242	777,742689890829	753,257033800885	1	1222,25731010917	753,257033800885
250	779,517141308693	755,856786365377	1	1220,48285869131	755,856786365377
265	780,072853347366	749,668706781453	1	1219,92714665263	749,668706781453
269	784,960119007789	749,60316799424	1	1215,03988099221	749,60316799424
326	801,454946357447	709,816047917192	1	1198,54505364255	709,816047917192
353	807,424926660729	688,945012679012	1	1192,57507333927	688,945012679012
357	798,558269112163	694,112993936247	1	1201,44173088784	694,112993936247
359	786,429226782127	707,480908560428	1	1213,57077321787	707,480908560428
364	779,552144345637	707,596604063561	1	1220,44785565436	707,596604063561
388	775,07985656801	714,653458606159	1	1224,92014343199	714,653458606159
392	774,452774245791	711,35679813099	1	1225,54722575421	711,35679813099
398	768,542807390464	701,506542660097	1	1231,45719260954	701,506542660097
413	775,521238714491	704,336243240754	1	1224,47876128551	704,336243240754
421	776,718358686347	705,627031352233	1	1223,28164131365	705,627031352233
426	783,127574212915	717,606324133567	1	1216,87242578708	717,606324133567
458	784,622266399701	716,095128311416	1	1215,3777336003	716,095128311416
472	784,473524759682	712,108683099218	1	1215,52647524032	712,108683099218
480	785,151554427116	716,087294371492	1	1214,84844557288	716,087294371492
499	787,445681988058	723,346528090585	1	1212,55431801194	723,346528090585
502	795,962477803757	693,277865269562	1	1204,03752219624	693,277865269562
537	787,204361874474	677,675291414307	1	1212,79563812553	677,675291414307
548	787,433021242951	683,704853458082	1	1212,56697875705	683,704853458082
570	785,694622043068	679,266667193194	1	1214,30537795693	679,266667193194
600	785,572813246363	678,726420075275	1	1214,42718675364	678,726420075275
610	781,737137874968	696,162627609766	1	1218,26286212503	696,162627609766
613	781,00130977513	697,000481942113	1	1218,99869022487	697,000481942113
646	781,049461215459	704,516476580114	1	1218,95053878454	704,516476580114
653	780,892112764689	719,100138218548	1	1219,10788723531	719,100138218548
656	780,379054985387	724,134897907765	1	1219,62094501461	724,134897907765
683	780,21797499005	721,339209903715	1	1219,78202500995	721,339209903715
700	779,289109395588	716,234508473181	1	1220,71089060441	716,234508473181
721	780,0975726684	711,305509855193	1	1219,9024273316	711,305509855193
727	786,724923326892	702,34572161101	1	1213,27507667311	702,34572161101
753	786,211992382472	717,773334460374	1	1213,78800761753	717,773334460374
756	788,691157239336	721,421624723045	1	1211,30884276066	721,421624723045
775	787,923117374512	719,097956036609	1	1212,07688262549	719,097956036609
818	774,413410503267	738,212106750962	1	1225,58658949673	738,212106750962
865	771,955809447291	729,36797080101	1	1228,04419055271	729,36797080101
878	779,080987878499	727,887419496636	1	1220,9190121215	727,887419496636
880	783,977909300649	736,404188914169	1	1216,02209069935	736,404188914169
894	779,379271701057	747,385257890684	1	1220,62072829894	747,385257890684
910	765,426622888653	768,280342122904	1	1234,57337711135	768,280342122904
925	765,66990502596	774,224695992065	1	1234,33009497404	774,224695992065
944	762,54920926325	773,112787299734	1	1237,45079073675	773,112787299734
957	765,723029911899	755,570839003388	1	1234,2769700881	755,570839003388
978	763,582564643605	751,563421057142	1	1236,4174353564	751,563421057142
1018	756,594479240321	743,345375627772	1	1243,40552075968	743,345375627772
1060	761,246112950558	742,578646804274	1	1238,75388704944	742,578646804274
1064	767,003061262941	743,802040162475	1	1232,99693873706	743,802040162475
1087	759,996277365043	753,881116747558	1	1240,00372263496	753,881116747558
1090	758,426675348018	747,651569786365	1	1241,57332465198	747,651569786365
1093	750,282819121089	736,667183458224	1	1249,71718087891	736,667183458224
1100	746,633617307411	733,888126828948	1	1253,36638269259	733,888126828948
1115	749,188506509364	735,633441281979	1	1250,81149349064	735,633441281979
1130	747,564822915422	737,913374267932	1	1252,43517708458	737,913374267932
1160	750,35750970619	732,539725689521	1	1249,64249029381	732,539725689521
1219	761,786355826328	723,883808443429	1	1238,21364417367	723,883808443429
1222	767,192646137985	722,148308300556	1	1232,80735386202	722,148308300556
1225	781,322444825661	719,951985318318	1	1218,67755517434	719,951985318318
1227	782,278104854418	719,306100909974	1	1217,72189514558	719,306100909974
1233	783,366622109379	722,924637395448	1	1216,63337789062	722,924637395448
1251	780,4996153471	719,941193080966	1	1219,5003846529	719,941193080966
1282	780,723123907658	726,630567484849	1	1219,27687609234	726,630567484849
1301	768,965864994238	731,598686971181	1	1231,03413500576	731,598686971181
1307	770,441110652824	724,733381815733	1	1229,55888934718	724,733381815733
1324	790,631790999261	721,907610304201	1	1209,36820900074	721,907610304201
1340	903,758664363533	681,381512890786	1	1096,24133563647	681,381512890786
1357	979,766021161813	645,544138063221	1	1020,23397883819	645,544138063221
1374	992,374994929424	627,36735359315	1	1007,62500507058	627,36735359315
1386	1022,85800700476	613,83228274414	1	977,141992995244	613,83228274414
1414	1033,85993422878	609,434853886459	1	966,140065771217	609,434853886459
1444	1074,85172750805	594,011266314491	1	925,148272491954	594,011266314491
1447	1063,81349697647	597,112767321037	1	936,186503023528	597,112767321037
1462	1058,42217362654	594,279882172039	1	941,577826373461	594,279882172039
1477	1074,89522969214	590,667766024705	1	925,104770307858	590,667766024705
1491	1075,44792736973	580,048312647917	1	924,552072630273	580,048312647917
1506	1075,49920932569	577,03373587331	1	924,500790674306	577,03373587331
1533	1076,59657689037	571,176335860254	1	923,403423109628	571,176335860254
1539	1093,19451837365	560,08464945756	1	906,805481626345	560,08464945756
1558	1113,13792403645	550,756889403154	1	886,862075963551	550,756889403154
1593	1258,95968909625	598,733668506332	1	741,040310903749	598,733668506332
1598	1217,10946075712	571,531102378047	1	782,890539242876	571,531102378047
1612	1294,61469193015	564,279956121509	1	705,385308069845	564,279956121509
1628	1321,95234034862	574,629012198983	1	678,047659651385	574,629012198983
1643	1352,4531473662	583,987006949977	0			647,546852633795	583,987006949977
1655	1380,57195027565	593,786128456165	0			619,428049724349	593,786128456165
1669	1434,78580828759	588,749359356459	0			565,21419171241	588,749359356459
1683	1435,10651841109	593,307100965717	0			564,893481588911	593,307100965717
1702	1424,94113180343	583,72638596042	0			575,058868196566	583,72638596042
1748	1427,94766681477	604,703717721577	0			572,052333185226	604,703717721577
1753	1423,04973573714	597,619120726796	0			576,950264262862	597,619120726796
1758	1415,7986741139	599,377767125678	0			584,201325886102	599,377767125678
1776	1419,12977263004	604,317770162325	0			580,870227369956	604,317770162325
1786	1418,41526320485	630,429791526992	0			581,584736795148	630,429791526992
1807	1408,66737441061	630,084837520465	0			591,33262558939	630,084837520465
1820	1412,8419879764	646,452373783963	0			587,158012023603	646,452373783963
1837	1419,75407697114	650,775539500406	0			580,245923028857	650,775539500406
1845	1440,44584174857	647,115958622349	0			559,554158251431	647,115958622349
1887	1417,43716484968	697,314069108587	0			582,562835150319	697,314069108587
1893	1427,56810720435	680,676059749751	0			572,43189279565	680,676059749751
1908	1430,15739862933	684,605177072016	0			569,84260137067	684,605177072016
1924	1411,18078841768	723,98354482391	0			588,819211582317	723,98354482391
1938	1405,4647588429	723,729372037224	0			594,535241157096	723,729372037224
1956	1404,95486437848	723,522267659129	0			595,04513562152	723,522267659129
1986	1407,49357175822	721,907236024843	0			592,506428241783	721,907236024843
1989	1408,75794349134	720,27908335744	0			591,242056508655	720,27908335744
2017	1406,63155155544	719,756570708303	0			593,368448444563	719,756570708303
2027	1413,77670824701	721,638323404199	0			586,223291752987	721,638323404199
2044	1420,61700002494	730,073094740573	0			579,382999975062	730,073094740573
2066	1422,25747847824	718,783859339898	0			577,742521521764	718,783859339898
2073	1419,29421521097	712,991184371248	0			580,705784789032	712,991184371248
2097	1414,74115032262	707,663750692538	0			585,258849677379	707,663750692538
2102	1422,8224635303	707,875564593217	0			577,177536469701	707,875564593217
2115	1423,25220601354	708,034748658176	0			576,747793986459	708,034748658176
2133	1427,93295008109	706,455748735917	0			572,067049918905	706,455748735917
2146	1425,87695111562	713,075320775534	0			574,12304888438	713,075320775534
2180	1425,05166032362	716,934377284563	0			574,948339676385	716,934377284563
2202	1414,97204344803	714,818638207187	0			585,027956551975	714,818638207187
2210	1408,53698688295	713,56234324356	0			591,463013117049	713,56234324356
2221	1413,35589724814	714,557517853564	0			586,644102751858	714,557517853564
2238	1405,06744125419	721,336406350283	0			594,932558745807	721,336406350283
2263	1409,45444566263	718,642623128675	0			590,545554337374	718,642623128675
2277	1410,79846990349	721,64872040085	0			589,201530096512	721,64872040085
2283	1412,01487577307	719,703739843475	0			587,985124226933	719,703739843475
2295	1414,3999725635	718,902088023251	0			585,600027436496	718,902088023251
2326	1410,3531932027	721,978708822791	0			589,646806797299	721,978708822791
2339	1406,0283568155	725,658970248919	0			593,971643184497	725,658970248919
2355	1403,20013737137	723,846325065708	0			596,799862628626	723,846325065708
2372	1400,56302346391	720,945094539544	0			599,436976536093	720,945094539544
2387	1405,08005548172	714,870403868678	0			594,919944518283	714,870403868678
2403	1410,06132349024	709,192176051242	0			589,93867650976	709,192176051242
2416	1414,86786256413	709,78287728617	0			585,132137435869	709,78287728617
2427	1415,18325393082	709,199604458271	0			584,81674606918	709,199604458271
2445	1416,1368763036	709,374500335915	0			583,863123696396	709,374500335915
2475	1419,7922327337	707,556144168474	0			580,207767266303	707,556144168474
2523	1420,50549064248	708,713292183848	0			579,494509357518	708,713292183848
2541	1427,3164427739	704,733320031489	0			572,683557226104	704,733320031489
2546	1429,59921103432	702,622613707755	0			570,400788965678	702,622613707755
2549	1430,43639226736	702,406683572468	0			569,563607732637	702,406683572468
2557	1427,31895273296	702,533241155415	0			572,681047267039	702,533241155415
2573	1426,70917566218	703,569483396368	0			573,290824337822	703,569483396368
2582	1423,68434926047	710,382856415499	0			576,315650739533	710,382856415499
2605	1423,63877422431	709,050783128565	0			576,361225775689	709,050783128565
2629	1422,20861932871	710,987612116666	0			577,791380671292	710,987612116666
2641	1423,96960179149	708,113408985296	0			576,030398208506	708,113408985296
2655	1424,03349090092	708,368888838836	0			575,96650909908	708,368888838836
2675	1423,54034992951	696,609252612829	0			576,459650070487	696,609252612829
2684	1422,85513897386	689,861760406222	0			577,144861026143	689,861760406222
2699	1422,19860100451	683,411590609268	0			577,801398995486	683,411590609268
2721	1421,73292977077	682,280166939203	0			578,267070229228	682,280166939203
2733	1420,33719661608	685,594099225242	0			579,662803383923	685,594099225242
2747	1421,0023535445	687,998658397412	0			578,997646455503	687,998658397412
2780	1419,07232299624	686,696103728644	0			580,927677003758	686,696103728644
2789	1419,97524966851	684,927488903164	0			580,02475033149	684,927488903164
2808	1419,29031326859	684,948812839925	0			580,709686731412	684,948812839925
2831	1422,08928970213	687,445751567928	0			577,910710297871	687,445751567928
2844	1419,64967414696	687,438303829414	0			580,35032585304	687,438303829414
2853	1421,76582557551	687,479131001079	0			578,234174424489	687,479131001079
2868	1423,45847712386	692,483579071255	0			576,541522876136	692,483579071255
2879	1425,22763082301	694,831041208125	0			574,772369176989	694,831041208125
2898	1424,72464144871	701,639762647293	0			575,275358551288	701,639762647293
2932	1424,68227529466	715,658941057734	0			575,317724705337	715,658941057734
2948	1418,39070347072	709,213745341069	0			581,60929652928	709,213745341069
2957	1419,52122016042	713,930975077689	0			580,478779839582	713,930975077689
2977	1419,0379078247	716,739857912063	0			580,962092175298	716,739857912063
2990	1418,25732970802	713,968953324296	0			581,742670291982	713,968953324296
3010	1415,95428405046	709,340218463785	0			584,045715949538	709,340218463785
3053	1422,08503547128	704,838836385773	0			577,914964528719	704,838836385773
3056	1427,45285406972	703,732092734941	0			572,547145930277	703,732092734941
3061	1435,14848216426	699,350460604612	0			564,851517835738	699,350460604612
3093	1447,11759807174	693,160752978422	0			552,882401928256	693,160752978422
3107	1443,78310182733	694,923499695295	0			556,216898172666	694,923499695295
3110	1443,91611812672	694,580087617202	0			556,083881873279	694,580087617202
3122	1441,94258820393	695,483230664466	0			558,057411796069	695,483230664466
3137	1441,47642504602	695,261184036374	0			558,523574953979	695,261184036374
3157	1436,64051404702	700,535407996592	0			563,359485952981	700,535407996592
3174	1436,05761875581	702,041490613111	0			563,942381244186	702,041490613111
3183	1435,33267288303	702,794507306984	0			564,667327116967	702,794507306984
3203	1432,35180311947	704,844422708025	0			567,648196880531	704,844422708025
3225	1434,35050374116	709,468562133818	0			565,649496258836	709,468562133818
3241	1437,0567528947	725,395325536972	0			562,943247105304	725,395325536972
3257	1436,46458712998	721,423943699814	0			563,535412870021	721,423943699814
3274	1433,27135934797	713,713401241911	0			566,728640652029	713,713401241911
3287	1428,88261607988	710,934578289167	0			571,117383920118	710,934578289167
3307	1430,63854862824	714,093504263114	0			569,36145137176	714,093504263114
3315	1427,53621210362	713,018223327183	0			572,463787896383	713,018223327183
3343	1428,01316031237	713,468593246112	0			571,98683968763	713,468593246112
3353	1425,72001145234	716,522084400143	0			574,279988547662	716,522084400143
3376	1431,10029269941	721,888899544548	0			568,899707300588	721,888899544548
3390	1429,04183654717	721,405168362483	0			570,958163452831	721,405168362483
3408	1447,36921502081	721,67912754582	0			552,630784979195	721,67912754582
3423	1444,16621711899	730,957604197513	0			555,833782881008	730,957604197513
3443	1444,59582917313	730,624714384814	0			555,404170826866	730,624714384814
3459	1435,63921772682	741,467522961662	0			564,360782273185	741,467522961662
3500	1429,08017222154	740,115054398487	0			570,919827778464	740,115054398487
3502	1422,69233068066	736,296257686266	0			577,307669319339	736,296257686266
3506	1421,75335192141	735,836664845057	0			578,246648078585	735,836664845057
3528	1419,68519715105	733,794294448692	0			580,314802848948	733,794294448692
3542	1424,07144584475	730,411304654444	0			575,928554155245	730,411304654444
3560	1429,07686938543	726,785174603766	0			570,92313061457	726,785174603766
3577	1432,39019546849	715,735383368793	0			567,609804531511	715,735383368793
3591	1435,67449220148	710,282029336356	0			564,325507798523	710,282029336356
3614	1431,38456571615	707,233718502982	0			568,615434283848	707,233718502982
3629	1428,23603564607	706,013651966872	0			571,763964353933	706,013651966872
3639	1431,02234540022	706,660766119547	0			568,977654599775	706,660766119547
3649	1431,42375470434	706,244013176127	0			568,576245295656	706,244013176127
3679	1434,66430420639	706,786359788793	0			565,335695793609	706,786359788793
3695	1434,27487446354	705,289058415585	0			565,72512553646	705,289058415585
3710	1436,67360010959	704,899424083207	0			563,326399890412	704,899424083207
3725	1440,57450377012	699,011640025259	0			559,425496229878	699,011640025259
3737	1438,91338800797	702,021867169749	0			561,08661199203	702,021867169749
3751	1436,62354921145	702,957095162085	0			563,376450788555	702,957095162085
3775	1431,88819855196	706,601477170015	0			568,111801448043	706,601477170015
3783	1426,3127670902	709,074591068696	0			573,687232909799	709,074591068696
3803	1423,76057680881	706,78404594563	0			576,239423191193	706,78404594563
3824	1412,00328370318	711,389201985385	0			587,996716296817	711,389201985385
3846	1409,99127073273	714,449273125887	0			590,008729267267	714,449273125887
3862	1411,50629940229	716,384649827923	0			588,493700597712	716,384649827923
3870	1422,10947248498	714,746016994536	0			577,890527515021	714,746016994536
3886	1426,27348424392	709,000622947787	0			573,726515756078	709,000622947787
3935	1430,0863544273	707,145514408693	0			569,913645572699	707,145514408693
3950	1436,39812334927	705,280377707218	0			563,601876650728	705,280377707218
3954	1433,07669735557	705,58985027948	0			566,923302644426	705,58985027948
3957	1429,73839134446	706,678054916422	0			570,26160865554	706,678054916422
3983	1431,86395994254	710,232262965239	0			568,136040057456	710,232262965239
3991	1424,77023529806	709,932672634823	0			575,22976470194	709,932672634823
4004	1413,76242457266	711,161148406476	0			586,237575427339	711,161148406476
4022	1409,96300542089	709,965679093714	0			590,036994579114	709,965679093714
4035	1410,56139628915	711,825191017732	0			589,438603710845	711,825191017732
4054	1405,56319847945	711,628467737129	0			594,436801520546	711,628467737129
4067	1409,92796132827	707,59446955266	0			590,07203867173	707,59446955266
4081	1409,52913642803	707,476880221246	0			590,470863571972	707,476880221246
4100	1407,55129730012	708,068559764968	0			592,448702699878	708,068559764968
4142	1414,70199051131	710,527490147656	0			585,298009488692	710,527490147656
4144	1414,95382980865	710,855731101992	0			585,046170191351	710,855731101992
4157	1415,78802413522	719,84603936753	0			584,211975864785	719,84603936753
4172	1412,79044906468	725,394222888821	0			587,209550935318	725,394222888821
4214	1413,51352735938	722,444528267328	0			586,486472640624	722,444528267328
4217	1412,2865086858	730,436191357843	0			587,713491314196	730,436191357843
4231	1410,09861916148	733,774397859769	0			589,901380838521	733,774397859769
4240	1412,62136063424	732,422642102861	0			587,378639365762	732,422642102861
4249	1411,18894845779	733,52033715657	0			588,811051542207	733,52033715657
4278	1409,90397787531	742,626566489407	0			590,096022124693	742,626566489407
4293	1412,15008174788	750,054938284432	0			587,849918252119	750,054938284432
4321	1412,94327837987	751,600841544083	0			587,056721620131	751,600841544083
4324	1414,21980573277	749,639698930055	0			585,780194267226	749,639698930055
4350	1414,12575056386	749,424021116301	0			585,874249436144	749,424021116301
4355	1411,9686173462	759,531568284507	0			588,031382653802	759,531568284507
4377	1411,59446545723	762,056647260389	0			588,405534542774	762,056647260389
4389	1409,33765656713	775,722548397666	0			590,662343432873	775,722548397666
4443	1409,90357083416	734,148729939245	0			590,096429165835	734,148729939245
4462	1409,02737488092	746,853443985003	0			590,972625119079	746,853443985003
4468	1412,10360745331	752,618889327089	0			587,89639254669	752,618889327089
4470	1415,07457638872	730,257019022792	0			584,925423611282	730,257019022792
4479	1416,79787897375	738,83598935273	0			583,202121026254	738,83598935273
4490	1418,10871096522	738,133569598858	0			581,891289034783	738,133569598858
4545	1422,34724622118	736,031474661769	0			577,652753778825	736,031474661769
4549	1425,18095098384	735,565048673457	0			574,819049016163	735,565048673457
4555	1425,7525663	738,322764024061	0			574,247433699999	738,322764024061
4566	1424,83008584908	734,425384586721	0			575,169914150923	734,425384586721
4615	1430,34967141251	740,30749769512	0			569,650328587486	740,30749769512
4636	1430,32638777176	741,068395475974	0			569,673612228237	741,068395475974
4657	1431,41857072526	738,032348846764	0			568,581429274736	738,032348846764
4675	1431,14348200008	731,563796961922	0			568,856517999921	731,563796961922
4677	1433,31713985095	709,372029435003	0			566,682860149049	709,372029435003
4684	1430,4664503282	709,161007891129	0			569,533549671796	709,161007891129
4686	1425,8387284001	696,631824540633	0			574,161271599903	696,631824540633
4690	1429,12015968296	699,470168082126	0			570,879840317042	699,470168082126
4700	1428,93256079848	703,56034410924	0			571,067439201525	703,56034410924
4820	1429,57029413231	705,780352396199	0			570,42970586769	705,780352396199
4910	1428,37988508357	704,498048215291	0			571,620114916429	704,498048215291
4921	1428,61354682762	715,967426410591	0			571,386453172384	715,967426410591
4927	1412,55153639123	719,599989991434	0			587,448463608766	719,599989991434
4939	1406,89204295381	723,509030520986	0			593,107957046186	723,509030520986
4941	1404,53155312588	744,131354782109	0			595,468446874117	744,131354782109
4953	1416,84824483189	720,051552733753	0			583,151755168111	720,051552733753
4955	1415,68548377603	717,408531870709	0			584,314516223973	717,408531870709
4958	1419,07602201565	722,233493468098	0			580,923977984348	722,233493468098
4975	1424,04593244898	721,8740145497	0			575,954067551021	721,8740145497
4986	1423,39758571242	722,994035420177	0			576,602414287584	722,994035420177
4990	1421,3284718405	723,375422012735	0			578,671528159498	723,375422012735
4996	1418,66418766739	728,64853593337	0			581,335812332614	728,64853593337
5002	1418,58904908598	728,505393592322	0			581,410950914024	728,505393592322
5004	1418,60196963158	727,562837297835	0			581,398030368417	727,562837297835
5007	1416,48101938837	725,381123568831	0			583,518980611628	725,381123568831
5033	1416,13191520975	728,391493775177	0			583,868084790249	728,391493775177
5044	1417,94394577725	728,426980416406	0			582,056054222754	728,426980416406
5059	1420,49903751277	730,107619523731	0			579,500962487227	730,107619523731
5129	1426,60297554036	722,18532695541	0			573,397024459636	722,18532695541
5153	1428,24488136188	719,343583648374	0			571,755118638121	719,343583648374
5161	1431,46745099874	711,85640486937	0			568,532549001264	711,85640486937
5168	1428,94463880054	708,338798797574	0			571,055361199461	708,338798797574
5177	1427,71164763389	710,865159339325	0			572,28835236611	710,865159339325
5179	1427,16807659365	712,144964570421	0			572,831923406352	712,144964570421
5181	1425,69060716603	718,350160217562	0			574,309392833969	718,350160217562
5196	1423,16586866556	723,3641537156	0			576,834131334445	723,3641537156
5227	1415,78752683675	732,076231994899	0			584,21247316325	732,076231994899
5246	1411,8914936206	739,655908857364	0			588,108506379395	739,655908857364
5249	1413,53062796312	730,083693442736	0			586,469372036879	730,083693442736
5254	1413,34189977351	729,463927857025	0			586,658100226488	729,463927857025
5283	1412,20495146992	737,820471013604	0			587,795048530081	737,820471013604
5288	1414,01890064317	733,696089764617	0			585,981099356828	733,696089764617
5312	1416,90907528425	729,088979188847	0			583,090924715746	729,088979188847
5350	1412,43903155894	754,308991599188	0			587,560968441059	754,308991599188
5385	1413,84522935944	746,494797554275	0			586,154770640558	746,494797554275
5443	1413,40555090906	750,305707019286	0			586,594449090942	750,305707019286
5453	1417,96290756789	742,935957410499	0			582,037092432108	742,935957410499
5455	1417,66290960612	745,929087388515	0			582,337090393884	745,929087388515
5458	1420,51815357782	733,230398630927	0			579,481846422176	733,230398630927
5460	1420,98764942092	730,392588860932	0			579,012350579085	730,392588860932
5462	1421,37301707717	729,750941944867	0			578,626982922832	729,750941944867
5464	1422,20314450936	729,139254631558	0			577,796855490637	729,139254631558
5531	1407,12392441848	734,178098726608	0			592,876075581516	734,178098726608
5549	1408,4924644609	730,738827509326	0			591,507535539097	730,738827509326
5552	1404,90162280356	729,296062794698	0			595,098377196439	729,296062794698
5555	1400,75962978878	729,067260083913	0			599,240370211217	729,067260083913
5559	1400,93651118116	729,040683258061	0			599,063488818842	729,040683258061
5565	1407,15898578973	731,229620218149	0			592,841014210265	731,229620218149
5573	1425,16026646337	699,549125814447	0			574,839733536626	699,549125814447
5584	1423,91232957826	703,058334168317	0			576,087670421741	703,058334168317
5597	1417,1121953147	715,151670289188	0			582,887804685296	715,151670289188
5701	1414,63903782615	715,038302953445	0			585,360962173851	715,038302953445
5725	1409,94397628331	726,679028030513	0			590,056023716691	726,679028030513
5733	1402,97459227253	742,27826210889	0			597,025407727474	742,27826210889
5737	1404,49138399864	739,907224710176	0			595,508616001358	739,907224710176
5739	1402,32103092899	739,998173812591	0			597,678969071015	739,998173812591
5742	1406,40808673622	739,856351439586	0			593,591913263784	739,856351439586
5745	1405,89899233797	735,705443392217	0			594,101007662028	735,705443392217
5747	1401,30807587308	743,738972797964	0			598,691924126922	743,738972797964
5752	1399,45368626934	747,221448638586	0			600,546313730657	747,221448638586
5787	1398,91312840137	747,259959983711	0			601,086871598626	747,259959983711
5903	1393,28115806406	751,029799894079	0			606,718841935944	751,029799894079
5952	1391,1265281566	752,31098828672	0			608,873471843403	752,31098828672
5956	1390,97109269537	756,446471110881	0			609,028907304626	756,446471110881
5959	1392,79238962318	753,399406291179	0			607,20761037682	753,399406291179
5961	1393,42971059442	756,668433060108	0			606,570289405584	756,668433060108
5963	1409,47143507475	748,673359883655	0			590,52856492525	748,673359883655
5965	1405,94104427706	750,616663325844	0			594,058955722936	750,616663325844
5968	1419,03932113906	752,255552969638	0			580,960678860939	752,255552969638
5974	1421,24462428774	737,486484575812	0			578,755375712258	737,486484575812
5988	1419,10395943448	737,516423350163	0			580,89604056552	737,516423350163
5991	1419,47678073314	752,211750506575	0			580,523219266856	752,211750506575
6001	1421,58217120431	757,258314125379	0			578,417828795687	757,258314125379
6008	1416,59363279011	763,23432907862	0			583,406367209892	763,23432907862
6025	1415,08630038159	769,278762182872	0			584,913699618405	769,278762182872
6037	1411,34189050787	756,040565435584	0			588,658109492129	756,040565435584
6147	1404,30877791555	738,097990608983	0			595,691222084454	738,097990608983
6169	1401,70895487794	730,429665885541	0			598,291045122055	730,429665885541
6172	1399,64855526239	732,865824759217	0			600,351444737614	732,865824759217
6176	1397,10975675983	738,311589790141	0			602,890243240173	738,311589790141
6178	1396,72507558312	734,515744264396	0			603,27492441688	734,515744264396
6180	1398,43764055405	732,626960034244	0			601,562359445949	732,626960034244
6182	1398,1058049312	734,143561070183	0			601,894195068799	734,143561070183
6196	1397,47096953009	734,746526500484	0			602,529030469911	734,746526500484
6198	1397,04715289108	738,777370992713	0			602,952847108924	738,777370992713
6213	1397,45008838503	737,809897639013	0			602,549911614966	737,809897639013
6232	1396,84817331027	742,167408030058	0			603,151826689733	742,167408030058
6272	1404,5249094888	769,963875213149	0			595,475090511199	769,963875213149
6322	1402,17717830009	767,514995690596	0			597,822821699915	767,514995690596
6347	1399,23284973571	760,402110589322	0			600,767150264289	760,402110589322
6353	1394,54227371935	743,259469814797	0			605,457726280655	743,259469814797
6358	1391,56220613484	734,79432434447	0			608,437793865161	734,79432434447
6361	1390,28650201686	748,0060633784	0			609,71349798314	748,0060633784
6363	1388,60060263308	746,614413214916	0			611,399397366922	746,614413214916
6365	1388,74093631179	742,916838193536	0			611,259063688207	742,916838193536
6432	1393,564766832	746,718819041051	0			606,435233168001	746,718819041051
6455	1394,93028431688	748,708979816213	0			605,069715683122	748,708979816213
6460	1396,53462520947	740,792185929276	0			603,465374790532	740,792185929276
6462	1396,67573403132	742,218150052463	0			603,324265968679	742,218150052463
6465	1398,69887239765	742,717205315512	0			601,30112760235	742,717205315512
6470	1397,69891576677	740,725968466046	0			602,301084233233	740,725968466046
6472	1397,12778071496	741,832169973724	0			602,872219285041	741,832169973724
6484	1375,33034873221	751,2021180942	0			624,669651267795	751,2021180942
6509	1368,48965587966	763,242375141032	0			631,510344120337	763,242375141032
6538	1362,41376882111	772,555154274853	0			637,586231178889	772,555154274853
6546	1364,03476976029	768,225424457982	0			635,965230239706	768,225424457982
6570	1368,32455491044	756,908236965573	0			631,675445089559	756,908236965573
6573	1381,99651451556	756,214865400997	0			618,003485484443	756,214865400997
6597	1375,16362940171	760,851109849793	0			624,836370598293	760,851109849793
6601	1394,25378884608	766,798593133479	0			605,746211153925	766,798593133479
6624	1411,40744422888	762,099855544608	0			588,592555771123	762,099855544608
6637	1418,29035475473	750,821057194205	0			581,709645245272	750,821057194205
6647	1421,95868259779	752,401782104648	0			578,041317402207	752,401782104648
6685	1424,6361900143	754,793214958962	0			575,363809985696	754,793214958962
6693	1435,29823873726	738,055968296223	0			564,701761262744	738,055968296223
6709	1448,28151127857	725,06921499823	0			551,718488721425	725,06921499823
6726	1457,61461667879	718,441161368902	0			542,385383321215	718,441161368902
6757	1455,08148368023	721,899632264415	0			544,918516319772	721,899632264415
6788	1444,92471127295	767,23667820851	0			555,075288727053	767,23667820851
6793	1443,64400267826	761,534476044677	0			556,355997321743	761,534476044677
6799	1436,72523551797	767,936192862854	0			563,274764482029	767,936192862854
6850	1442,81519034769	763,578644660912	0			557,184809652309	763,578644660912
6855	1445,36257238587	758,477549450158	0			554,637427614131	758,477549450158
6859	1445,94639200469	758,764989606009	0			554,053607995313	758,764989606009
6871	1443,32725887868	758,923556633336	0			556,672741121317	758,923556633336
6890	1442,59713286769	760,18112238825	0			557,402867132312	760,18112238825
6919	1437,11615456408	761,779885329671	0			562,883845435916	761,779885329671
6928	1426,5804665814	770,9113865755	0			573,419533418601	770,9113865755
6933	1428,20629094033	771,202319132877	0			571,793709059671	771,202319132877
6951	1423,68269939091	771,598775678533	0			576,317300609085	771,598775678533
6985	1420,65476883412	774,059644079823	0			579,345231165882	774,059644079823
6995	1421,70928591614	770,086901807016	0			578,290714083859	770,086901807016
7012	1408,51268295145	743,195330873163	0			591,487317048549	743,195330873163
7026	1402,35997887635	736,506054657243	0			597,640021123646	736,506054657243
7045	1402,41152487632	737,555223976014	0			597,588475123681	737,555223976014
7053	1341,75131004123	751,583421369843	0			658,248689958766	751,583421369843
7067	1234,70271793344	764,790035853201	1	765,297282066561	764,790035853201
7088	1048,28133837015	766,929588833113	1	951,718661629854	766,929588833113
7096	1031,77704480944	766,571222418922	1	968,222955190558	766,571222418922
7130	1009,41595073735	769,024454519412	1	990,584049262646	769,024454519412
7150	909,072413743014	764,487025664246	1	1090,92758625699	764,487025664246
7167	903,441749745389	762,916817692669	1	1096,55825025461	762,916817692669
7173	898,227115363591	760,032634974648	1	1101,77288463641	760,032634974648
7188	895,917095737968	751,631524831064	1	1104,08290426203	751,631524831064
7204	881,304969541221	759,892432697734	1	1118,69503045878	759,892432697734
7221	884,002128410984	757,280778439423	1	1115,99787158902	757,280778439423
7261	883,095999973983	758,515571454403	1	1116,90400002602	758,515571454403
7290	893,686698059166	758,123121113958	1	1106,31330194083	758,123121113958
7545	786,177730868935	923,800442992801	1	1213,82226913106	923,800442992801
7590	826,977348019004	728,468757423184	1	1173,022651981	728,468757423184
7592	811,822569559968	659,26688473676	1	1188,17743044003	659,26688473676
7608	818,091365671126	684,014673053663	1	1181,90863432887	684,014673053663
7629	839,469895818432	737,701164266605	1	1160,53010418157	737,701164266605
7643	851,901374364225	740,341748939195	1	1148,09862563577	740,341748939195
7658	870,963373660184	723,996878337706	1	1129,03662633982	723,996878337706
7674	891,28414174622	716,437778208141	1	1108,71585825378	716,437778208141
7689	921,977026254017	719,099804090349	1	1078,02297374598	719,099804090349
7703	974,38410692222	716,36825012303	1	1025,61589307778	716,36825012303
7729	985,937721836905	707,739055821713	1	1014,0622781631	707,739055821713
7764	1000,39167501613	712,124212740468	1	999,608324983873	712,124212740468
7774	1016,62487595365	710,36492884906	1	983,375124046355	710,36492884906
7786	1031,00433083308	707,276782766352	1	968,995669166924	707,276782766352
7790	1026,38638988328	700,425975737382	1	973,613610116718	700,425975737382
7804	1011,4262194657	677,449309250946	1	988,573780534299	677,449309250946
7828	1007,75347539758	661,575081411985	1	992,246524602422	661,575081411985
7833	1004,34938155787	657,658531584334	1	995,65061844213	657,658531584334
7851	1011,15043600626	651,817705880521	1	988,849563993741	651,817705880521
7882	1003,4935002121	650,391669015958	1	996,506499787896	650,391669015958
7903	1000,30194420533	657,616299614918	1	999,698055794666	657,616299614918
7922	992,68690933768	675,802147154993	1	1007,31309066232	675,802147154993
7934	990,004571776193	678,629953135398	1	1009,99542822381	678,629953135398
7951	989,674318358937	675,326729432531	1	1010,32568164106	675,326729432531
7956	985,805236087195	673,311158475708	1	1014,19476391281	673,311158475708
7972	989,840308451777	674,040027542208	1	1010,15969154822	674,040027542208
7987	991,376004333997	675,295383289043	1	1008,623995666	675,295383289043
8001	980,716914846812	675,604736976385	1	1019,28308515319	675,604736976385
8030	941,332821014418	686,329352165547	1	1058,66717898558	686,329352165547
8046	935,529383285443	692,11886059746	1	1064,47061671456	692,11886059746
8066	893,414359778767	707,468981543966	1	1106,58564022123	707,468981543966
8079	889,180048681736	706,487084527726	1	1110,81995131826	706,487084527726
8098	849,532736593323	713,489678061641	1	1150,46726340668	713,489678061641
8102	837,271323901753	717,109641358155	1	1162,72867609825	717,109641358155
8126	835,159389303175	717,402263234274	1	1164,84061069682	717,402263234274
8138	835,361707514494	715,907442213441	1	1164,63829248551	715,907442213441
8152	832,195025768089	714,658921545218	1	1167,80497423191	714,658921545218
8182	833,345222088592	707,08543370143	1	1166,65477791141	707,08543370143
8197	831,777324485974	709,492678808679	1	1168,22267551403	709,492678808679
8226	832,891427102613	702,152888085288	1	1167,10857289739	702,152888085288
8241	832,23477182045	693,289002791027	1	1167,76522817955	693,289002791027
8261	829,536299972459	692,871397208246	1	1170,46370002754	692,871397208246
8264	832,90803197971	680,972426516644	1	1167,09196802029	680,972426516644
8268	838,36734361343	674,255596853576	1	1161,63265638657	674,255596853576
8280	841,111966337537	674,032527556189	1	1158,88803366246	674,032527556189
8306	865,126234536649	681,002036408019	1	1134,87376546335	681,002036408019
8360	887,564888491195	682,91224946954	1	1112,4351115088	682,91224946954
8363	914,568241761305	671,591055056133	1	1085,4317582387	671,591055056133
8372	937,350951987948	698,868756481061	1	1062,64904801205	698,868756481061
8373	937,020426117344	698,974106866799	1	1062,97957388266	698,974106866799
8390	937,952940221414	697,529937418453	1	1062,04705977859	697,529937418453
8422	939,005290163994	697,442667687035	1	1060,99470983601	697,442667687035
8437	939,273395318558	697,698466440986	1	1060,72660468144	697,698466440986
8455	930,43279850645	676,884553792249	1	1069,56720149355	676,884553792249
8475	934,937407084811	696,157518453478	1	1065,06259291519	696,157518453478
8506	921,877175532485	702,821352032334	1	1078,12282446752	702,821352032334
8712	936,69986663127	649,721009717964	1	1063,30013336873	649,721009717964
8734	829,975794819952	140,365150797977	0			1170,02420518005	140,365150797977
8774	895,59781754707	364,192159569929	1	1104,40218245293	364,192159569929
8793	943,81240690761	540,538244093443	1	1056,18759309239	540,538244093443
8811	930,356656368663	551,375083233083	1	1069,64334363134	551,375083233083
8829	898,543385862729	595,993874632284	1	1101,45661413727	595,993874632284
8848	890,048376113498	603,358166557354	1	1109,9516238865	603,358166557354
8860	887,12752642215	604,372872034317	1	1112,87247357785	604,372872034317
8873	817,862450816126	640,486911181863	1	1182,13754918387	640,486911181863
8895	821,553894653695	646,92711879535	1	1178,4461053463	646,92711879535
8900	817,825218122712	659,722559719994	1	1182,17478187729	659,722559719994
8930	824,761707399732	679,763259183124	1	1175,23829260027	679,763259183124
8964	801,574418854667	673,692091150014	1	1198,42558114533	673,692091150014
8978	824,873147816999	687,729583210837	1	1175,126852183	687,729583210837
8999	851,795416997364	692,137127071838	1	1148,20458300264	692,137127071838
9003	861,412107704376	698,646884142139	1	1138,58789229562	698,646884142139
9021	861,824133667575	699,778065528966	1	1138,17586633243	699,778065528966
9041	870,033302165428	690,892036244188	1	1129,96669783457	690,892036244188
9062	873,031258573494	688,502620529396	1	1126,96874142651	688,502620529396
9102	883,826229089963	674,109445950221	1	1116,17377091004	674,109445950221
9106	874,865781876523	674,512615729393	1	1125,13421812348	674,512615729393
9120	873,863528291334	675,287741529297	1	1126,13647170867	675,287741529297
9134	880,909147277051	673,567878717801	1	1119,09085272295	673,567878717801
9139	877,459809971475	678,66243582359	1	1122,54019002853	678,66243582359
9157	869,988748425049	684,740294200259	1	1130,01125157495	684,740294200259
9170	876,441207626686	682,333497598455	1	1123,55879237331	682,333497598455
9191	869,61946717369	681,863739696806	1	1130,38053282631	681,863739696806
9209	867,635144277014	682,561719663309	1	1132,36485572299	682,561719663309
9231	877,050902708914	677,092653252727	1	1122,94909729109	677,092653252727
9246	879,851265724434	672,631770495677	1	1120,14873427557	672,631770495677
9262	888,283219950122	672,064513160555	1	1111,71678004988	672,064513160555
9284	888,634579188742	673,278307228291	1	1111,36542081126	673,278307228291
9303	891,675490153502	672,514061763106	1	1108,3245098465	672,514061763106
9338	899,150682304189	669,490666395196	1	1100,84931769581	669,490666395196
9341	907,987663282301	664,512900991789	1	1092,0123367177	664,512900991789
9369	905,659331293032	657,085238760506	1	1094,34066870697	657,085238760506
9391	907,954874213879	646,467504632338	1	1092,04512578612	646,467504632338
9414	908,833634244035	654,024951279537	1	1091,16636575596	654,024951279537
9422	902,962527658535	673,277079498157	1	1097,03747234146	673,277079498157
9430	902,594268383339	665,050980454392	1	1097,40573161666	665,050980454392
9445	903,773204793476	665,301447390942	1	1096,22679520652	665,301447390942
9460	914,622106100263	667,551300986875	1	1085,37789389974	667,551300986875
9472	927,22558091857	667,507721814572	1	1072,77441908143	667,507721814572
9488	923,422392904963	676,630486628144	1	1076,57760709504	676,630486628144
9506	923,738400648324	677,482346249831	1	1076,26159935168	677,482346249831
9542	920,38102989269	690,976205388171	1	1079,61897010731	690,976205388171
9546	928,974947885034	679,96806016452	1	1071,02505211497	679,96806016452
9578	942,461770621336	685,374843410999	1	1057,53822937866	685,374843410999
9580	944,746001246713	676,341654590576	1	1055,25399875329	676,341654590576
9596	959,601422760535	651,600288739861	1	1040,39857723946	651,600288739861
9609	937,973314687517	657,416793713203	1	1062,02668531248	657,416793713203
9638	928,465859594484	659,196380656365	1	1071,53414040552	659,196380656365
9669	906,30144216558	647,012445158425	1	1093,69855783442	647,012445158425
9671	900,232361254422	647,086965924755	1	1099,76763874558	647,086965924755
9709	860,819594498403	642,736430465726	1	1139,1804055016	642,736430465726
9712	850,121034199025	637,78927400821	1	1149,87896580098	637,78927400821
9715	854,968871358487	640,850621832735	1	1145,03112864151	640,850621832735
9731	849,213005701054	622,201701144453	1	1150,78699429895	622,201701144453
9745	845,968879814476	625,131241267623	1	1154,03112018552	625,131241267623
9764	842,781247017093	617,453774937475	1	1157,21875298291	617,453774937475
9782	840,50894060716	617,383195055024	1	1159,49105939284	617,383195055024
9789	839,939368931683	620,198709446833	1	1160,06063106832	620,198709446833
9805	843,031735103607	618,820606738537	1	1156,96826489639	618,820606738537
9830	839,75689385931	618,84493647556	1	1160,24310614069	618,84493647556
9845	843,417320749171	618,75351678097	1	1156,58267925083	618,75351678097
9864	859,40043345083	625,173009726752	1	1140,59956654917	625,173009726752
9879	846,594226085808	628,894215772641	1	1153,40577391419	628,894215772641
9894	839,127372018828	617,318635152961	1	1160,87262798117	617,318635152961
9902	838,360913992482	615,962153775497	1	1161,63908600752	615,962153775497
9917	835,690863648544	629,671433455744	1	1164,30913635146	629,671433455744
9940	835,77807782343	624,404235819556	1	1164,22192217657	624,404235819556
9953	834,808086551403	625,291307830574	1	1165,1919134486	625,291307830574
9980	837,277827602738	615,043455694677	1	1162,72217239726	615,043455694677
9996	834,397841033291	617,646787357597	1	1165,60215896671	617,646787357597
10015	828,45979451591	626,729147117351	1	1171,54020548409	626,729147117351
10027	832,081628963316	638,684609541311	1	1167,91837103668	638,684609541311
10035	823,638744488475	645,28909082314	1	1176,36125551152	645,28909082314
