3	891,637034441381	651,411361564244	1	1108,36296555862	651,411361564244
11	891,730215648162	655,624746537646	1	1108,26978435184	655,624746537646
40	894,087502925218	657,708503094638	1	1105,91249707478	657,708503094638
57	896,342248887737	657,299340204237	1	1103,65775111226	657,299340204237
78	904,546655645913	644,19744671774	1	1095,45334435409	644,19744671774
96	897,894756872794	618,05673847264	1	1102,10524312721	618,05673847264
138	896,907594175001	624,48063960833	1	1103,092405825	624,48063960833
186	900,003042471172	633,92058071267	1	1099,99695752883	633,92058071267
210	899,865550156174	634,156424165248	1	1100,13444984383	634,156424165248
240	856,99106635192	543,111086503315	1	1143,00893364808	543,111086503315
253	869,080584506028	592,465546776921	1	1130,91941549397	592,465546776921
273	892,242925499115	580,798033015053	1	1107,75707450089	580,798033015053
290	875,358499343233	541,224097272143	1	1124,64150065677	541,224097272143
297	863,070278651917	524,371324109543	1	1136,92972134808	524,371324109543
314	857,216491842525	533,885269110996	1	1142,78350815747	533,885269110996
344	848,721201355482	550,320066567915	1	1151,27879864452	550,320066567915
374	821,734754360121	595,703944546521	1	1178,26524563988	595,703944546521
386	835,981191497529	574,351116614283	1	1164,01880850247	574,351116614283
401	841,212129020794	682,809375598399	1	1158,78787097921	682,809375598399
418	841,674499970172	696,39506027482	1	1158,32550002983	696,39506027482
436	835,373804303774	700,875000669109	1	1164,62619569623	700,875000669109
452	834,637235749994	695,440169949607	1	1165,36276425001	695,440169949607
461	831,712875266892	681,265924523258	1	1168,28712473311	681,265924523258
492	826,791667139378	665,872731630235	1	1173,20833286062	665,872731630235
500	822,082309557811	669,187532740668	1	1177,91769044219	669,187532740668
527	816,641320754933	678,008651600707	1	1183,35867924507	678,008651600707
543	817,429782490065	714,349503737883	1	1182,57021750994	714,349503737883
552	826,422726197592	790,663755502151	1	1173,57727380241	790,663755502151
567	826,502664973594	801,778054322256	1	1173,49733502641	801,778054322256
583	829,172103026713	794,359245676572	1	1170,82789697329	794,359245676572
624	828,865189889422	800,8066641441	1	1171,13481011058	800,8066641441
631	828,181792589944	818,104409334805	1	1171,81820741006	818,104409334805
648	826,407466632115	822,732951631364	1	1173,59253336788	822,732951631364
664	825,001573397645	866,972467540144	1	1174,99842660235	866,972467540144
670	830,677372201548	862,406859354395	1	1169,32262779845	862,406859354395
687	833,475038634412	897,440425233969	1	1166,52496136559	897,440425233969
701	830,243589472504	901,108393125287	1	1169,7564105275	901,108393125287
713	815,329155633812	855,659008235453	1	1184,67084436619	855,659008235453
747	809,727947517609	839,187931371935	1	1190,27205248239	839,187931371935
751	808,587896740871	829,822635592465	1	1191,41210325913	829,822635592465
758	808,287245036311	822,981578886336	1	1191,71275496369	822,981578886336
809	804,940003541694	795,196175608211	1	1195,05999645831	795,196175608211
822	811,464327047954	774,865793834949	1	1188,53567295205	774,865793834949
829	807,995385783572	770,729430256544	1	1192,00461421643	770,729430256544
841	805,543553850448	775,01215930853	1	1194,45644614955	775,01215930853
861	804,711115592709	770,608655508251	1	1195,28888440729	770,608655508251
866	811,420886580993	799,282406893808	1	1188,57911341901	799,282406893808
888	815,777077635272	802,257862733649	1	1184,22292236473	802,257862733649
903	824,127334490392	797,094512989177	1	1175,87266550961	797,094512989177
915	823,935324838559	807,90476955169	1	1176,06467516144	807,90476955169
940	824,592492684797	811,486260512934	1	1175,4075073152	811,486260512934
957	824,566223264943	810,751733396483	1	1175,43377673506	810,751733396483
976	828,482562912521	789,038469963689	1	1171,51743708748	789,038469963689
990	820,87673527861	793,012080429818	1	1179,12326472139	793,012080429818
1008	822,155503623779	789,768177323345	1	1177,84449637622	789,768177323345
1045	827,0779371137	754,90445872209	1	1172,9220628863	754,90445872209
1063	826,626911424702	752,145363000581	1	1173,3730885753	752,145363000581
1069	824,197118676448	751,308805669712	1	1175,80288132355	751,308805669712
1087	827,85420857084	745,828706558568	1	1172,14579142916	745,828706558568
1120	830,014290147184	739,698701299371	1	1169,98570985282	739,698701299371
1125	833,567212833377	752,469523536183	1	1166,43278716662	752,469523536183
1132	838,973812014727	752,710086078067	1	1161,02618798527	752,710086078067
1168	836,615977603302	747,078295898141	1	1163,3840223967	747,078295898141
1183	839,287922289624	758,603545726343	1	1160,71207771038	758,603545726343
1189	853,144935847265	759,419536052829	1	1146,85506415274	759,419536052829
1200	856,51151831103	764,836937239554	1	1143,48848168897	764,836937239554
1264	848,350143199814	766,247327011985	1	1151,64985680019	766,247327011985
1275	840,505100322879	817,076769278171	1	1159,49489967712	817,076769278171
1279	834,955815451146	834,234670037598	1	1165,04418454885	834,234670037598
1283	794,067159797924	980,554891231641	1	1205,93284020208	980,554891231641
1304	790,825586275052	992,188516198587	1	1209,17441372495	992,188516198587
1316	799,882192503596	1004,45983569212	1	1200,1178074964	1004,45983569212
1330	803,061885370947	1024,11283337068	0			1196,93811462905	1024,11283337068
1347	803,315394869728	1039,19187004708	0			1196,68460513027	1039,19187004708
1362	803,401477648316	1049,7862829729	0			1196,59852235168	1049,7862829729
1392	803,680616375985	1054,48652460436	0			1196,31938362402	1054,48652460436
1400	803,389005636937	1053,4570442673	0			1196,61099436306	1053,4570442673
1418	802,743809590981	1052,92780461849	0			1197,25619040902	1052,92780461849
1435	791,974326510865	1056,30745241101	0			1208,02567348914	1056,30745241101
1446	783,423898837527	1053,42299653726	0			1216,57610116247	1053,42299653726
1462	783,317255549525	1053,28974175993	0			1216,68274445048	1053,28974175993
1476	782,932492636155	1053,03646914301	0			1217,06750736385	1053,03646914301
1495	782,97561910806	1053,01637967051	0			1217,02438089194	1053,01637967051
1510	783,107375785749	1052,58136407244	0			1216,89262421425	1052,58136407244
1536	783,384658083564	1052,57540984883	0			1216,61534191644	1052,57540984883
1552	783,431764158008	1052,59295298177	0			1216,56823584199	1052,59295298177
1570	783,868822457748	1052,74105147796	0			1216,13117754225	1052,74105147796
1586	782,148051013372	1052,15146657927	0			1217,85194898663	1052,15146657927
1601	779,818803423134	1051,47533630861	0			1220,18119657687	1051,47533630861
1619	767,517841641628	1047,8198726245	0			1232,48215835837	1047,8198726245
1624	763,45396908576	1046,59772173382	0			1236,54603091424	1046,59772173382
1646	760,854840045186	1045,81561245849	0			1239,14515995481	1045,81561245849
1657	757,987383145516	1044,95490788004	0			1242,01261685448	1044,95490788004
1806	837,723541259766	1065,25124123308	0			1162,27645874023	1065,25124123308
1852	832,265662529708	1068,43352609218	0			1167,73433747029	1068,43352609218
1872	832,265662529708	1068,43352609218	0			1167,73433747029	1068,43352609218
1881	832,265662529708	1068,43352609218	0			1167,73433747029	1068,43352609218
1895	832,265662529708	1068,43352609218	0			1167,73433747029	1068,43352609218
1913	832,265662529708	1068,43352609218	0			1167,73433747029	1068,43352609218
1935	832,265662529708	1068,43352609218	0			1167,73433747029	1068,43352609218
1942	832,265662529708	1068,43352609218	0			1167,73433747029	1068,43352609218
1960	832,265662529708	1068,43352609218	0			1167,73433747029	1068,43352609218
1987	832,265662529708	1068,43352609218	0			1167,73433747029	1068,43352609218
1999	832,265662529708	1068,43352609218	0			1167,73433747029	1068,43352609218
2025	832,265662529708	1068,43352609218	0			1167,73433747029	1068,43352609218
2031	832,086276250962	1068,24621622431	0			1167,91372374904	1068,24621622431
2057	818,167501095341	1053,71264122906	0			1181,83249890466	1053,71264122906
2062	807,204700474044	1042,26560776481	0			1192,79529952596	1042,26560776481
2085	803,411679121067	1038,30504660366	0			1196,58832087893	1038,30504660366
2095	801,186762808102	1035,98185453172	0			1198,8132371919	1035,98185453172
2116	798,451582789824	1033,12586013015	0			1201,54841721018	1033,12586013015
2140	796,639634919128	1031,04892409186	0			1203,36036508087	1031,04892409186
2150	810,236759264348	1033,5803756173	0			1189,76324073565	1033,5803756173
2170	847,180706029343	1024,26705980845	0			1152,81929397066	1024,26705980845
2182	845,996565557652	1017,80619648348	1	1154,00343444235	1017,80619648348
2213	1177,12351923193	529,688600975279	1	822,87648076807	529,688600975279
2237	1198,63251768944	409,534291703761	1	801,367482310563	409,534291703761
2240	1201,69250569523	393,382159551346	1	798,307494304772	393,382159551346
2257	1200,05297217039	391,536867759653	1	799,947027829612	391,536867759653
2265	1211,15877674467	256,053844780089	1	788,841223255326	256,053844780089
2296	1199,98833175847	225,970289537144	1	800,011668241535	225,970289537144
2304	1195,77789742052	237,336784232596	1	804,222102579484	237,336784232596
2326	1201,45900200022	221,349617197567	1	798,540997999783	221,349617197567
2342	1198,56772567772	179,236472163033	1	801,43227432228	179,236472163033
2358	1200,00711576187	178,704480565439	1	799,992884238131	178,704480565439
2366	1196,21937456764	167,509557569271	1	803,780625432356	167,509557569271
2380	1191,52975662614	166,325782416765	1	808,470243373856	166,325782416765
2400	1192,14502266818	171,815722399725	1	807,854977331823	171,815722399725
2432	1180,49597523146	178,823562127698	1	819,504024768544	178,823562127698
2443	1176,78848074872	200,58311629038	1	823,211519251283	200,58311629038
2464	1167,37310132362	187,911766732251	1	832,62689867638	187,911766732251
2469	1155,98240213912	188,573117441037	1	844,017597860884	188,573117441037
2485	1114,72293193515	196,048852930186	1	885,27706806485	196,048852930186
2498	1083,97548762691	204,994915596288	1	916,024512373094	204,994915596288
2513	1053,85642063622	213,359075873952	1	946,143579363782	213,359075873952
2543	1062,68464834423	210,174183541859	1	937,315351655765	210,174183541859
2571	1047,40835891494	215,947322654243	1	952,59164108506	215,947322654243
2590	998,117434119621	197,365485496256	1	1001,88256588038	197,365485496256
2607	977,33064007392	162,828357502943	1	1022,66935992608	162,828357502943
2638	933,734770062764	206,318717316382	1	1066,26522993724	206,318717316382
2648	942,719470812653	196,962383319035	1	1057,28052918735	196,962383319035
2664	944,273072281112	192,982045382486	1	1055,72692771889	192,982045382486
2667	946,307947110164	190,133549560366	1	1053,69205288984	190,133549560366
2685	919,534815965649	197,185842672611	1	1080,46518403435	197,185842672611
2706	931,33168858467	191,877510883792	1	1068,66831141533	191,877510883792
2737	934,218306394422	208,11334349014	1	1065,78169360558	208,11334349014
2761	939,642710664573	210,041650833669	1	1060,35728933543	210,041650833669
2771	950,368125560287	197,545047404427	1	1049,63187443971	197,545047404427
2776	984,743171692164	194,84518545753	1	1015,25682830784	194,84518545753
2787	1078,5010835674	214,324112186915	1	921,498916432603	214,324112186915
2800	1138,9103304454	221,270913741186	1	861,089669554596	221,270913741186
2816	1128,23473410939	210,328323601802	1	871,765265890607	210,328323601802
2831	1131,27452559733	234,189122321161	1	868,725474402675	234,189122321161
2849	1130,20271412911	197,46995408568	1	869,797285870885	197,46995408568
2894	1132,39527962255	206,207743832264	1	867,604720377447	206,207743832264
2917	1194,6249428052	262,849784302009	1	805,3750571948	262,849784302009
2935	1197,17003425681	261,285624491419	1	802,829965743191	261,285624491419
2963	1204,36135712234	267,596593936124	1	795,638642877655	267,596593936124
2982	1192,98149171135	241,510982293993	1	807,018508288655	241,510982293993
3031	1189,37868277414	236,855529679592	1	810,621317225863	236,855529679592
3051	1216,84639153898	190,233506166484	1	783,153608461021	190,233506166484
3069	1214,53620896034	192,654372573262	1	785,463791039663	192,654372573262
3104	1243,40890847184	198,631869945099	1	756,59109152816	198,631869945099
3156	1210,29749369792	213,963651873039	1	789,702506302081	213,963651873039
3159	1186,28426793169	192,349323210015	1	813,715732068305	192,349323210015
3162	1175,16498167521	183,870766249271	1	824,835018324791	183,870766249271
3164	1170,71346131907	193,649761206769	1	829,286538680934	193,649761206769
3191	1155,50001153723	188,77603019597	1	844,499988462773	188,77603019597
3206	1144,99172893539	205,860972387722	1	855,008271064612	205,860972387722
3222	1150,10494588972	205,616449327649	1	849,895054110281	205,616449327649
3235	1148,66379569386	207,036712952017	1	851,336204306142	207,036712952017
3263	1147,34156266552	215,703434149003	1	852,658437334481	215,703434149003
3265	1156,48481118105	210,218886670976	1	843,515188818952	210,218886670976
3278	1180,07046491245	182,173662247671	1	819,929535087551	182,173662247671
3300	1162,83158061232	212,80892316653	1	837,168419387679	212,80892316653
3312	1160,91544234676	221,146489131112	1	839,084557653238	221,146489131112
3337	1172,23064334534	211,570175056636	1	827,769356654655	211,570175056636
3359	1154,66794299803	245,93046046674	1	845,332057001966	245,93046046674
3376	1146,01713883669	252,578674970076	1	853,982861163307	252,578674970076
3382	1148,91272822535	260,492496488231	1	851,087271774646	260,492496488231
3406	1158,73102870502	258,670138953351	1	841,268971294983	258,670138953351
3418	1150,84566487094	265,764658356257	1	849,154335129059	265,764658356257
3431	1139,19131655654	256,197591275889	1	860,808683443463	256,197591275889
3444	1136,56310701743	244,179507723575	1	863,436892982566	244,179507723575
3467	1144,73808648784	217,502192879195	1	855,261913512164	217,502192879195
3499	1144,2269779442	212,340096951227	1	855,7730220558	212,340096951227
3504	1137,30833010723	209,99170085929	1	862,691669892772	209,99170085929
3526	1141,85327462206	217,827141559245	1	858,146725377938	217,827141559245
3539	1136,262632808	249,077315505933	1	863,737367192004	249,077315505933
3564	1128,43646647337	271,522035762759	1	871,563533526631	271,522035762759
3605	1120,64393653103	263,9757847189	1	879,356063468967	263,9757847189
3609	1057,48102720071	245,4583255349	1	942,518972799286	245,4583255349
3616	1052,43042501121	210,050624995278	1	947,569574988792	210,050624995278
3625	1043,6694330653	191,219351320408	1	956,330566934696	191,219351320408
3639	1042,92935249054	137,054395591972	0			957,070647509464	137,054395591972
3657	1038,71603674114	121,509922649134	0			961,283963258865	121,509922649134
3664	1031,58692290107	135,179908320236	0			968,41307709893	135,179908320236
3685	1016,24872882145	115,741729331261	0			983,751271178547	115,741729331261
3696	1021,77806391343	95,623917627319	0			978,221936086574	95,623917627319
3713	1022,91765199405	102,251179418074	0			977,082348005952	102,251179418074
3726	1021,96718429481	114,094651134901	0			978,032815705193	114,094651134901
3747	1046,25529916705	145,958079796394	0			953,744700832946	145,958079796394
3772	1059,75592175836	171,933093801033	1	940,244078241638	171,933093801033
3788	1099,08873787727	137,964624836192	0			900,91126212273	137,964624836192
3806	1075,97727958349	144,738565405902	0			924,022720416511	144,738565405902
3814	1077,17768071803	177,536010531883	1	922,822319281969	177,536010531883
3833	1124,73090123063	311,06160140438	1	875,269098769374	311,06160140438
3848	1098,74562774963	279,095253757927	1	901,254372250368	279,095253757927
3866	1115,74651401736	296,838929257964	1	884,253485982638	296,838929257964
3880	1102,56708725797	291,561382785995	1	897,432912742031	291,561382785995
3897	1099,99699175835	271,791741796484	1	900,003008241649	271,791741796484
3911	1105,91229313333	269,7198181557	1	894,087706866668	269,7198181557
3937	1046,01666049073	157,315496009278	1	953,983339509271	157,315496009278
3957	1029,57375091998	129,627415640347	0			970,426249080022	129,627415640347
3965	1039,33918299908	145,025886474591	0			960,660817000925	145,025886474591
3980	1056,30153707645	173,272314486183	1	943,698462923553	173,272314486183
3997	874,138520268394	61,4931311357369	0			1125,86147973161	61,4931311357369
4011	861,220657569483	59,4686393521924	0			1138,77934243052	59,4686393521924
4034	856,842486096352	89,7110507085871	0			1143,15751390365	89,7110507085871
4047	852,315495774722	128,723229555104	0			1147,68450422528	128,723229555104
4080	840,228817746651	129,294438000422	0			1159,77118225335	129,294438000422
4101	879,51569760561	181,591285070723	1	1120,48430239439	181,591285070723
4104	892,305942045816	196,18222069292	1	1107,69405795418	196,18222069292
4118	898,068571416966	179,520165148857	1	1101,93142858303	179,520165148857
4135	893,479303398623	164,294973049604	1	1106,52069660138	164,294973049604
4151	883,891973773598	159,204371442501	1	1116,1080262264	159,204371442501
4166	890,425587192569	164,333867909512	1	1109,57441280743	164,333867909512
4179	881,670771482503	169,513126333214	1	1118,3292285175	169,513126333214
4196	888,364590467525	168,755962297359	1	1111,63540953248	168,755962297359
4211	886,354291399024	173,890569120931	1	1113,64570860098	173,890569120931
4238	887,066476837908	176,304722545479	1	1112,93352316209	176,304722545479
4256	874,570167100415	172,32282936198	1	1125,42983289959	172,32282936198
4271	868,50693068302	138,500322327459	0			1131,49306931698	138,500322327459
4280	848,283660276263	113,176817035176	0			1151,71633972374	113,176817035176
4298	841,847934769252	113,366063868956	0			1158,15206523075	113,366063868956
4317	840,549283850469	113,068167552525	0			1159,45071614953	113,068167552525
4327	856,57605802428	101,918249203224	0			1143,42394197572	101,918249203224
4343	855,730010456326	103,134500379608	0			1144,26998954367	103,134500379608
4359	855,459641127565	103,704306821389	0			1144,54035887244	103,704306821389
4397	906,858543770932	96,552820760295	0			1093,14145622907	96,552820760295
4402	884,040764749934	112,255353795666	0			1115,95923525007	112,255353795666
4418	886,327433628515	110,655714888621	0			1113,67256637148	110,655714888621
4434	867,323369937596	139,682255194635	0			1132,6766300624	139,682255194635
4445	868,480403596433	138,076209265061	0			1131,51959640357	138,076209265061
4461	842,734871664422	130,156253260532	0			1157,26512833558	130,156253260532
4483	857,262179900921	122,646923495594	0			1142,73782009908	122,646923495594
4499	859,967933109099	109,681645617455	0			1140,0320668909	109,681645617455
4509	847,430958137973	119,572793808395	0			1152,56904186203	119,572793808395
4558	843,611523390826	118,468909360175	0			1156,38847660917	118,468909360175
4572	842,914013082118	121,221360576822	0			1157,08598691788	121,221360576822
4576	848,094633789099	128,228485811224	0			1151,9053662109	128,228485811224
4582	879,450877114059	121,795500256081	0			1120,54912288594	121,795500256081
4605	868,22013850805	110,445029386986	0			1131,77986149195	110,445029386986
4617	879,747812449205	89,9005767848441	0			1120,25218755079	89,9005767848441
4635	880,225435026194	87,8295884051918	0			1119,77456497381	87,8295884051918
4644	868,163127472773	115,679366355793	0			1131,83687252723	115,679366355793
4657	871,580221878807	119,488661748786	0			1128,41977812119	119,488661748786
4694	877,555800378183	95,9106352466131	0			1122,44419962182	95,9106352466131
4703	876,794769011667	108,255131660899	0			1123,20523098833	108,255131660899
4716	878,397138917504	129,096535626697	0			1121,6028610825	129,096535626697
4732	898,016378445501	131,065979409117	0			1101,9836215545	131,065979409117
4753	894,70415270313	133,457661398366	0			1105,29584729687	133,457661398366
4768	910,289196992577	145,888184541052	0			1089,71080300742	145,888184541052
4780	937,668973438822	146,789611488565	0			1062,33102656118	146,789611488565
4790	937,990818625519	137,77400973799	0			1062,00918137448	137,77400973799
4808	926,1676841705	157,965889399507	1	1073,8323158295	157,965889399507
4835	919,471078236253	168,595513060454	1	1080,52892176375	168,595513060454
4865	912,813165482329	149,39242113372	0			1087,18683451767	149,39242113372
4873	883,492603985395	124,885565590459	0			1116,50739601461	124,885565590459
4895	891,382262607185	121,379800544436	0			1108,61773739282	121,379800544436
4897	895,389812091919	121,761039104565	0			1104,61018790808	121,761039104565
4921	862,589582175283	116,718052359084	0			1137,41041782472	116,718052359084
4926	872,816425218529	104,011588077066	0			1127,18357478147	104,011588077066
4944	878,351803392242	87,0226232620362	0			1121,64819660776	87,0226232620362
4954	872,496609043353	86,6006211140158	0			1127,50339095665	86,6006211140158
4985	882,224092182421	57,809175276374	0			1117,77590781758	57,809175276374
5000	880,285576384333	79,4626795506191	0			1119,71442361567	79,4626795506191
5033	891,43433803312	108,850934729367	0			1108,56566196688	108,850934729367
5039	896,296860972015	96,4384552930606	0			1103,70313902799	96,4384552930606
5063	933,269108477093	120,397374989389	0			1066,73089152291	120,397374989389
5073	932,440356661319	83,9380016092185	0			1067,55964333868	83,9380016092185
5078	911,355282299416	77,7941395192586	0			1088,64471770058	77,7941395192586
5105	892,773414166027	75,5826066781546	0			1107,22658583397	75,5826066781546
5115	888,311848224509	74,6444767240231	0			1111,68815177549	74,6444767240231
5135	862,973122302999	72,2271864845186	0			1137,026877697	72,2271864845186
5165	858,574286071524	60,8982143039486	0			1141,42571392848	60,8982143039486
5174	883,750979562605	44,9511327821981	0			1116,2490204374	44,9511327821981
5181	878,533115914797	40,8644178842783	0			1121,4668840852	40,8644178842783
5197	872,452119854305	52,7383524579818	0			1127,5478801457	52,7383524579818
5211	879,576549072861	63,2521620186695	0			1120,42345092714	63,2521620186695
5224	890,022184046476	87,7030703770015	0			1109,97781595352	87,7030703770015
5246	889,202922267274	92,2677771499483	0			1110,79707773273	92,2677771499483
5259	928,693021111389	102,617629519647	0			1071,30697888861	102,617629519647
5291	951,208780935105	116,338918736884	0			1048,79121906489	116,338918736884
5304	953,565427975341	120,583402074947	0			1046,43457202466	120,583402074947
5321	897,456849335446	122,155906561589	0			1102,54315066455	122,155906561589
5330	906,631661148695	130,916229276097	0			1093,36833885131	130,916229276097
5344	909,231661216198	136,562636568495	0			1090,7683387838	136,562636568495
5360	888,230724515349	135,834304268227	0			1111,76927548465	135,834304268227
5375	879,241590583975	138,660919173621	0			1120,75840941603	138,660919173621
5397	881,679961643227	133,65470427622	0			1118,32003835677	133,65470427622
5406	876,520116990024	181,133183128061	1	1123,47988300998	181,133183128061
5438	892,668059132004	163,220360639862	1	1107,331940868	163,220360639862
5450	884,410626936164	147,28893834112	0			1115,58937306384	147,28893834112
5469	889,62843841094	138,600478087357	0			1110,37156158906	138,600478087357
5504	883,958984468567	132,324245465236	0			1116,04101553143	132,324245465236
5521	878,200490722164	114,752305052313	0			1121,79950927784	114,752305052313
5533	903,759686055221	88,8564508168124	0			1096,24031394478	88,8564508168124
5558	884,487998576556	97,2144072565295	0			1115,51200142344	97,2144072565295
5592	905,451593518089	135,894463137433	0			1094,54840648191	135,894463137433
5611	902,779957056618	123,446373914846	0			1097,22004294338	123,446373914846
5625	899,509484199745	126,60144612239	0			1100,49051580026	126,60144612239
5634	890,751972843302	120,509003169081	0			1109,2480271567	120,509003169081
5645	883,932549107105	103,832824235575	0			1116,06745089289	103,832824235575
5665	867,437431873595	101,802377926349	0			1132,56256812641	101,802377926349
5717	854,349994958534	101,734623360711	0			1145,65000504147	101,734623360711
5722	839,258599429439	141,123957746196	0			1160,74140057056	141,123957746196
5730	834,389901607088	161,133643042011	1	1165,61009839291	161,133643042011
5749	840,431650146637	131,209824722746	0			1159,56834985336	131,209824722746
5762	849,162979495807	119,591413064119	0			1150,83702050419	119,591413064119
5782	857,026649889739	129,953816841553	0			1142,97335011026	129,953816841553
5812	914,365722925848	158,282547876147	1	1085,63427707415	158,282547876147
5833	953,987477975683	176,945519719164	1	1046,01252202432	176,945519719164
5844	972,931522618063	172,104952590797	1	1027,06847738194	172,104952590797
5864	993,625732391425	178,666321674536	1	1006,37426760858	178,666321674536
5890	1016,49145447348	175,599741941796	1	983,508545526517	175,599741941796
5906	1078,02615059451	189,049100754941	1	921,973849405488	189,049100754941
5928	1077,65982623025	195,37493390087	1	922,340173769752	195,37493390087
5942	1112,24605926462	216,968092567929	1	887,75394073538	216,968092567929
5975	1136,79563736084	215,029838996562	1	863,204362639156	215,029838996562
5979	1143,441745344	212,337289400203	1	856,558254655999	212,337289400203
5984	1140,54138900778	212,959870226759	1	859,458610992218	212,959870226759
6019	1165,77978464697	223,024502096324	1	834,220215353029	223,024502096324
6026	1172,4477125919	224,037371946902	1	827,5522874081	224,037371946902
6045	1173,21793344633	217,332968860762	1	826,782066553668	217,332968860762
6057	1186,98744425029	217,631421548787	1	813,012555749714	217,631421548787
6066	1179,07896216155	216,034591991501	1	820,921037838448	216,034591991501
6080	1195,11683448023	212,194031868962	1	804,883165519772	212,194031868962
6095	1196,81018090987	212,009960274651	1	803,189819090131	212,009960274651
6115	1142,8729891866	197,361035184819	1	857,127010813405	197,361035184819
6126	1139,77078098792	198,510418473304	1	860,229219012075	198,510418473304
6143	1152,45993201555	221,998212178683	1	847,540067984446	221,998212178683
6167	1153,25766071533	244,511679006321	1	846,742339284668	244,511679006321
6204	1133,93834469057	230,665340068781	1	866,061655309431	230,665340068781
6208	1132,41173912259	240,741244416482	1	867,588260877408	240,741244416482
6222	1142,53786788598	229,233237195339	1	857,462132114019	229,233237195339
6238	1153,22433528447	174,407105062832	1	846,77566471553	174,407105062832
6264	1164,97915126368	171,366346929254	1	835,020848736318	171,366346929254
6277	1174,17240007438	194,471112322562	1	825,82759992562	194,471112322562
6279	1178,50447778884	193,655710216868	1	821,49552221116	193,655710216868
6293	1172,15001011198	192,222673911282	1	827,849989888018	192,222673911282
6307	1166,31558224344	202,208426673611	1	833,684417756557	202,208426673611
6342	1162,38846983647	182,579063259335	1	837,611530163532	182,579063259335
6355	1154,95504417103	200,967896386679	1	845,044955828968	200,967896386679
6388	1155,41471653578	206,322594383314	1	844,585283464222	206,322594383314
6398	1151,85068170183	215,496821454553	1	848,149318298166	215,496821454553
6400	1150,64612769316	198,893215543376	1	849,353872306839	198,893215543376
6415	1119,5961432509	232,592800841025	1	880,403856749096	232,592800841025
6431	1122,56206299497	246,423981776489	1	877,437937005027	246,423981776489
6463	1142,94539978416	243,917242809917	1	857,054600215844	243,917242809917
6487	1156,53752787878	243,431521946631	1	843,462472121221	243,431521946631
6504	1155,92062673483	237,158099782469	1	844,079373265171	237,158099782469
6507	1174,25567555564	233,689022154883	1	825,744324444361	233,689022154883
6522	1178,76244190445	234,009468300256	1	821,237558095552	234,009468300256
6535	1178,98971738419	242,297908314638	1	821,010282615813	242,297908314638
6548	1182,36652611561	234,215260864212	1	817,633473884386	234,215260864212
6566	1162,2195697245	189,777292583666	1	837,780430275499	189,777292583666
6582	1161,02080153497	198,608203639083	1	838,979198465027	198,608203639083
6614	1147,23617077876	190,630187664984	1	852,763829221238	190,630187664984
6635	1148,13448115217	239,763986883291	1	851,865518847834	239,763986883291
6667	1140,24990813787	216,249217107566	1	859,750091862134	216,249217107566
6683	1177,84311253934	280,494360941494	1	822,156887460664	280,494360941494
6704	1167,7681039672	276,452357812162	1	832,231896032803	276,452357812162
6719	1187,68504684981	217,546104206733	1	812,314953150188	217,546104206733
6749	1272,54336255686	290,182474055494	1	727,456637443142	290,182474055494
6761	1273,84052618727	284,281749733666	1	726,159473812726	284,281749733666
6787	1431,93811150775	480,56656543138	0			568,061888492246	480,56656543138
6800	1451,68707031893	543,621586867792	0			548,312929681067	543,621586867792
6821	1453,41075744477	515,170444326845	0			546,589242555226	515,170444326845
6839	1472,51870405791	506,226862183928	0			527,481295942089	506,226862183928
6855	1473,45395224636	498,655794907878	0			526,546047753643	498,655794907878
6862	1471,21964367665	502,883780298802	0			528,780356323354	502,883780298802
6884	1471,73533759497	503,576464194491	0			528,264662405029	503,576464194491
6891	1466,78231811471	515,74625750067	0			533,217681885289	515,74625750067
6911	1458,38316078384	532,025464339121	0			541,616839216157	532,025464339121
6980	1432,0464688673	590,700249578577	0			567,953531132697	590,700249578577
6989	1430,6971129643	601,517604358392	0			569,302887035699	601,517604358392
6999	1440,64823353525	541,969616054828	0			559,351766464751	541,969616054828
7003	1441,47229177425	537,977227259715	0			558,527708225754	537,977227259715
7006	1456,78611581077	559,098635978439	0			543,213884189229	559,098635978439
7018	1476,6520713485	544,782175316021	0			523,347928651499	544,782175316021
7031	1461,84899921881	585,739353629001	0			538,151000781186	585,739353629001
7042	1469,28969559168	580,402626304327	0			530,710304408321	580,402626304327
7057	1469,1956095949	584,846122341171	0			530,804390405102	584,846122341171
7090	1480,43504670264	578,999451982505	0			519,564953297365	578,999451982505
7103	1480,02903231551	599,220781758343	0			519,970967684489	599,220781758343
7119	1476,29926173543	609,310314044586	0			523,700738264571	609,310314044586
7135	1476,11425180679	622,464140708477	0			523,885748193209	622,464140708477
7163	1481,87094485982	620,710819248114	0			518,129055140181	620,710819248114
7165	1484,05360321403	615,11607663635	0			515,94639678597	615,11607663635
7176	1474,61256327211	621,897984083354	0			525,38743672789	621,897984083354
7200	1480,65771528584	590,685449090599	0			519,342284714161	590,685449090599
7208	1445,63024588726	608,369998851955	0			554,36975411274	608,369998851955
7241	1439,55207253062	609,707559785406	0			560,447927469382	609,707559785406
7257	1442,60801956634	580,483289462865	0			557,391980433658	580,483289462865
7265	1432,80934473296	606,881760838251	0			567,190655267041	606,881760838251
7290	1435,15433713865	611,584538511219	0			564,845662861345	611,584538511219
7296	1435,33049161193	611,065000912024	0			564,66950838807	611,065000912024
7318	1434,71417017517	596,305445145812	0			565,28582982483	596,305445145812
7328	1436,77405494108	583,762942016806	0			563,225945058921	583,762942016806
7344	1437,8111687462	598,599308026175	0			562,188831253802	598,599308026175
7364	1438,41671779198	589,181785554681	0			561,583282208024	589,181785554681
7405	1447,83918932573	542,336072225825	0			552,160810674265	542,336072225825
7438	1440,53399902371	558,984029425601	0			559,466000976294	558,984029425601
7445	1452,17195868424	601,313383348686	0			547,828041315755	601,313383348686
7453	1443,23412533623	616,761528628334	0			556,765874663774	616,761528628334
7458	1436,78174483141	615,7940433596	0			563,218255168595	615,7940433596
7463	1454,8601443054	596,127892511788	0			545,139855694599	596,127892511788
7494	1454,84661643212	542,23867356219	0			545,153383567878	542,23867356219
7496	1457,93132698873	528,925521868754	0			542,068673011274	528,925521868754
7509	1479,70379910645	553,173006280467	0			520,296200893554	553,173006280467
7537	1471,25799750618	574,596960681264	0			528,742002493822	574,596960681264
7565	1457,18159425457	589,268772876868	0			542,818405745432	589,268772876868
7582	1452,59658299688	581,967865998493	0			547,403417003123	581,967865998493
7612	1190,23806244804	670,556887982748	1	809,761937551965	670,556887982748
7626	770,721900294101	801,759672928303	1	1229,2780997059	801,759672928303
7638	718,169703935595	837,209144457391	1	1281,83029606441	837,209144457391
7651	700,584975485564	849,200823521728	1	1299,41502451444	849,200823521728
7663	683,50559168186	856,381145661767	1	1316,49440831814	856,381145661767
7694	697,302492630106	847,489821499222	1	1302,69750736989	847,489821499222
7719	711,841071374286	836,930913729719	1	1288,15892862571	836,930913729719
7739	698,136893847107	854,921315105451	1	1301,86310615289	854,921315105451
7761	702,755541768873	869,840795655635	1	1297,24445823113	869,840795655635
7768	702,780534965754	866,718838249452	1	1297,21946503425	866,718838249452
7786	697,09054616623	866,915586851962	1	1302,90945383377	866,915586851962
7789	693,371191021378	884,976624117987	1	1306,62880897862	884,976624117987
7793	690,174555500136	894,625298470914	1	1309,82544449986	894,625298470914
7808	684,929177516772	909,096748951065	1	1315,07082248323	909,096748951065
7836	675,86379310979	935,827067790971	1	1324,13620689021	935,827067790971
7853	689,357789401683	938,063240838556	1	1310,64221059832	938,063240838556
7882	689,867316164169	920,871102748149	1	1310,13268383583	920,871102748149
7909	690,649197525578	915,8316431695	1	1309,35080247442	915,8316431695
7943	690,71566647437	905,704008004996	1	1309,28433352563	905,704008004996
7964	690,931625563513	899,055533770522	1	1309,06837443649	899,055533770522
7971	682,166779847974	883,466950511748	1	1317,83322015203	883,466950511748
7974	682,420857735694	865,917027676882	1	1317,57914226431	865,917027676882
7992	681,881772543034	863,83481676824	1	1318,11822745697	863,83481676824
8013	681,461905027475	864,376593971968	1	1318,53809497252	864,376593971968
8025	674,391570586419	874,966666819848	1	1325,60842941358	874,966666819848
8046	671,107886849453	881,651230485553	1	1328,89211315055	881,651230485553
8052	668,597005030131	889,884201982853	1	1331,40299496987	889,884201982853
8066	669,365584399482	892,246328560637	1	1330,63441560052	892,246328560637
8086	673,570691881034	897,974707947425	1	1326,42930811897	897,974707947425
8102	675,080932779633	897,604364790124	1	1324,91906722037	897,604364790124
8118	675,841873515898	895,779660211263	1	1324,1581264841	895,779660211263
8142	686,870491745932	902,082768226489	1	1313,12950825407	902,082768226489
8155	687,420704360516	902,503139190512	1	1312,57929563948	902,503139190512
8172	683,69506183539	901,543969296136	1	1316,30493816461	901,543969296136
8183	686,887374022942	904,288196987797	1	1313,11262597706	904,288196987797
8201	687,828597476348	890,391798108357	1	1312,17140252365	890,391798108357
8215	688,675547909663	883,733694559649	1	1311,32445209034	883,733694559649
8232	684,560854532091	885,092131375626	1	1315,43914546791	885,092131375626
8248	685,997421995459	889,581486340428	1	1314,00257800454	889,581486340428
8260	685,323797914057	896,444395211669	1	1314,67620208594	896,444395211669
8284	683,864380268878	907,815464062738	1	1316,13561973112	907,815464062738
8303	683,71552160148	904,845551851754	1	1316,28447839852	904,845551851754
8322	683,870664257901	904,861370703678	1	1316,1293357421	904,861370703678
8339	686,991499456039	912,523110065229	1	1313,00850054396	912,523110065229
8363	687,644393268786	911,370006068901	1	1312,35560673121	911,370006068901
8391	691,747802812882	904,837327902845	1	1308,25219718712	904,837327902845
8396	692,938616104125	901,595017656753	1	1307,06138389587	901,595017656753
8398	691,762712413536	901,737053406152	1	1308,23728758646	901,737053406152
8431	692,257149795456	901,027003185005	1	1307,74285020454	901,027003185005
8462	692,131872143901	899,922338564246	1	1307,8681278561	899,922338564246
8465	688,697253095967	897,194037591766	1	1311,30274690403	897,194037591766
8467	671,705772653309	863,17409205827	1	1328,29422734669	863,17409205827
8493	672,68972151655	866,450094457917	1	1327,31027848345	866,450094457917
8524	671,576465402573	864,211536559296	1	1328,42353459743	864,211536559296
8527	678,538567633894	877,346649652419	1	1321,46143236611	877,346649652419
8532	678,952099259213	879,065584562523	1	1321,04790074079	879,065584562523
8547	678,476412912868	879,672720333067	1	1321,52358708713	879,672720333067
8573	676,631783702393	883,274582255724	1	1323,36821629761	883,274582255724
8591	678,971503556099	888,812967235853	1	1321,0284964439	888,812967235853
8609	671,395205589169	903,605108729301	1	1328,60479441083	903,605108729301
8629	670,056182613124	902,885858630703	1	1329,94381738688	902,885858630703
8632	672,270425983295	904,731077647563	1	1327,7295740167	904,731077647563
8648	668,065998179433	907,721735384323	1	1331,93400182057	907,721735384323
8672	673,27086879167	905,120309755755	1	1326,72913120833	905,120309755755
8691	672,746919991733	902,430560173374	1	1327,25308000827	902,430560173374
8693	673,85189487125	901,336587700854	1	1326,14810512875	901,336587700854
8714	676,102597342449	903,369915384351	1	1323,89740265755	903,369915384351
8736	687,744579598353	903,61881090072	1	1312,25542040165	903,61881090072
8756	686,963659127418	902,598056273838	1	1313,03634087258	902,598056273838
8775	684,829358851312	896,885529534802	1	1315,17064114869	896,885529534802
8783	683,526943760919	895,553703896314	1	1316,47305623908	895,553703896314
8801	678,820449452997	880,63333740398	1	1321,179550547	880,63333740398
8826	676,725934553648	877,822376477733	1	1323,27406544635	877,822376477733
8830	670,849474183632	918,196026551165	1	1329,15052581637	918,196026551165
8860	670,043095299093	921,858005083167	1	1329,95690470091	921,858005083167
8871	669,766764335615	910,736229409443	1	1330,23323566439	910,736229409443
8901	668,927578334487	912,415910109304	1	1331,07242166551	912,415910109304
8921	664,863280562404	907,202224667051	1	1335,1367194376	907,202224667051
8926	666,884502990481	904,005911606256	1	1333,11549700952	904,005911606256
8934	664,651898282439	907,018997020841	1	1335,34810171756	907,018997020841
8970	663,475714077201	922,640368862608	1	1336,5242859228	922,640368862608
8972	666,491177494552	915,572825500551	1	1333,50882250545	915,572825500551
8979	670,159365121322	907,783341021751	1	1329,84063487868	907,783341021751
9000	674,444850499673	909,510096883119	1	1325,55514950033	909,510096883119
9018	675,63614568322	907,712738246626	1	1324,36385431678	907,712738246626
9040	678,808179359987	905,309513137945	1	1321,19182064001	905,309513137945
9066	681,062495065468	911,18855624412	1	1318,93750493453	911,18855624412
9076	682,382939221926	912,021660856459	1	1317,61706077807	912,021660856459
9105	682,306236196344	912,210689952922	1	1317,69376380366	912,210689952922
9116	684,261629213079	909,648295431481	1	1315,73837078692	909,648295431481
9126	682,241348053113	909,072543252553	1	1317,75865194689	909,072543252553
9140	683,087191213474	908,839606352979	1	1316,91280878653	908,839606352979
9166	686,495486725642	908,930508438025	1	1313,50451327436	908,930508438025
9196	686,688028019047	907,027484729904	1	1313,31197198095	907,027484729904
9207	683,043796004251	907,329952226558	1	1316,95620399575	907,329952226558
9229	681,215586812592	906,62105856264	1	1318,78441318741	906,62105856264
9232	680,837249798628	909,714187758773	1	1319,16275020137	909,714187758773
9254	682,013651963933	905,964854223995	1	1317,98634803607	905,964854223995
9269	680,760055016508	904,970559162562	1	1319,23994498349	904,970559162562
9277	678,194619021035	907,100360709729	1	1321,80538097896	907,100360709729
9294	684,587545413492	915,045176704719	1	1315,41245458651	915,045176704719
9311	691,18909648006	922,995586359413	1	1308,81090351994	922,995586359413
9345	688,911212992536	939,610721227827	1	1311,08878700746	939,610721227827
9370	695,164867154287	941,753849920256	1	1304,83513284571	941,753849920256
9380	694,82583870253	935,245142292646	1	1305,17416129747	935,245142292646
9385	699,880271562934	925,403983859503	1	1300,11972843707	925,403983859503
9402	704,133264965119	932,539333628042	1	1295,86673503488	932,539333628042
9430	707,534901432826	929,028042871816	1	1292,46509856717	929,028042871816
9435	699,533618524902	925,019345531928	1	1300,4663814751	925,019345531928
9455	696,80822919256	928,789113506861	1	1303,19177080744	928,789113506861
9459	696,692929688662	934,785041112764	1	1303,30707031134	934,785041112764
9493	694,893690279658	941,494449263688	1	1305,10630972034	941,494449263688
9508	701,519216930972	929,488440836943	1	1298,48078306903	929,488440836943
9523	702,833375162073	928,267555562878	1	1297,16662483793	928,267555562878
9549	702,165686759213	930,796606473622	1	1297,83431324079	930,796606473622
9554	702,27663811801	931,984848621492	1	1297,72336188199	931,984848621492
9572	696,879127897138	944,048067331356	1	1303,12087210286	944,048067331356
9595	691,862419189535	924,982662989893	1	1308,13758081046	924,982662989893
9600	693,08669591128	928,714783800586	1	1306,91330408872	928,714783800586
9613	691,596997261244	872,83917703271	1	1308,40300273876	872,83917703271
9802	664,696307629829	916,30592233417	1	1335,30369237017	916,30592233417
9820	669,313478932797	901,288555128746	1	1330,6865210672	901,288555128746
9877	651,137399763044	935,599061244142	1	1348,86260023696	935,599061244142
9880	646,529778720722	952,130555168239	1	1353,47022127928	952,130555168239
9884	643,973221748388	957,887237394116	1	1356,02677825161	957,887237394116
9905	652,54550702424	970,269575863121	1	1347,45449297576	970,269575863121
9910	663,896004475759	967,007932523621	1	1336,10399552424	967,007932523621
9940	670,048579395372	959,429688475749	1	1329,95142060463	959,429688475749
9963	675,681841796444	949,116642526796	1	1324,31815820356	949,116642526796
9982	677,313020092733	938,827221796928	1	1322,68697990727	938,827221796928
9995	680,306207121666	932,253615733197	1	1319,69379287833	932,253615733197
10000	693,653689367909	935,940729137195	1	1306,34631063209	935,940729137195
