6	789,477506932941	820,246874280466	1	1210,52249306706	820,246874280466
32	794,913062366981	814,879689252219	1	1205,08693763302	814,879689252219
49	795,174843094842	817,851738252189	1	1204,82515690516	817,851738252189
62	794,671427702892	818,943199522933	1	1205,32857229711	818,943199522933
76	790,465415611736	826,053878832592	1	1209,53458438826	826,053878832592
90	785,768200235391	833,105144211665	1	1214,23179976461	833,105144211665
104	786,245234709229	831,739413715028	1	1213,75476529077	831,739413715028
122	789,93171550883	821,271405896079	1	1210,06828449117	821,271405896079
136	791,472404744736	817,803246300427	1	1208,52759525526	817,803246300427
151	792,196112153443	817,821979262927	1	1207,80388784656	817,821979262927
184	796,766004458514	812,116428769542	1	1203,23399554149	812,116428769542
233	798,044708897542	813,297283779332	1	1201,95529110246	813,297283779332
259	801,936741156824	818,860451332695	1	1198,06325884318	818,860451332695
261	803,258305861125	815,880514351806	1	1196,74169413888	815,880514351806
262	803,546234454032	817,313451361382	1	1196,45376554597	817,313451361382
263	801,720719652291	812,574434892543	1	1198,27928034771	812,574434892543
276	800,510203650817	809,703341669274	1	1199,48979634918	809,703341669274
288	798,175455170054	809,274857283173	1	1201,82454482995	809,274857283173
301	797,551987691143	811,187580774194	1	1202,44801230886	811,187580774194
327	796,206080802468	809,839321285784	1	1203,79391919753	809,839321285784
347	796,558746430717	811,85674420744	1	1203,44125356928	811,85674420744
361	794,441603196591	828,097813412215	1	1205,55839680341	828,097813412215
375	794,15879962936	835,17057430911	1	1205,84120037064	835,17057430911
396	795,317661988582	833,118374246341	1	1204,68233801142	833,118374246341
406	795,166806052157	833,944778097669	1	1204,83319394784	833,944778097669
421	822,686243339285	760,3893656089	1	1177,31375666072	760,3893656089
437	827,205578985844	746,001862877299	1	1172,79442101416	746,001862877299
452	829,662855274214	735,016339105843	1	1170,33714472579	735,016339105843
481	840,973639661718	708,56449174519	1	1159,02636033828	708,56449174519
498	841,905558311345	717,776341742029	1	1158,09444168866	717,776341742029
508	859,308234260226	699,78665386115	1	1140,69176573977	699,78665386115
529	863,389870078044	685,379815493464	1	1136,61012992196	685,379815493464
540	862,601126318639	689,027243937371	1	1137,39887368136	689,027243937371
554	861,190881987933	695,010042659118	1	1138,80911801207	695,010042659118
571	861,122206478673	694,091656096535	1	1138,87779352133	694,091656096535
585	857,44173638262	691,194034347323	1	1142,55826361738	691,194034347323
600	855,786434391189	686,071341667097	1	1144,21356560881	686,071341667097
632	851,085681322716	686,956534506181	1	1148,91431867728	686,956534506181
645	844,837192606085	654,240520055654	1	1155,16280739391	654,240520055654
665	844,07378946509	657,82788101079	1	1155,92621053491	657,82788101079
687	839,908063138722	667,380477569783	1	1160,09193686128	667,380477569783
705	813,159942787372	684,542452745226	1	1186,84005721263	684,542452745226
709	813,257376384321	687,945676494242	1	1186,74262361568	687,945676494242
726	794,447118172849	706,90502270036	1	1205,55288182715	706,90502270036
736	793,041910935611	716,539417342098	1	1206,95808906439	716,539417342098
751	790,908123806877	719,537876435849	1	1209,09187619312	719,537876435849
780	785,998733383695	732,287198126319	1	1214,0012666163	732,287198126319
797	789,616904586656	738,470679572049	1	1210,38309541334	738,470679572049
816	796,725295663907	768,218185459214	1	1203,27470433609	768,218185459214
828	797,989128657599	761,660926811233	1	1202,0108713424	761,660926811233
841	797,356669450358	762,636942821062	1	1202,64333054964	762,636942821062
856	795,378372541723	769,128288076547	1	1204,62162745828	769,128288076547
869	793,747077281776	765,786864672563	1	1206,25292271822	765,786864672563
888	789,292134020213	756,54472757568	1	1210,70786597979	756,54472757568
902	788,042883044664	754,365038942891	1	1211,95711695534	754,365038942891
935	783,095926062991	739,031406571107	1	1216,90407393701	739,031406571107
946	783,153750889145	723,033961984124	1	1216,84624911086	723,033961984124
960	790,040584249206	726,369901135676	1	1209,95941575079	726,369901135676
978	794,707837961637	729,759330172758	1	1205,29216203836	729,759330172758
992	791,620195643074	732,646042783206	1	1208,37980435693	732,646042783206
1005	793,239227878291	736,042173049676	1	1206,76077212171	736,042173049676
1043	794,327438322915	735,814237388132	1	1205,67256167709	735,814237388132
1046	787,351708227533	729,020651376941	1	1212,64829177247	729,020651376941
1059	786,229249340206	733,04116339622	1	1213,77075065979	733,04116339622
1086	767,433463669815	721,133815391447	1	1232,56653633019	721,133815391447
1101	763,784888932732	729,054021846273	1	1236,21511106727	729,054021846273
1119	762,22486870915	729,382702092763	1	1237,77513129085	729,382702092763
1132	761,460444646138	741,689347497295	1	1238,53955535386	741,689347497295
1156	762,133720639088	747,473781458763	1	1237,86627936091	747,473781458763
1170	765,109094748876	763,10409829475	1	1234,89090525112	763,10409829475
1187	771,918650513649	778,008408235426	1	1228,08134948635	778,008408235426
1217	777,295530279083	773,30595534633	1	1222,70446972092	773,30595534633
1229	783,897812734315	762,796386670274	1	1216,10218726569	762,796386670274
1257	781,166723970144	773,122333739221	1	1218,83327602986	773,122333739221
1268	780,204796736932	764,183571875863	1	1219,79520326307	764,183571875863
1280	779,68877800641	740,918817208636	1	1220,31122199359	740,918817208636
1291	780,026748044364	711,456064089266	1	1219,97325195564	711,456064089266
1304	779,834128891815	726,388721516501	1	1220,16587110819	726,388721516501
1317	778,8432122122	724,940813308275	1	1221,1567877878	724,940813308275
1336	778,669595233298	717,572294190793	1	1221,3304047667	717,572294190793
1354	779,151480327155	710,05000707203	1	1220,84851967284	710,05000707203
1385	777,485265356953	753,806919537402	1	1222,51473464305	753,806919537402
1397	779,856666288775	746,584452573492	1	1220,14333371123	746,584452573492
1409	781,667642013216	741,82562925903	1	1218,33235798678	741,82562925903
1429	782,081416871953	736,720846610525	1	1217,91858312805	736,720846610525
1450	784,064635560767	739,244112730935	1	1215,93536443923	739,244112730935
1465	784,880182697267	736,681812914627	1	1215,11981730273	736,681812914627
1489	780,774242326668	731,801102234018	1	1219,22575767333	731,801102234018
1492	766,310807909939	716,533322534316	1	1233,68919209006	716,533322534316
1509	741,536373440394	711,2376081476	1	1258,46362655961	711,2376081476
1531	627,249373717478	680,833036928656	1	1372,75062628252	680,833036928656
1549	573,391117183439	670,513370948369	1	1426,60888281656	670,513370948369
1561	436,261993999887	646,91248884081	1	1563,73800600011	646,91248884081
1578	431,858671009627	630,720933172335	1	1568,14132899037	630,720933172335
1594	439,552430139659	617,705450759541	1	1560,44756986034	617,705450759541
1614	456,499908537782	613,866461488878	1	1543,50009146222	613,866461488878
1629	445,836147651091	614,559769817292	1	1554,16385234891	614,559769817292
1641	447,643410503351	638,309287499607	1	1552,35658949665	638,309287499607
1659	451,602378798948	656,475626863556	1	1548,39762120105	656,475626863556
1679	458,137113505942	679,767703318792	1	1541,86288649406	679,767703318792
1706	457,653264705398	681,086933649583	1	1542,3467352946	681,086933649583
1723	459,213042967058	687,025158785044	1	1540,78695703294	687,025158785044
1729	460,663143218662	681,590747834087	1	1539,33685678134	681,590747834087
1747	459,323608907715	683,421251113392	1	1540,67639109229	683,421251113392
1770	423,720876093109	673,988399422633	1	1576,27912390689	673,988399422633
1800	380,467276892512	664,647399047404	1	1619,53272310749	664,647399047404
1809	152,725438045948	522,316494120047	0			1847,27456195405	522,316494120047
1831	73,4122625376104	473,336891580123	0			1926,58773746239	473,336891580123
1851	55,1895193579338	514,921393192019	0			1944,81048064207	514,921393192019
1861	49,8706801745415	519,390111365747	0			1950,12931982546	519,390111365747
1883	60,7285200513095	528,602692705752	0			1939,27147994869	528,602692705752
1894	78,5456173487455	577,658828964774	0			1921,45438265125	577,658828964774
1931	78,7800380181375	583,481873849417	0			1921,21996198186	583,481873849417
1939	77,2744897134139	572,034208899697	0			1922,72551028659	572,034208899697
1952	81,0714097429129	587,530419131845	0			1918,92859025709	587,530419131845
1955	84,6157917670837	600,64663409519	0			1915,38420823292	600,64663409519
1986	68,0861818925742	591,468571683798	0			1931,91381810743	591,468571683798
1995	17,0752851304932	543,580485961647	0			1982,92471486951	543,580485961647
2017	19,1087133658054	534,780010804549	0			1980,89128663419	534,780010804549
2030	221,979753643496	539,471479533937	0			1778,0202463565	539,471479533937
2046	200,448654986375	525,433171001749	0			1799,55134501363	525,433171001749
2059	255,14188193572	535,518117156644	1	1744,85811806428	535,518117156644
2077	313,001188510243	546,958574722498	1	1686,99881148976	546,958574722498
2099	312,560320371877	550,949557065702	1	1687,43967962812	550,949557065702
2126	467,272717814999	566,699589698564	1	1532,727282185	566,699589698564
2134	472,999556319912	568,267015439792	1	1527,00044368009	568,267015439792
2151	472,399975151557	568,162569686203	1	1527,60002484844	568,162569686203
2166	465,814716841063	566,292172905215	1	1534,18528315894	566,292172905215
2178	465,532941167303	560,703809593625	1	1534,4670588327	560,703809593625
2195	462,796663606543	560,565038079862	1	1537,20333639346	560,565038079862
2207	453,229679403334	562,902313688496	1	1546,77032059667	562,902313688496
2227	450,598879186079	563,807080242687	1	1549,40112081392	563,807080242687
2238	436,308181990579	568,940416743163	1	1563,69181800942	568,940416743163
2255	443,444767801661	554,313395796509	1	1556,55523219834	554,313395796509
2283	667,865501051524	328,07086106164	1	1332,13449894848	328,07086106164
2295	661,963793362521	298,653472549073	1	1338,03620663748	298,653472549073
2310	659,072162720895	292,45915621605	1	1340,9278372791	292,45915621605
2325	688,195811593654	267,169457059586	1	1311,80418840635	267,169457059586
2345	726,603466329107	280,586864866994	1	1273,39653367089	280,586864866994
2357	734,095128970502	272,384527623696	1	1265,9048710295	272,384527623696
2372	742,290132831762	282,541583575618	1	1257,70986716824	282,541583575618
2389	740,402909894868	261,085614605964	1	1259,59709010513	261,085614605964
2399	747,557951719439	250,502736542302	1	1252,44204828056	250,502736542302
2432	796,399074715281	245,904315450809	1	1203,60092528472	245,904315450809
2449	791,930278353876	240,212766802763	1	1208,06972164612	240,212766802763
2459	782,211478354281	235,358227607035	1	1217,78852164572	235,358227607035
2478	777,615984184033	226,692447179951	1	1222,38401581597	226,692447179951
2488	761,755208266658	210,097583302225	1	1238,24479173334	210,097583302225
2504	730,764707174532	184,029264523626	1	1269,23529282547	184,029264523626
2521	729,105214690503	183,783548482917	1	1270,8947853095	183,783548482917
2534	726,635758293325	194,698535617737	1	1273,36424170668	194,698535617737
2575	707,723625316006	247,534344928486	1	1292,27637468399	247,534344928486
2599	696,958225048274	269,70921517412	1	1303,04177495173	269,70921517412
2614	618,37345385332	282,663908170876	1	1381,62654614668	282,663908170876
2626	593,409415703451	295,482826719598	1	1406,59058429655	295,482826719598
2656	557,405062793928	293,934559901535	1	1442,59493720607	293,934559901535
2667	555,492895184282	290,069821475437	1	1444,50710481572	290,069821475437
2699	534,232633302117	284,126109948578	1	1465,76736669788	284,126109948578
2730	519,181222416815	279,042215810479	1	1480,81877758318	279,042215810479
2747	479,779273514016	257,836003823027	1	1520,22072648598	257,836003823027
2760	458,370377747573	237,859928316068	1	1541,62962225243	237,859928316068
2775	435,841396063195	208,631304090002	1	1564,1586039368	208,631304090002
2794	429,000303739609	200,82751829075	1	1570,99969626039	200,82751829075
2804	430,032088721038	190,733355152297	1	1569,96791127896	190,733355152297
2822	437,67895707196	193,461675193697	1	1562,32104292804	193,461675193697
2836	438,451456554739	192,42197119375	1	1561,54854344526	192,42197119375
2850	446,622087958263	200,5280409648	1	1553,37791204174	200,5280409648
2882	442,948751785379	191,885513696544	1	1557,05124821462	191,885513696544
2897	456,580192907091	219,789244351572	1	1543,41980709291	219,789244351572
2909	467,521616860668	238,72285844309	1	1532,47838313933	238,72285844309
2926	467,8682210386	239,893237350326	1	1532,1317789614	239,893237350326
2937	475,19318667246	255,954136506414	1	1524,80681332754	255,954136506414
2958	474,24864492186	252,434383540704	1	1525,75135507814	252,434383540704
2970	469,668985724548	233,140294025934	1	1530,33101427545	233,140294025934
2985	470,023270536829	233,571096562038	1	1529,97672946317	233,571096562038
3002	470,555094896825	236,826107402817	1	1529,44490510318	236,826107402817
3040	472,583935698943	232,822429979017	1	1527,41606430106	232,822429979017
3063	493,370349254909	248,851367398644	1	1506,62965074509	248,851367398644
3075	469,453970132142	245,320962604302	1	1530,54602986786	245,320962604302
3090	474,552543527449	248,740833350736	1	1525,44745647255	248,740833350736
3119	468,077499849971	254,335028285062	1	1531,92250015003	254,335028285062
3133	447,276089228261	264,793168871932	1	1552,72391077174	264,793168871932
3180	403,046078780188	267,93235955457	1	1596,95392121981	267,93235955457
3194	415,000539226348	277,385380521722	1	1584,99946077365	277,385380521722
3211	389,903761905952	290,311929971158	1	1610,09623809405	290,311929971158
3224	376,510547167378	283,612285099657	1	1623,48945283262	283,612285099657
3241	340,668628319028	289,890186278004	1	1659,33137168097	289,890186278004
3253	344,327853730183	299,961712266185	1	1655,67214626982	299,961712266185
3272	347,119796601105	298,899783334154	1	1652,88020339889	298,899783334154
3292	349,902586936211	301,763307387123	1	1650,09741306379	301,763307387123
3303	349,295329579512	304,430354986419	1	1650,70467042049	304,430354986419
3331	349,104818786389	304,227169704299	1	1650,89518121361	304,227169704299
3344	347,34461807757	308,720898273823	1	1652,65538192243	308,720898273823
3361	354,773800083375	333,584976856309	1	1645,22619991663	333,584976856309
3379	356,298691069295	329,617107317064	1	1643,7013089307	329,617107317064
3390	361,935473203412	327,150633407667	1	1638,06452679659	327,150633407667
3406	381,338406357467	332,796537736301	1	1618,66159364253	332,796537736301
3423	427,236616666301	348,201183268638	1	1572,7633833337	348,201183268638
3438	473,639771727159	357,960791560645	1	1526,36022827284	357,960791560645
3452	478,1617136349	360,741790362938	1	1521,8382863651	360,741790362938
3483	625,710775978153	370,373036764017	1	1374,28922402185	370,373036764017
3512	685,905774994562	376,266273306879	1	1314,09422500544	376,266273306879
3530	687,405619041449	397,532480984122	1	1312,59438095855	397,532480984122
3546	684,741433982446	401,783470972922	1	1315,25856601755	401,783470972922
3557	684,57622772796	401,556370258735	1	1315,42377227204	401,556370258735
3569	686,975780915733	403,514014813547	1	1313,02421908427	403,514014813547
3587	685,466657037432	402,575692769955	1	1314,53334296257	402,575692769955
3601	680,94414713459	397,235562514894	1	1319,05585286541	397,235562514894
3632	685,504718071179	378,586956941994	1	1314,49528192882	378,586956941994
3647	689,388193932263	364,201968196551	1	1310,61180606774	364,201968196551
3660	687,495847054636	348,389959892191	1	1312,50415294536	348,389959892191
3675	685,237013990372	349,561965589777	1	1314,76298600963	349,561965589777
3691	683,789359875768	348,300451825265	1	1316,21064012423	348,300451825265
3703	675,665414768727	360,662682070139	1	1324,33458523127	360,662682070139
3722	677,010840627177	349,350767776599	1	1322,98915937282	349,350767776599
3733	672,02849785856	361,555453573853	1	1327,97150214144	361,555453573853
3748	666,226624993468	364,145077532929	1	1333,77337500653	364,145077532929
3786	665,816176841703	360,943641060294	1	1334,1838231583	360,943641060294
3798	666,391052570135	360,334021743774	1	1333,60894742986	360,334021743774
3811	666,163623776356	350,632869601263	1	1333,83637622364	350,632869601263
3829	668,295320046307	371,577482735663	1	1331,70467995369	371,577482735663
3839	667,613484517252	365,484020456093	1	1332,38651548275	365,484020456093
3866	677,911127530871	350,703138366021	1	1322,08887246913	350,703138366021
3877	676,957074916168	356,316820450307	1	1323,04292508383	356,316820450307
3891	680,158195874039	359,749780538552	1	1319,84180412596	359,749780538552
3901	680,971757248555	368,768755535932	1	1319,02824275144	368,768755535932
3928	682,722820009264	371,884060340173	1	1317,27717999074	371,884060340173
3948	681,789587413087	364,957046401709	1	1318,21041258691	364,957046401709
3963	670,601893333945	357,70813340907	1	1329,39810666605	357,70813340907
3977	672,246078155441	356,006971689223	1	1327,75392184456	356,006971689223
3991	674,190353081134	356,946101985962	1	1325,80964691887	356,946101985962
4008	673,79107395176	353,4847008317	1	1326,20892604824	353,4847008317
4019	676,475615024172	363,17060815653	1	1323,52438497583	363,17060815653
4035	675,475221154154	367,493972253565	1	1324,52477884585	367,493972253565
4051	672,441429510931	367,092424501798	1	1327,55857048907	367,092424501798
4083	633,835511594565	359,342124266052	1	1366,16448840543	359,342124266052
4096	639,1052729063	363,426243679512	1	1360,8947270937	363,426243679512
4109	630,486920964606	355,744218409272	1	1369,51307903539	355,744218409272
4127	629,324267274618	338,051334204455	1	1370,67573272538	338,051334204455
4141	609,607205613904	317,266630978608	1	1390,3927943861	317,266630978608
4157	599,423920755664	334,927969191341	1	1400,57607924434	334,927969191341
4170	600,570643590074	336,095723673701	1	1399,42935640993	336,095723673701
4193	597,584400929398	358,088991864021	1	1402,4155990706	358,088991864021
4203	595,951227273092	377,172738659114	1	1404,04877272691	377,172738659114
4232	600,312688019578	364,993608181069	1	1399,68731198042	364,993608181069
4245	601,062565398007	348,184115713788	1	1398,93743460199	348,184115713788
4263	600,47170869831	345,543934435303	1	1399,52829130169	345,543934435303
4277	589,796626943928	349,492236782952	1	1410,20337305607	349,492236782952
4291	587,536859981316	352,36840594866	1	1412,46314001868	352,36840594866
4307	584,691335019804	343,884808808635	1	1415,3086649802	343,884808808635
4321	585,194440549932	342,059828939687	1	1414,80555945007	342,059828939687
4334	585,302552182342	344,661023757524	1	1414,69744781766	344,661023757524
4351	597,706055180506	348,336337961155	1	1402,29394481949	348,336337961155
4380	605,962728871414	349,806341276376	1	1394,03727112859	349,806341276376
4398	600,754723005687	346,394477038811	1	1399,24527699431	346,394477038811
4420	601,347866504583	349,952328797705	1	1398,65213349542	349,952328797705
4434	601,350158582787	350,446074566415	1	1398,64984141721	350,446074566415
4446	597,292926882734	347,146674465737	1	1402,70707311727	347,146674465737
4456	593,962764316612	344,377599830529	1	1406,03723568339	344,377599830529
4471	596,496266518458	349,248316394095	1	1403,50373348154	349,248316394095
4484	597,076324257246	350,586431138542	1	1402,92367574275	350,586431138542
4499	600,160963945031	354,922844853163	1	1399,83903605497	354,922844853163
4532	601,306031729789	350,896059958093	1	1398,69396827021	350,896059958093
4547	600,074770099716	357,40773485964	1	1399,92522990028	357,40773485964
4560	600,520656132062	366,868471514118	1	1399,47934386794	366,868471514118
4577	601,221252985186	373,951339036448	1	1398,77874701481	373,951339036448
4592	598,043583359106	378,727628302343	1	1401,95641664089	378,727628302343
4604	591,677951738973	392,189447562714	1	1408,32204826103	392,189447562714
4623	595,478683806321	392,014734472104	1	1404,52131619368	392,014734472104
4635	593,367447016392	388,995616795825	1	1406,63255298361	388,995616795825
4651	590,318579462392	387,078012703518	1	1409,68142053761	387,078012703518
4683	599,6901009134	362,847198039468	1	1400,3098990866	362,847198039468
4692	600,533874612658	361,458971617479	1	1399,46612538734	361,458971617479
4713	596,007160542474	360,432403458148	1	1403,99283945753	360,432403458148
4725	590,562511280873	359,883995677868	1	1409,43748871913	359,883995677868
4740	588,651899909675	361,375575210566	1	1411,34810009033	361,375575210566
4755	589,048688783223	363,377736901066	1	1410,95131121678	363,377736901066
4772	591,498499924508	367,703071772041	1	1408,50150007549	367,703071772041
4785	596,798914493046	377,95082977578	1	1403,20108550695	377,95082977578
4802	600,558374720193	383,330327562914	1	1399,44162527981	383,330327562914
4829	558,302251988569	394,32105768581	1	1441,69774801143	394,32105768581
4845	582,616394096225	399,554024308448	1	1417,38360590378	399,554024308448
4862	559,772201594817	411,4673938317	1	1440,22779840518	411,4673938317
4876	531,742407539168	405,108187038973	1	1468,25759246083	405,108187038973
4895	531,904379434885	389,787843067015	1	1468,09562056511	389,787843067015
4908	467,029209994628	390,539840345584	1	1532,97079000537	390,539840345584
4922	492,366087669345	402,812131082317	1	1507,63391233066	402,812131082317
4936	553,397278797332	409,694420951141	1	1446,60272120267	409,694420951141
4963	560,700454392856	411,869934838011	1	1439,29954560714	411,869934838011
4986	571,267432982406	427,949056823276	1	1428,73256701759	427,949056823276
4998	566,581424877619	437,089141281846	1	1433,41857512238	437,089141281846
5009	611,181494501653	538,715007512816	1	1388,81850549835	538,715007512816
5032	609,138663960713	544,580104622254	1	1390,86133603929	544,580104622254
5041	619,269684715666	538,324499950782	1	1380,73031528433	538,324499950782
5058	626,670094194087	528,971970014293	1	1373,32990580591	528,971970014293
5072	627,783137490821	519,052397383404	1	1372,21686250918	519,052397383404
5086	630,809393886184	513,605290942247	1	1369,19060611382	513,605290942247
5098	622,321092573753	519,279311896378	1	1377,67890742625	519,279311896378
5129	626,193265508776	522,646401447351	1	1373,80673449122	522,646401447351
5144	619,840062874746	513,748962618127	1	1380,15993712525	513,748962618127
5159	623,452238073549	508,511084360492	1	1376,54776192645	508,511084360492
5177	626,426214403507	503,536547150974	1	1373,57378559649	503,536547150974
5189	624,363550696479	524,300508172617	1	1375,63644930352	524,300508172617
5206	624,272057691406	540,755413276449	1	1375,72794230859	540,755413276449
5221	624,117016685228	516,402921160766	1	1375,88298331477	516,402921160766
5235	622,903894285402	519,425330251795	1	1377,0961057146	519,425330251795
5249	615,346509963896	528,148739846206	1	1384,6534900361	528,148739846206
5281	615,281932478252	526,977744948747	1	1384,71806752175	526,977744948747
5296	618,173235207707	516,586891409439	1	1381,82676479229	516,586891409439
5309	618,447052907473	516,230321331682	1	1381,55294709253	516,230321331682
5327	617,419898465403	524,264722318856	1	1382,5801015346	524,264722318856
5346	634,899543273563	547,398931160112	1	1365,10045672644	547,398931160112
5369	637,186474411728	551,850910672696	1	1362,81352558827	551,850910672696
5379	632,595579001129	548,531366355567	1	1367,40442099887	548,531366355567
5403	622,852555668342	554,888999645141	1	1377,14744433166	554,888999645141
5404	625,341709241742	557,558558818956	1	1374,65829075826	557,558558818956
5431	661,742357360873	498,414570824367	1	1338,25764263913	498,414570824367
5447	664,175956847789	500,940257264617	1	1335,82404315221	500,940257264617
5459	730,405543683568	459,957117389429	1	1269,59445631643	459,957117389429
5478	741,025957119684	471,189896268083	1	1258,97404288032	471,189896268083
5506	750,356607905753	465,774686165307	1	1249,64339209425	465,774686165307
5522	749,566432070277	456,728256639553	1	1250,43356792972	456,728256639553
5537	755,566767187931	448,286342549118	1	1244,43323281207	448,286342549118
5548	759,860300552371	427,868814139178	1	1240,13969944763	427,868814139178
5582	759,847808658406	433,945291463615	1	1240,15219134159	433,945291463615
5593	761,488275095759	495,580874964581	1	1238,51172490424	495,580874964581
5609	764,319447337498	457,029593290012	1	1235,6805526625	457,029593290012
5925	881,958579399825	53,2512510857963	0			1118,04142060018	53,2512510857963
5940	610,297914770429	529,862058794261	1	1389,70208522957	529,862058794261
5956	728,570451528108	417,273869330504	1	1271,42954847189	417,273869330504
5971	812,224306443858	330,399784411441	1	1187,77569355614	330,399784411441
5997	756,767381743923	374,06389193629	1	1243,23261825608	374,06389193629
6030	728,065206419351	410,243853906552	1	1271,93479358065	410,243853906552
6045	724,505204071527	438,807827913142	1	1275,49479592847	438,807827913142
6058	730,884422179589	437,927002282797	1	1269,11557782041	437,927002282797
6073	731,43705985568	438,692264552646	1	1268,56294014432	438,692264552646
6087	744,906757157763	442,792793900925	1	1255,09324284224	442,792793900925
6104	764,89855470767	454,868828328196	1	1235,10144529233	454,868828328196
6121	774,311827962797	477,183124995733	1	1225,6881720372	477,183124995733
6134	774,746049694788	473,073699274654	1	1225,25395030521	473,073699274654
6151	776,535731127339	471,574148038656	1	1223,46426887266	471,574148038656
6182	789,126530893065	486,867680871991	1	1210,87346910694	486,867680871991
6202	789,487276106962	486,777882036503	1	1210,51272389304	486,777882036503
6211	791,067234781347	486,604471953873	1	1208,93276521865	486,604471953873
6226	781,457291681613	501,40744114873	1	1218,54270831839	501,40744114873
6242	778,701315338819	523,594878553323	1	1221,29868466118	523,594878553323
6266	777,591177916414	529,657987857699	1	1222,40882208359	529,657987857699
6280	776,965109243273	533,123349104329	1	1223,03489075673	533,123349104329
6291	767,850847530114	546,403522513538	1	1232,14915246989	546,403522513538
6301	765,2264720277	552,058905994198	1	1234,7735279723	552,058905994198
6331	765,464054508188	565,047933170172	1	1234,53594549181	565,047933170172
6350	767,337090208039	563,516555634971	1	1232,66290979196	563,516555634971
6360	768,139367327054	559,631024565269	1	1231,86063267295	559,631024565269
6377	771,690596102021	549,668514460834	1	1228,30940389798	549,668514460834
6392	773,544427035381	551,539650454226	1	1226,45557296462	551,539650454226
6406	775,947729614462	550,240349184932	1	1224,05227038554	550,240349184932
6420	779,088138283857	546,826254366349	1	1220,91186171614	546,826254366349
6436	779,594255121525	546,635585603191	1	1220,40574487847	546,635585603191
6448	784,826813778551	546,760566404427	1	1215,17318622145	546,760566404427
6489	779,077432764283	553,190405898337	1	1220,92256723572	553,190405898337
6500	777,019491637202	554,716656798639	1	1222,9805083628	554,716656798639
6509	775,228082329786	556,737758397659	1	1224,77191767021	556,737758397659
6531	780,426127075868	555,23188532673	1	1219,57387292413	555,23188532673
6540	769,010181181616	551,694397030726	1	1230,98981881838	551,694397030726
6560	780,364955691699	593,609821257596	1	1219,6350443083	593,609821257596
6572	782,560865502914	580,647088575654	1	1217,43913449709	580,647088575654
6584	782,428741967846	583,897118784082	1	1217,57125803215	583,897118784082
6600	783,824936231026	549,339035721781	1	1216,17506376897	549,339035721781
6631	782,701884437257	552,566456516852	1	1217,29811556274	552,566456516852
6647	784,652058366724	550,505727758504	1	1215,34794163328	550,505727758504
6662	848,062246278586	554,343869730625	1	1151,93775372141	554,343869730625
6674	854,508363678343	544,110514387998	1	1145,49163632166	544,110514387998
6690	849,464947621215	535,401790740348	1	1150,53505237878	535,401790740348
6708	907,738564177214	526,866636074886	1	1092,26143582279	526,866636074886
6729	951,732247812559	499,793203737028	1	1048,26775218744	499,793203737028
6760	941,364381845322	500,461825999127	1	1058,63561815468	500,461825999127
6762	983,467307515402	435,20655454706	1	1016,5326924846	435,20655454706
6783	997,962759201703	380,113678612701	1	1002,0372407983	380,113678612701
6794	1037,21196615381	434,006916087193	1	962,788033846191	434,006916087193
6809	1035,31818051601	396,816935016663	1	964,681819483987	396,816935016663
6823	1023,9735896328	380,593940687357	1	976,026410367203	380,593940687357
6840	1021,36477543205	325,620759654257	1	978,635224567947	325,620759654257
6853	1010,60166609295	269,571332430436	1	989,398333907054	269,571332430436
6869	1008,99645890014	273,68850876225	1	991,003541099861	273,68850876225
6885	1000,01266593463	250,335364444902	1	999,987334065366	250,335364444902
6902	1005,74731542519	285,52318691757	1	994,252684574814	285,52318691757
6933	999,789019302438	282,716690388353	1	1000,21098069756	282,716690388353
6945	997,254260741801	292,967047964788	1	1002,7457392582	292,967047964788
6962	999,946231091396	293,92530763466	1	1000,0537689086	293,92530763466
6976	989,777440273621	309,162739833531	1	1010,22255972638	309,162739833531
6991	985,561987229205	296,334665592183	1	1014,4380127708	296,334665592183
7003	984,992631936551	298,762488886555	1	1015,00736806345	298,762488886555
7026	998,04476196451	294,86991032223	1	1001,95523803549	294,86991032223
7036	989,624751898593	298,584266833713	1	1010,37524810141	298,584266833713
7049	998,654267612112	293,800839388297	1	1001,34573238789	293,800839388297
7080	949,892174632781	256,87471952925	1	1050,10782536722	256,87471952925
7097	868,597169885885	200,324992532819	1	1131,40283011412	200,324992532819
7111	823,833342451468	215,130264404894	1	1176,16665754853	215,130264404894
7124	776,338028061334	178,795718657788	1	1223,66197193867	178,795718657788
7141	775,64233803702	177,51468187912	1	1224,35766196298	177,51468187912
7171	767,213344704103	190,512839993489	1	1232,7866552959	190,512839993489
7188	768,407021317011	185,628938116288	1	1231,59297868299	185,628938116288
7206	767,002461369087	164,262453956628	1	1232,99753863091	164,262453956628
7233	757,291778178987	152,149554189732	0			1242,70822182101	152,149554189732
7246	758,847836788033	153,862624942637	0			1241,15216321197	153,862624942637
7257	760,786672643466	149,205876324825	0			1239,21332735653	149,205876324825
7276	762,400190376158	149,778910095516	0			1237,59980962384	149,778910095516
7290	755,53600186297	155,991992046238	1	1244,46399813703	155,991992046238
7305	751,918799899221	163,936041913751	1	1248,08120010078	163,936041913751
7322	751,673642221156	153,780458278553	0			1248,32635777884	153,780458278553
7335	752,988413930723	148,978662313311	0			1247,01158606928	148,978662313311
7349	750,654164190472	150,135277641866	0			1249,34583580953	150,135277641866
7384	753,97829320882	136,200817535614	0			1246,02170679118	136,200817535614
7394	755,006405746609	136,038510783772	0			1244,99359425339	136,038510783772
7411	766,660440587905	135,495636728244	0			1233,33955941209	135,495636728244
7435	769,58577217856	137,231053664501	0			1230,41422782144	137,231053664501
7446	764,646213510325	140,314827208337	0			1235,35378648968	140,314827208337
7467	773,268860517247	139,992820369859	0			1226,73113948275	139,992820369859
7475	776,415471678038	150,131040409007	0			1223,58452832196	150,131040409007
7482	776,628956596467	157,400027911035	1	1223,37104340353	157,400027911035
7500	778,293987105228	157,762848773285	1	1221,70601289477	157,762848773285
7530	750,816759193133	149,511230541756	0			1249,18324080687	149,511230541756
7544	750,33459346151	150,882082889327	0			1249,66540653849	150,882082889327
7563	943,448371371816	273,106628763546	1	1056,55162862818	273,106628763546
7576	1020,35629735539	307,832330554403	1	979,643702644614	307,832330554403
7592	1046,97313886808	323,560210203547	1	953,026861131924	323,560210203547
7605	1109,11876720687	351,638166259511	1	890,881232793128	351,638166259511
7621	1082,89191590563	342,127887093228	1	917,10808409437	342,127887093228
7638	1080,07640604931	332,654286383341	1	919,923593950688	332,654286383341
7653	1100,22814047699	343,389159208594	1	899,771859523007	343,389159208594
7683	1118,37810548812	423,085658158024	1	881,621894511881	423,085658158024
7695	1117,18837098808	419,678077679027	1	882,811629011917	419,678077679027
7708	1147,80864081509	400,129225641167	1	852,191359184914	400,129225641167
7740	1153,93744245771	426,364373541358	1	846,06255754229	426,364373541358
7754	1245,23114473943	478,81204200257	1	754,768855260566	478,81204200257
7770	1258,88214509468	477,983495463976	1	741,117854905322	477,983495463976
7789	1303,66348177291	491,65615269227	1	696,336518227088	491,65615269227
7802	1318,63293442213	514,669926688477	1	681,367065577871	514,669926688477
7835	1334,60672526091	512,470926240939	0			665,393274739086	512,470926240939
7843	1348,3223715654	526,652650797122	0			651,677628434597	526,652650797122
7864	1380,80406912912	528,232901648974	0			619,195930870883	528,232901648974
7874	1391,52132760296	529,1328705621	0			608,478672397044	529,1328705621
7887	1401,61655123796	519,429572250661	0			598,383448762037	519,429572250661
7905	1425,04842993233	500,61456352508	0			574,951570067668	500,61456352508
7919	1409,72741723351	513,008877054998	0			590,272582766489	513,008877054998
7933	1412,94421720832	515,905217533178	0			587,055782791678	515,905217533178
7950	1413,50588926488	540,143462307779	0			586,494110735121	540,143462307779
7981	1416,44228488958	572,304205650581	0			583,55771511042	572,304205650581
7998	1430,4051402305	567,619169257157	0			569,594859769497	567,619169257157
8024	1451,85005869575	565,36469380823	0			548,149941304251	565,36469380823
8042	1439,58887816394	549,20049562404	0			560,411121836057	549,20049562404
8068	1432,71759733517	568,815416872035	0			567,282402664827	568,815416872035
8084	1424,1533914802	563,492646392854	0			575,846608519796	563,492646392854
8148	1451,31298471302	540,236459884608	0			548,687015286981	540,236459884608
8154	1443,15144122035	541,533435863419	0			556,848558779652	541,533435863419
8161	985,175772816154	266,799841709539	1	1014,82422718385	266,799841709539
8176	1013,48195969539	297,699693074786	1	986,518040304615	297,699693074786
8189	1016,05453696504	300,39057575243	1	983,945463034956	300,39057575243
8208	987,706325654054	269,860702874898	1	1012,29367434595	269,860702874898
8223	1000,10662251053	274,304071516388	1	999,893377489473	274,304071516388
8237	1020,56966198351	285,52538290589	1	979,430338016486	285,52538290589
8249	1019,33110911035	282,749088984535	1	980,668890889649	282,749088984535
8280	1073,14753788416	264,362383086852	1	926,852462115842	264,362383086852
8310	1110,57423382624	255,097811500164	1	889,42576617376	255,097811500164
8326	1058,2612185371	262,14082677933	1	941,738781462905	262,14082677933
8338	1050,32638977647	237,306700003086	1	949,673610223526	237,306700003086
8356	1051,45980271729	237,184904679569	1	948,540197282711	237,184904679569
8369	1042,27644641521	227,8544705477	1	957,72355358479	227,8544705477
8383	1039,89754230386	234,81333448683	1	960,102457696142	234,81333448683
8400	973,294632427416	324,41998205086	1	1026,70536757258	324,41998205086
8430	958,068763409106	341,553635709879	1	1041,93123659089	341,553635709879
8459	806,094826163551	474,766090148901	1	1193,90517383645	474,766090148901
8473	785,347288735688	471,347632742648	1	1214,65271126431	471,347632742648
8490	768,493899562574	460,745347232276	1	1231,50610043743	460,745347232276
8517	766,602164438488	433,522253652538	1	1233,39783556151	433,522253652538
8538	756,850611049375	411,76800984504	1	1243,14938895062	411,76800984504
8555	759,245837364892	383,806942937484	1	1240,75416263511	383,806942937484
8583	757,055495578752	376,092377530557	1	1242,94450442125	376,092377530557
8596	727,010079149674	334,040032464354	1	1272,98992085033	334,040032464354
8611	728,648893298771	350,185875192638	1	1271,35110670123	350,185875192638
8624	730,125298438649	356,147353104675	1	1269,87470156135	356,147353104675
8639	731,050610320208	363,326044922809	1	1268,94938967979	363,326044922809
8656	730,736484188843	380,697362125849	1	1269,26351581116	380,697362125849
8670	742,27491897048	424,888629053529	1	1257,72508102952	424,888629053529
8685	751,581617689086	447,000747720132	1	1248,41838231091	447,000747720132
8702	766,94789167886	511,600440931871	1	1233,05210832114	511,600440931871
8734	802,043225325561	635,809764597218	1	1197,95677467444	635,809764597218
8746	812,429814662076	679,768961330269	1	1187,57018533792	679,768961330269
8767	804,051918254468	713,897561510683	1	1195,94808174553	713,897561510683
8779	797,589320529749	733,624686507462	1	1202,41067947025	733,624686507462
8792	780,624750440255	785,210731480317	1	1219,37524955975	785,210731480317
8805	790,738457755191	760,862370351252	1	1209,26154224481	760,862370351252
8821	781,370543450364	721,996768911439	1	1218,62945654964	721,996768911439
8836	781,735411102467	707,07993499689	1	1218,26458889753	707,07993499689
8850	784,164960295046	706,980528998013	1	1215,83503970495	706,980528998013
8880	803,047173329234	696,791051352183	1	1196,95282667077	696,791051352183
8896	801,687168995287	698,766382199166	1	1198,31283100471	698,766382199166
8911	796,028799898672	713,911065948955	1	1203,97120010133	713,911065948955
8926	798,855528635473	732,877436139435	1	1201,14447136453	732,877436139435
8940	814,195475185626	748,061273272468	1	1185,80452481437	748,061273272468
8956	828,72214875666	774,181661069489	1	1171,27785124334	774,181661069489
8971	833,112878058839	780,529334033188	1	1166,88712194116	780,529334033188
8990	840,26285507737	784,624160057812	1	1159,73714492263	784,624160057812
9004	850,658789442393	791,551760736707	1	1149,34121055761	791,551760736707
9037	866,586716790961	804,805612395686	1	1133,41328320904	804,805612395686
9062	864,911174999512	807,01141193635	1	1135,08882500049	807,01141193635
9077	856,327981039478	831,259869716987	1	1143,67201896052	831,259869716987
9081	849,951766737441	842,562674997934	1	1150,04823326256	842,562674997934
9095	835,782339842604	862,308475840691	1	1164,2176601574	862,308475840691
9107	832,495382300166	865,109109289981	1	1167,50461769983	865,109109289981
9125	833,700879040991	850,895335747249	1	1166,29912095901	850,895335747249
9137	837,278065591466	842,440577030969	1	1162,72193440853	842,440577030969
9148	836,123405850886	844,25383862078	1	1163,87659414911	844,25383862078
9191	842,349327225078	841,265298931773	1	1157,65067277492	841,265298931773
9197	841,264695316908	844,902145653711	1	1158,73530468309	844,902145653711
9211	829,485388126163	862,329935416492	1	1170,51461187384	862,329935416492
9227	826,911999207842	866,996826457242	1	1173,08800079216	866,996826457242
9241	813,943449473725	882,1716184835	1	1186,05655052628	882,1716184835
9257	802,099910346275	893,133991332698	1	1197,90008965372	893,133991332698
9271	796,801472383213	898,50238869822	1	1203,19852761679	898,50238869822
9282	786,975594453125	908,805531414744	1	1213,02440554687	908,805531414744
9301	768,540868034002	925,488614440498	1	1231,459131966	925,488614440498
9334	757,488292143434	930,069198318173	1	1242,51170785657	930,069198318173
9346	757,636479398166	928,602332419193	1	1242,36352060183	928,602332419193
9373	758,055211067749	924,60669907324	1	1241,94478893225	924,60669907324
9376	754,047712992653	913,25886627125	1	1245,95228700735	913,25886627125
9392	753,569671180567	908,853119171407	1	1246,43032881943	908,853119171407
9411	746,175139253152	896,897916730914	1	1253,82486074685	896,897916730914
9422	749,990791290904	899,493619536342	1	1250,0092087091	899,493619536342
9437	755,716314662011	903,316283007418	1	1244,28368533799	903,316283007418
9452	751,223435002567	906,718798989701	1	1248,77656499743	906,718798989701
9480	749,415159424798	903,924248211444	1	1250,5848405752	903,924248211444
9498	750,794421594558	895,796830320392	1	1249,20557840544	895,796830320392
9514	751,71749866473	894,586135288988	1	1248,28250133527	894,586135288988
9535	751,54067200788	895,477596543044	1	1248,45932799212	895,477596543044
9549	751,533693001418	908,821679072959	1	1248,46630699858	908,821679072959
9563	751,11487084164	910,032890679098	1	1248,88512915836	910,032890679098
9576	758,796078657671	911,140521436096	1	1241,20392134233	911,140521436096
9587	765,697541648103	918,699780341062	1	1234,3024583519	918,699780341062
9599	762,48539980101	918,182035770882	1	1237,51460019899	918,182035770882
9634	771,319143305093	924,35384026764	1	1228,68085669491	924,35384026764
9646	783,950718411886	976,8317262154	1	1216,04928158811	976,8317262154
9658	784,090913716101	980,193931262534	1	1215,9090862839	980,193931262534
9678	783,633880986461	990,705388866584	1	1216,36611901354	990,705388866584
9689	780,289410476081	986,172326210552	1	1219,71058952392	986,172326210552
9706	775,564205174892	971,957497419635	1	1224,43579482511	971,957497419635
9721	764,307078093615	939,837448988041	1	1235,69292190638	939,837448988041
9749	763,208102388624	936,669733541764	1	1236,79189761138	936,669733541764
9762	750,347067315665	906,525840306281	1	1249,65293268434	906,525840306281
9778	748,671218623885	901,77252766832	1	1251,32878137611	901,77252766832
9799	748,545223285805	894,808746025084	1	1251,4547767142	894,808746025084
9810	748,213199138419	891,739535812214	1	1251,78680086158	891,739535812214
9826	747,660211123671	886,186306605256	1	1252,33978887633	886,186306605256
9841	747,467795461244	878,82863082107	1	1252,53220453876	878,82863082107
9856	748,622778034603	881,091371383497	1	1251,3772219654	881,091371383497
9872	750,924619780267	884,596389207066	1	1249,07538021973	884,596389207066
9887	750,191233421912	891,775401771807	1	1249,80876657809	891,775401771807
9901	745,469899114461	889,407102683334	1	1254,53010088554	889,407102683334
9930	753,746576746538	872,820075135915	1	1246,25342325346	872,820075135915
9947	762,444480849667	871,446691636335	1	1237,55551915033	871,446691636335
9963	758,100249358641	881,692468034237	1	1241,89975064136	881,692468034237
9977	759,72770016308	880,586235136841	1	1240,27229983692	880,586235136841
9998	758,991472458366	882,282835427447	1	1241,00852754163	882,282835427447
10012	756,363303869196	887,804372904367	1	1243,6366961308	887,804372904367
10029	753,062227033582	891,492907531172	1	1246,93777296642	891,492907531172
10043	746,07014750756	897,717714256932	1	1253,92985249244	897,717714256932
10052	746,278457788206	887,397732806957	1	1253,72154221179	887,397732806957
