6	1388,01575643876	490,759627635779	1	611,984243561243	490,759627635779
29	1392,0543620943	500,667770241568	1	607,945637905704	500,667770241568
35	1385,93504047887	495,75810407203	1	614,064959521129	495,75810407203
66	1373,84335134101	453,098979123883	1	626,156648658992	453,098979123883
69	1350,8947948205	490,11022654189	1	649,105205179496	490,11022654189
92	1362,07389016126	424,033764945888	1	637,926109838744	424,033764945888
107	1357,95176294995	426,337720425913	1	642,048237050048	426,337720425913
140	1336,09737639844	547,603330039624	1	663,90262360156	547,603330039624
159	1332,9813974212	593,596996582009	1	667,018602578801	593,596996582009
182	1303,10114958053	603,014729054073	1	696,898850419468	603,014729054073
184	1260,85729405769	537,216488655453	1	739,142705942312	537,216488655453
199	1296,46969183152	606,367558941482	1	703,53030816848	606,367558941482
214	1298,44305442589	606,141402753907	1	701,556945574114	606,141402753907
235	1262,48703218255	465,068760146896	1	737,512967817452	465,068760146896
240	1259,29225502651	454,170677544307	1	740,707744973495	454,170677544307
269	1264,76098107731	504,410561863724	1	735,239018922693	504,410561863724
303	1271,99555796727	564,032676760516	1	728,00444203273	564,032676760516
334	1198,5001901034	706,272302607662	1	801,499809896603	706,272302607662
363	1208,67821226472	665,285886198586	1	791,321787735277	665,285886198586
378	1190,82033295214	676,780572177486	1	809,179667047857	676,780572177486
408	1212,9348334474	592,677357812261	1	787,065166552596	592,677357812261
423	1243,57017344098	525,875284206351	1	756,429826559015	525,875284206351
725	1277,67772489381	430,372501110755	1	722,322275106189	430,372501110755
767	1221,1450669372	364,740486865327	1	778,854933062803	364,740486865327
785	1176,54363153719	421,652132803986	1	823,456368462815	421,652132803986
801	1093,88454580187	572,713312406808	1	906,115454198129	572,713312406808
830	1101,84415978429	580,870943914306	1	898,155840215713	580,870943914306
831	1073,7015047771	586,022117175721	1	926,298495222901	586,022117175721
868	949,730076281504	897,380538712356	1	1050,2699237185	897,380538712356
906	986,612795914561	705,607564980376	1	1013,38720408544	705,607564980376
930	946,402980284829	713,060410419602	1	1053,59701971517	713,060410419602
967	949,512431911886	706,517421434094	1	1050,48756808811	706,517421434094
992	934,451554554689	861,737531370042	1	1065,54844544531	861,737531370042
1021	1020,96926604006	735,677728970868	1	979,030733959942	735,677728970868
1041	1079,64092887425	616,533642731809	1	920,359071125751	616,533642731809
1079	1084,12774820695	683,262089896206	1	915,872251793046	683,262089896206
1096	1116,56450408058	695,316501203966	1	883,435495919417	695,316501203966
1101	1134,5927870723	812,91125477754	1	865,407212927696	812,91125477754
1137	1132,6448489941	818,538529270071	1	867,355151005895	818,538529270071
1141	1152,11111100542	766,067377072245	1	847,888888994577	766,067377072245
1149	1157,54158109676	745,816979500996	1	842,458418903238	745,816979500996
1170	1159,77754222242	726,786752396923	1	840,222457777585	726,786752396923
1178	1185,36374250553	706,794896430643	1	814,636257494473	706,794896430643
1204	1205,21862330691	694,471306903887	1	794,781376693086	694,471306903887
1221	1218,70101490945	691,494888609242	1	781,298985090546	691,494888609242
1236	1215,4036293883	694,17008648535	1	784,596370611698	694,17008648535
1252	1270,98726285413	712,320129709468	1	729,012737145875	712,320129709468
1270	1279,56583346157	716,550130816614	1	720,43416653843	716,550130816614
1284	1309,61141148746	739,474144268488	1	690,388588512543	739,474144268488
1313	1314,7339015589	745,526558113992	1	685,2660984411	745,526558113992
1328	1314,95355895525	742,135529425715	1	685,046441044748	742,135529425715
1333	1317,68236710063	728,321284533303	1	682,317632899371	728,321284533303
1363	1331,50603506088	769,379813992365	1	668,493964939116	769,379813992365
1412	1314,54332377784	751,59032464185	1	685,456676222156	751,59032464185
1450	1330,36426337118	819,550542622955	1	669,63573662882	819,550542622955
1465	1310,43611576732	707,444756651057	1	689,563884232679	707,444756651057
1468	1301,48262609095	709,581480297788	1	698,517373909055	709,581480297788
1488	1296,53192340066	692,892576027813	1	703,46807659934	692,892576027813
1504	1295,82119270343	694,814802254358	1	704,178807296568	694,814802254358
1529	1303,9254444612	823,464193364999	1	696,0745555388	823,464193364999
1534	1311,20736042412	733,502762169308	1	688,792639575878	733,502762169308
1552	1310,04657547534	728,494308303149	1	689,953424524661	728,494308303149
1561	1310,51745837841	711,962436148159	1	689,482541621587	711,962436148159
1578	1346,40653459917	647,560264939353	1	653,593465400826	647,560264939353
1597	1355,55328425064	686,58450667042	1	644,446715749355	686,58450667042
1876	1336,43731669701	994,958270669859	0			663,562683302993	994,958270669859
1883	1336,43731669701	994,958270669859	0			663,562683302993	994,958270669859
1904	1386,14969796376	731,854736714365	1	613,850302036237	731,854736714365
1913	1339,85946567464	543,734650534964	1	660,140534325356	543,734650534964
1984	1358,02876958798	384,363104297929	1	641,971230412023	384,363104297929
1994	1362,96149689017	348,293288128193	1	637,03850310983	348,293288128193
2015	1251,40569041557	571,604664084591	1	748,594309584431	571,604664084591
2029	961,341248487127	753,723431294195	1	1038,65875151287	753,723431294195
2054	949,464380278909	752,678519440347	1	1050,53561972109	752,678519440347
2067	933,089764701553	754,108380815292	1	1066,91023529845	754,108380815292
2129	1004,43526403997	611,806581844999	1	995,564735960026	611,806581844999
2178	892,764953810806	596,152833499585	1	1107,23504618919	596,152833499585
2194	892,764953810806	596,152833499585	1	1107,23504618919	596,152833499585
2227	892,764953810806	596,152833499585	1	1107,23504618919	596,152833499585
2238	892,764953810806	596,152833499585	1	1107,23504618919	596,152833499585
2265	876,350137514419	554,543896526126	1	1123,64986248558	554,543896526126
2269	911,72236526858	478,435350121518	1	1088,27763473142	478,435350121518
2300	1164,15676699501	409,505206607296	1	835,843233004993	409,505206607296
2314	1151,53793385541	412,160901445914	1	848,462066144589	412,160901445914
2343	1155,99684215538	420,298765015564	1	844,003157844616	420,298765015564
2349	1182,88878841354	424,210381441313	1	817,111211586461	424,210381441313
2364	1179,77661233609	438,058227779854	1	820,223387663913	438,058227779854
2386	1314,49972462824	404,733376506631	1	685,500275371759	404,733376506631
2404	1280,46929202062	457,34984423024	1	719,530707979379	457,34984423024
2424	1237,88189180172	493,261518912215	1	762,118108198282	493,261518912215
2437	1263,44010910017	572,600912604589	1	736,55989089983	572,600912604589
2451	1265,04724605933	635,962536168876	1	734,952753940675	635,962536168876
2473	1265,8373962973	647,230977031496	1	734,162603702696	647,230977031496
2519	1270,67690734182	635,709630518064	1	729,323092658175	635,709630518064
2523	1274,72811884528	607,625385207183	1	725,271881154718	607,625385207183
2537	1333,60860358901	605,203711569572	1	666,391396410987	605,203711569572
2555	1311,92247410768	586,725484339086	1	688,077525892322	586,725484339086
2580	1336,37923638495	595,636393527363	1	663,620763615045	595,636393527363
2591	1340,58318687096	558,249100631419	1	659,416813129036	558,249100631419
2599	1365,5519930119	515,739688211391	1	634,448006988096	515,739688211391
2622	1345,87485080788	526,128443398698	1	654,125149192115	526,128443398698
2628	1299,94131238388	653,640348933417	1	700,058687616123	653,640348933417
2643	1307,57172195214	630,09651808522	1	692,428278047865	630,09651808522
2660	1297,1221314692	601,702843657934	1	702,8778685308	601,702843657934
2676	1321,79561677789	551,786845480741	1	678,20438322211	551,786845480741
2702	1347,63715158766	504,507597460877	1	652,362848412344	504,507597460877
2725	1309,24958602756	663,113424083054	1	690,750413972439	663,113424083054
2739	1326,50624969206	781,209143104958	1	673,493750307944	781,209143104958
2755	1311,97251910162	784,711168607101	1	688,027480898375	784,711168607101
2761	1326,55587209272	779,672093314771	1	673,444127907278	779,672093314771
2781	1302,334730788	854,353524954152	1	697,665269212001	854,353524954152
2791	1322,28992633971	639,305117844292	1	677,71007366029	639,305117844292
2818	1304,83494636809	712,121064696795	1	695,165053631913	712,121064696795
2823	1297,58045431796	768,783429157309	1	702,419545682037	768,783429157309
2901	1290,03608833648	968,14867979811	0			709,96391166352	968,14867979811
2915	1287,76557798814	778,037336685063	1	712,234422011859	778,037336685063
2918	1252,95959039873	1002,27263711531	0			747,040409601267	1002,27263711531
2920	1262,76751194967	989,294060361191	0			737,232488050325	989,294060361191
2973	1205,44519629803	495,640134531739	1	794,554803701965	495,640134531739
3017	1164,4351897502	269,155402409737	1	835,564810249798	269,155402409737
3229	1188,87034789644	78,1364105412021	0			811,12965210356	78,1364105412021
3245	1194,64893526244	104,58558390069	0			805,351064737561	104,58558390069
3262	1194,52571912729	92,2438544512325	0			805,474280872707	92,2438544512325
3357	1271,3904059072	119,480617379432	0			728,609594092802	119,480617379432
3376	1301,08124813917	179,918293821652	1	698,918751860831	179,918293821652
3392	1339,30064490248	288,776433995745	1	660,699355097519	288,776433995745
3396	1346,21808611393	294,47063475837	1	653,781913886069	294,47063475837
3433	1420,2597222438	300,333473721894	1	579,740277756197	300,333473721894
3456	1421,20924783312	312,501384679292	1	578,790752166877	312,501384679292
3476	1366,67495653368	348,277757820696	1	633,325043466319	348,277757820696
3492	1315,96754590147	395,020127295528	1	684,032454098532	395,020127295528
3497	1298,68392926633	385,959895859673	1	701,31607073367	385,959895859673
3519	1295,35424930623	382,440286845623	1	704,645750693768	382,440286845623
3540	1292,28915435238	392,717905397391	1	707,710845647617	392,717905397391
3550	1291,39041002971	398,153003751712	1	708,60958997029	398,153003751712
3574	1279,95331580839	405,667400503747	1	720,046684191614	405,667400503747
3606	1280,09888062193	557,705269863568	1	719,901119378069	557,705269863568
3659	1268,56379339224	711,486328141405	1	731,436206607757	711,486328141405
3676	1264,16106486398	733,140754978399	1	735,838935136023	733,140754978399
3691	1156,54536295713	782,920353782942	1	843,454637042874	782,920353782942
3713	1145,92868279048	788,33710513789	1	854,071317209518	788,33710513789
3726	1175,67471263419	901,315200068252	1	824,325287365811	901,315200068252
3758	1158,58433148552	840,167611987987	1	841,415668514483	840,167611987987
3774	1160,08397157443	854,980924535518	1	839,916028425569	854,980924535518
3803	1149,22309186295	913,549919797421	1	850,776908137049	913,549919797421
3809	999,236702533485	845,529561215276	1	1000,76329746652	845,529561215276
3837	987,036445164569	840,104610025432	1	1012,96355483543	840,104610025432
3893	968,041272965939	810,106183471596	1	1031,95872703406	810,106183471596
3942	967,2901979991	858,872095511874	1	1032,7098020009	858,872095511874
3966	1069,06998001263	628,864433951454	1	930,930019987373	628,864433951454
3978	1088,4064321761	578,972811743666	1	911,593567823896	578,972811743666
3981	1080,78931502064	628,417295428912	1	919,210684979362	628,417295428912
3983	1087,32488032368	679,235609044353	1	912,675119676321	679,235609044353
3996	1098,6176893183	706,951407639257	1	901,382310681697	706,951407639257
4019	1102,48275348552	761,778626558106	1	897,517246514481	761,778626558106
4031	1104,36280074182	797,653828633397	1	895,63719925818	797,653828633397
4060	1107,49719087362	796,394355237769	1	892,502809126379	796,394355237769
4075	1101,27189571057	771,081219250403	1	898,728104289426	771,081219250403
4092	1089,47884373573	672,685674854159	1	910,521156264271	672,685674854159
4104	1089,50837082929	662,559473547501	1	910,491629170711	662,559473547501
4118	1095,45034846403	682,890190449181	1	904,549651535966	682,890190449181
4133	1107,56229042516	724,144393269759	1	892,437709574843	724,144393269759
4149	1119,84284682954	702,615594518505	1	880,157153170458	702,615594518505
4161	1126,15841320884	718,784943315896	1	873,841586791164	718,784943315896
4175	1143,87561868306	723,269906588563	1	856,124381316939	723,269906588563
4204	1153,62756086237	725,515215572133	1	846,372439137629	725,515215572133
4232	1116,04551103394	812,904661527605	1	883,954488966057	812,904661527605
4237	1124,15302630411	794,121881717771	1	875,846973695891	794,121881717771
4253	1126,13679308106	872,580358590979	1	873,863206918945	872,580358590979
4267	1214,22466934428	769,912993614234	1	785,775330655722	769,912993614234
4295	1233,10681592952	749,426913902781	1	766,893184070479	749,426913902781
4299	1260,73302791699	803,347148299643	1	739,266972083013	803,347148299643
4321	1257,26397290183	785,501361163891	1	742,736027098166	785,501361163891
4340	1264,89844405799	804,3576397181	1	735,101555942013	804,3576397181
4389	1254,92627721646	787,467784609448	1	745,073722783543	787,467784609448
4406	1252,71989816579	782,49462184062	1	747,280101834209	782,49462184062
4412	1250,56568632819	776,786163032224	1	749,434313671812	776,786163032224
4416	1257,60618524609	773,609309252329	1	742,393814753911	773,609309252329
4443	1256,37287854446	730,188574703889	1	743,627121455539	730,188574703889
4464	1245,14831357735	667,813141519269	1	754,851686422646	667,813141519269
4472	1251,05293018019	744,480285309594	1	748,947069819805	744,480285309594
4508	1248,75030639695	772,492175118306	1	751,249693603049	772,492175118306
4532	1249,3341832438	813,386477578056	1	750,665816756202	813,386477578056
4573	1254,97184934312	843,437494092986	1	745,028150656884	843,437494092986
4807	1501,20308391485	215,383116262479	0			498,796916085154	215,383116262479
4839	1311,29205697563	524,840686624539	1	688,707943024373	524,840686624539
4851	1375,86525899644	473,695460068278	1	624,134741003556	473,695460068278
4924	1302,63672790093	602,961505275066	1	697,363272099071	602,961505275066
4963	1372,55345810578	496,279973985819	1	627,446541894215	496,279973985819
4967	1336,72947235227	594,680745021177	1	663,270527647734	594,680745021177
4982	1359,3057403877	532,66860050236	1	640,694259612304	532,66860050236
4999	1359,98973399904	532,805758935867	1	640,010266000956	532,805758935867
5022	1324,93606638398	613,251360482091	1	675,06393361602	613,251360482091
5030	1298,19928689133	674,696077034476	1	701,800713108671	674,696077034476
5047	1278,54407903205	718,25422882894	1	721,455920967946	718,25422882894
5056	1280,46131642911	740,181589104087	1	719,538683570895	740,181589104087
5076	1282,12492577793	741,875037602699	1	717,875074222074	741,875037602699
5100	1278,33296971059	741,743203252483	1	721,667030289415	741,743203252483
5127	1314,7190203475	828,995139763702	1	685,280979652503	828,995139763702
5134	1320,69267967213	851,393138236725	1	679,307320327871	851,393138236725
5151	1299,53101148848	790,343934314917	1	700,468988511524	790,343934314917
5175	1285,79064772382	755,244480660267	1	714,209352276181	755,244480660267
5210	1279,63180697004	736,935964100439	1	720,368193029962	736,935964100439
5212	1278,07353528203	745,591918524427	1	721,926464717971	745,591918524427
5214	1273,76036896479	770,11076535779	1	726,239631035209	770,11076535779
5227	1239,98953998808	740,596896294427	1	760,010460011917	740,596896294427
5264	1168,29834198394	781,840713334752	1	831,701658016059	781,840713334752
5280	1145,74444609704	775,789219999357	1	854,255553902962	775,789219999357
5291	989,659991442844	778,294306430395	1	1010,34000855716	778,294306430395
5301	954,594260135836	718,012004491612	1	1045,40573986416	718,012004491612
5340	1030,98528708477	757,53005226008	1	969,01471291523	757,53005226008
5363	1023,63514955345	772,496938566884	1	976,364850446548	772,496938566884
5369	946,307595674139	707,709857151565	1	1053,69240432586	707,709857151565
5373	962,796738254767	742,875864153022	1	1037,20326174523	742,875864153022
5374	916,931028985264	741,712317237323	1	1083,06897101474	741,712317237323
5407	914,894005886609	781,175355252895	1	1085,10599411339	781,175355252895
5438	912,295077920521	798,121163691257	1	1087,70492207948	798,121163691257
5459	914,450041597591	797,280146114129	1	1085,54995840241	797,280146114129
5472	911,218454255167	805,558656755132	1	1088,78154574483	805,558656755132
5488	914,285511678396	745,810791714807	1	1085,7144883216	745,810791714807
5496	928,844723104791	773,910105812889	1	1071,15527689521	773,910105812889
5512	927,310939106847	779,134073060695	1	1072,68906089315	779,134073060695
5525	921,032596234522	786,101666542137	1	1078,96740376548	786,101666542137
5571	901,592474984318	794,107713271833	1	1098,40752501568	794,107713271833
5574	903,436256372761	760,469543816268	1	1096,56374362724	760,469543816268
5624	902,914575882368	699,768190957314	1	1097,08542411763	699,768190957314
5627	905,794706527667	660,019075490593	1	1094,20529347233	660,019075490593
5658	909,16763491489	631,382592503649	1	1090,83236508511	631,382592503649
5677	918,9287648733	630,047675463229	1	1081,0712351267	630,047675463229
5707	920,35938253052	630,408702210908	1	1079,64061746948	630,408702210908
5721	925,068372263352	630,492881891125	1	1074,93162773665	630,492881891125
5750	910,164485778685	707,24173202203	1	1089,83551422132	707,24173202203
5752	898,689566373009	746,894718997353	1	1101,31043362699	746,894718997353
5777	880,14303230673	723,381467284283	1	1119,85696769327	723,381467284283
5863	885,392261712519	673,981940590746	1	1114,60773828748	673,981940590746
5879	873,498367169419	728,852707942682	1	1126,50163283058	728,852707942682
5883	788,529646396679	849,550283541012	1	1211,47035360332	849,550283541012
5887	808,465091828142	789,62987234147	1	1191,53490817186	789,62987234147
5902	750,475430915157	916,442964563002	1	1249,52456908484	916,442964563002
5914	799,195093980609	803,878523904016	1	1200,80490601939	803,878523904016
5953	770,731528690959	860,621862004839	1	1229,26847130904	860,621862004839
5980	776,211110431712	751,871113013776	1	1223,78888956829	751,871113013776
6009	748,525204373534	832,704273658467	1	1251,47479562647	832,704273658467
6027	761,592317759783	680,497469114943	1	1238,40768224022	680,497469114943
6056	748,679725145011	707,186503229612	1	1251,32027485499	707,186503229612
6094	742,854124600148	775,272743260166	1	1257,14587539985	775,272743260166
6156	682,046410026674	353,567566108045	1	1317,95358997333	353,567566108045
6182	640,465352426356	157,544578428703	1	1359,53464757364	157,544578428703
6509	1176,93720450293	573,18590441098	1	823,062795497067	573,18590441098
6548	1098,19183843421	308,243503927596	1	901,808161565787	308,243503927596
6561	1332,86553674899	203,942418191262	1	667,134463251013	203,942418191262
6602	1171,83862490798	598,764551373202	1	828,161375092023	598,764551373202
6628	1252,49442037557	491,341681889347	1	747,505579624425	491,341681889347
6689	1277,64402142534	451,332695705711	1	722,355978574662	451,332695705711
6698	1241,45473053566	433,271598302694	1	758,545269464336	433,271598302694
6701	1269,64896530788	300,182907320409	1	730,351034692116	300,182907320409
6719	1277,44023448108	261,140868310142	1	722,559765518924	261,140868310142
6754	1281,37564319463	236,959118861402	1	718,624356805369	236,959118861402
6769	1288,46418600575	220,413941635462	1	711,535813994249	220,413941635462
6802	1292,95544283413	365,35647136752	1	707,044557165875	365,35647136752
6813	1301,29135543159	357,701513087621	1	698,708644568412	357,701513087621
6815	1323,96943069208	492,330161794628	1	676,030569307915	492,330161794628
6830	1320,13517664752	461,5840933731	1	679,864823352481	461,5840933731
6849	1314,24303238964	414,083247608111	1	685,756967610361	414,083247608111
6859	1319,52742583605	515,73176921538	1	680,472574163954	515,73176921538
6877	1320,78581245785	458,015287235057	1	679,21418754215	458,015287235057
6911	1318,29558802989	446,212155291888	1	681,70441197011	446,212155291888
6924	1326,1263808811	387,637240887458	1	673,873619118895	387,637240887458
6942	1335,48137574272	368,205356008454	1	664,51862425728	368,205356008454
6943	1315,2764946725	260,728092022046	1	684,723505327501	260,728092022046
6966	1319,89024829591	280,569265642426	1	680,109751704095	280,569265642426
6978	1318,47901841318	304,616455659792	1	681,520981586821	304,616455659792
6998	1286,42754263692	308,291324382512	1	713,572457363083	308,291324382512
7020	1286,53354790077	253,848149793344	1	713,466452099227	253,848149793344
7064	1268,15279731593	267,416131002137	1	731,847202684073	267,416131002137
7068	1261,00143939641	306,465748050042	1	738,99856060359	306,465748050042
7072	1264,00808944499	317,222044466171	1	735,991910555011	317,222044466171
7089	1248,99479053706	327,682267722389	1	751,005209462936	327,682267722389
7097	1243,84939185682	339,457888393616	1	756,150608143182	339,457888393616
7116	1245,78573798905	336,164282242596	1	754,214262010949	336,164282242596
7132	1263,42702768362	318,654434755504	1	736,57297231638	318,654434755504
7152	1264,30307941252	325,767412628716	1	735,696920587477	325,767412628716
7178	1280,50882715223	319,278468918289	1	719,491172847771	319,278468918289
7181	1276,16457944207	317,442329945804	1	723,835420557926	317,442329945804
7236	1255,79656101081	302,648944030247	1	744,20343898919	302,648944030247
7244	1260,96272452689	329,342307638714	1	739,037275473113	329,342307638714
7263	1267,90582686467	314,334751172289	1	732,094173135326	314,334751172289
7274	1266,35548801541	313,763507685786	1	733,644511984593	313,763507685786
7279	1263,88218358682	320,559505728549	1	736,117816413179	320,559505728549
7282	1265,60000730431	299,784633078986	1	734,399992695693	299,784633078986
7301	1262,89664108504	310,858762081134	1	737,103358914964	310,858762081134
7307	1256,16778917971	306,358002379378	1	743,832210820294	306,358002379378
7325	1251,68128392652	296,310449765231	1	748,318716073478	296,310449765231
7356	1294,03237976278	230,595644504404	1	705,967620237219	230,595644504404
7378	1289,86793732946	229,615711492579	1	710,132062670543	229,615711492579
7393	1288,80383926614	274,92829219765	1	711,19616073386	274,92829219765
7395	1330,59550069947	292,858541696169	1	669,404499300531	292,858541696169
7415	1316,64889308207	288,709089103353	1	683,351106917935	288,709089103353
7430	1323,43418803911	325,840646773233	1	676,565811960895	325,840646773233
7447	1367,51229854573	304,802286189118	1	632,48770145427	304,802286189118
7681	303,613202240089	210,392318014817	1	1696,38679775991	210,392318014817
7703	617,245769809365	238,507075552613	1	1382,75423019064	238,507075552613
7783	732,794266858886	154,103504647206	1	1267,20573314111	154,103504647206
7799	700,540397366266	187,028192872487	1	1299,45960263373	187,028192872487
7803	606,562829331314	79,4242392955027	0			1393,43717066869	79,4242392955027
7820	652,492128258879	127,00423163771	1	1347,50787174112	127,00423163771
7835	708,296650829506	96,8461198409312	0			1291,70334917049	96,8461198409312
7849	688,478167258344	151,571207938992	1	1311,52183274166	151,571207938992
7867	700,745004008458	141,380195586727	1	1299,25499599154	141,380195586727
7887	726,80195064683	125,960888669157	1	1273,19804935317	125,960888669157
7901	674,291665569158	189,074150670163	1	1325,70833443084	189,074150670163
7916	669,691913991936	189,234336436795	1	1330,30808600806	189,234336436795
7921	671,943955499041	183,937252248367	1	1328,05604450096	183,937252248367
7955	702,661846361464	127,269839872047	1	1297,33815363854	127,269839872047
7968	710,743301496617	119,588851676788	0			1289,25669850338	119,588851676788
7979	735,330116768544	183,615130202106	1	1264,66988323146	183,615130202106
8014	717,885986177203	137,586498595402	1	1282,1140138228	137,586498595402
8055	724,932630785487	159,323177570543	1	1275,06736921451	159,323177570543
8113	785,739564648812	202,723849672892	1	1214,26043535119	202,723849672892
8136	802,294921875	202,761447466271	1	1197,705078125	202,761447466271
8158	726,428224508045	557,791219171309	1	1273,57177549196	557,791219171309
8205	734,985567656704	555,999430359027	1	1265,0144323433	555,999430359027
8262	762,18996628012	606,846408294492	1	1237,81003371988	606,846408294492
8326	685,540760429034	824,266811071591	1	1314,45923957097	824,266811071591
8337	683,059510192998	641,964679829544	1	1316,940489807	641,964679829544
8582	561,988312063865	161,438904072318	1	1438,01168793613	161,438904072318
8602	823,526763916016	196,272709117167	1	1176,47323608398	196,272709117167
8616	871,944816886444	291,833708982764	1	1128,05518311356	291,833708982764
8646	898,397088478349	324,86183683765	1	1101,60291152165	324,86183683765
8658	903,466162509325	347,781638399866	1	1096,53383749068	347,781638399866
8726	896,974737447886	258,107638819088	1	1103,02526255211	258,107638819088
8739	946,174399966721	390,028015015043	1	1053,82560003328	390,028015015043
8744	890,421593793385	297,722129324402	1	1109,57840620661	297,722129324402
8781	918,11209537678	342,169227231032	1	1081,88790462322	342,169227231032
8787	1136,56396180681	561,533913980604	1	863,436038193185	561,533913980604
8837	1087,2232198402	551,574791871896	1	912,776780159799	551,574791871896
8840	1130,00418904433	471,315824548743	1	869,995810955674	471,315824548743
8857	1142,05083131159	479,213113533718	1	857,949168688412	479,213113533718
8881	1163,93736310921	470,637976502576	1	836,062636890787	470,637976502576
8883	1210,72852338661	480,177490991907	1	789,271476613394	480,177490991907
8898	1187,60130754402	491,554820218928	1	812,398692455983	491,554820218928
8910	1194,45613455937	447,433029900521	1	805,543865440631	447,433029900521
8923	1207,11526441035	427,028416762942	1	792,884735589646	427,028416762942
8944	1224,29836520773	442,353132468255	1	775,701634792268	442,353132468255
8965	1240,76472603162	415,818256414214	1	759,235273968383	415,818256414214
8995	1234,60612811452	449,074021050186	1	765,393871885481	449,074021050186
9011	1208,26599547024	454,398721184105	1	791,73400452976	454,398721184105
9015	1208,99943549382	459,651553307454	1	791,000564506177	459,651553307454
9032	1175,55504880642	477,533988992769	1	824,444951193575	477,533988992769
9052	1159,40037088446	379,150039179324	1	840,599629115539	379,150039179324
9063	1144,9455675824	394,518109055625	1	855,054432417602	394,518109055625
9088	1154,93441295509	411,571523218921	1	845,065587044905	411,571523218921
9093	1168,20530929899	387,378005776125	1	831,794690701014	387,378005776125
9113	1153,01075760999	420,653030235653	1	846,989242390014	420,653030235653
9152	1160,59290924463	374,827267227537	1	839,407090755372	374,827267227537
9211	1014,84479688132	657,935915343641	1	985,155203118679	657,935915343641
9244	1006,59489801401	473,829623807169	1	993,405101985993	473,829623807169
9257	1066,29822694159	468,97517357436	1	933,701773058408	468,97517357436
9275	1251,37783668297	351,330490677818	1	748,622163317032	351,330490677818
9308	1258,12783407222	337,219935343603	1	741,872165927784	337,219935343603
9316	1278,66923064657	364,465785886033	1	721,330769353428	364,465785886033
9331	1328,89077867914	355,660762586914	1	671,109221320858	355,660762586914
9364	1358,91530151012	375,219690934022	1	641,08469848988	375,219690934022
9388	1409,66310630167	337,102164904608	1	590,336893698335	337,102164904608
9394	1395,91893888494	350,021519624959	1	604,081061115064	350,021519624959
9408	1390,47592512667	358,906904041018	1	609,524074873334	358,906904041018
9423	1378,10312624443	383,242803090769	1	621,896873755565	383,242803090769
9456	1398,97116466034	393,095947230094	1	601,028835339657	393,095947230094
9473	1419,28081361026	419,85145394574	1	580,719186389742	419,85145394574
9489	1426,87452448653	386,882665759387	1	573,12547551347	386,882665759387
9504	1428,11215138055	430,745922591447	1	571,887848619447	430,745922591447
9515	1424,58649375189	431,945760035251	1	575,413506248114	431,945760035251
9529	1415,29024788495	511,048784772828	1	584,709752115047	511,048784772828
9549	1396,36707109309	521,372379916145	1	603,632928906915	521,372379916145
9572	1399,31041404179	510,685180298335	1	600,689585958214	510,685180298335
9577	1342,19260044191	505,284296217376	1	657,807399558088	505,284296217376
9602	1317,32194606187	495,087858296873	1	682,678053938132	495,087858296873
9633	1310,28243327291	490,689000485917	1	689,717566727087	490,689000485917
9637	1339,95693129903	514,085858394889	1	660,043068700974	514,085858394889
9647	1346,99366684639	517,367907491411	1	653,006333153605	517,367907491411
9683	1346,58754336156	498,808795811974	1	653,412456638436	498,808795811974
9693	1362,04188225893	499,768154685536	1	637,958117741074	499,768154685536
9711	1364,98080678612	501,524624829575	1	635,019193213882	501,524624829575
9725	1360,57936625334	528,347167476179	1	639,420633746657	528,347167476179
9757	1378,84351165419	508,213907680051	1	621,156488345815	508,213907680051
9773	1369,57088146414	518,516977177568	1	630,42911853586	518,516977177568
9792	1360,47209358063	538,676495791742	1	639,52790641937	538,676495791742
9801	1360,57198752055	540,2320042924	1	639,428012479452	540,2320042924
9818	1360,99281059287	542,355916770683	1	639,007189407134	542,355916770683
9833	1348,63901320756	568,701115843964	1	651,36098679244	568,701115843964
9847	1347,01403322941	573,288336797727	1	652,985966770594	573,288336797727
9866	1335,25301452157	579,039917602351	1	664,746985478434	579,039917602351
9892	1361,68735672588	569,869490379606	1	638,312643274119	569,869490379606
9923	1400,95197699888	547,514218671041	1	599,048023001124	547,514218671041
9932	1409,95227027812	548,93384678361	1	590,047729721882	548,93384678361
9936	1413,730619285	573,470732741592	1	586,269380714996	573,470732741592
9964	1414,02670242158	574,087896153396	1	585,973297578421	574,087896153396
9977	1414,07970402429	571,303852591922	1	585,920295975713	571,303852591922
9980	1414,39397425547	616,37323599725	1	585,606025744527	616,37323599725
9995	1418,69793416227	648,225630168268	1	581,302065837729	648,225630168268
10009	1408,03422707943	617,351496791646	1	591,965772920572	617,351496791646
