22	1214,98287744157	844,782676326605	1	785,01712255843	844,782676326605
56	1202,13919892094	853,561654750001	1	797,860801079062	853,561654750001
84	1204,55966054912	853,151338726611	1	795,440339450879	853,151338726611
87	1199,34877814032	854,452984515447	1	800,651221859684	854,452984515447
100	1200,86998611257	853,184675219833	1	799,130013887434	853,184675219833
103	1202,00677857792	852,179937488381	1	797,993221422081	852,179937488381
105	1204,647414357	854,407393890991	1	795,352585642998	854,407393890991
121	1204,64736342804	852,53232772439	1	795,352636571963	852,53232772439
136	1205,68576389033	854,090774500693	1	794,314236109666	854,090774500693
155	1206,8834015286	856,954254173816	1	793,116598471401	856,954254173816
169	1209,29619793036	860,79340848696	1	790,703802069639	860,79340848696
187	1209,26161283649	847,715274122526	1	790,738387163507	847,715274122526
202	1204,57944553868	842,750657545921	1	795,420554461319	842,750657545921
218	1209,6276331188	838,932690226937	1	790,372366881197	838,932690226937
232	1208,54930356647	833,275453003753	1	791,450696433533	833,275453003753
248	1208,41740864677	834,777867234943	1	791,582591353227	834,777867234943
301	1200,9520679389	714,667069664512	1	799,047932061098	714,667069664512
320	1216,1046761981	774,287985531727	1	783,895323801898	774,287985531727
322	1217,64990770354	778,076155446987	1	782,350092296456	778,076155446987
324	1221,50211718196	757,192433431081	1	778,497882818042	757,192433431081
634	1159,58386269974	481,979642452208	1	840,416137300263	481,979642452208
722	1136,44067461822	632,527091494811	1	863,559325381776	632,527091494811
745	1227,86110689725	612,109300224538	1	772,138893102751	612,109300224538
755	1222,42260418742	612,491057580888	1	777,577395812584	612,491057580888
774	1218,47170358502	615,804180402911	1	781,528296414984	615,804180402911
788	1210,16379413678	628,636225954907	1	789,83620586322	628,636225954907
791	1213,07253533594	640,113462574438	1	786,92746466406	640,113462574438
819	1224,10532968888	790,999923798144	1	775,894670311125	790,999923798144
838	1220,62354456141	786,957340188624	1	779,376455438588	786,957340188624
840	1212,20407663815	835,808521664323	1	787,795923361854	835,808521664323
869	1214,13117988962	838,966078116626	1	785,868820110381	838,966078116626
888	1206,83995177496	826,332784285239	1	793,160048225036	826,332784285239
901	1208,83362889203	823,431228848362	1	791,166371107967	823,431228848362
914	1200,2598466113	791,148445899191	1	799,7401533887	791,148445899191
932	1198,39214656094	802,030806739499	1	801,607853439061	802,030806739499
959	1171,62721705427	750,339734614339	1	828,372782945727	750,339734614339
971	1198,06853612926	744,395614336397	1	801,931463870739	744,395614336397
993	1233,57285292837	729,769392490968	1	766,427147071625	729,769392490968
997	1241,54613251303	690,856536240185	1	758,453867486969	690,856536240185
1045	1247,83734315259	683,178954787214	1	752,162656847406	683,178954787214
1066	1254,5900821081	667,033007209864	1	745,409917891898	667,033007209864
1070	1268,6364679164	579,238050751805	1	731,363532083599	579,238050751805
1105	1264,7482841451	576,748657911555	1	735,251715854901	576,748657911555
1112	1274,44477170348	570,366195493467	1	725,555228296523	570,366195493467
1133	1274,02815546082	566,848149659413	1	725,971844539183	566,848149659413
1201	1276,60104807605	578,845147420381	1	723,398951923947	578,845147420381
1207	1269,40513914379	583,681260318219	1	730,594860856207	583,681260318219
1221	1262,63645525347	574,317209630642	1	737,363544746525	574,317209630642
1232	1262,41153495817	574,908867421899	1	737,588465041828	574,908867421899
1271	1276,32838619419	656,265458561688	1	723,671613805813	656,265458561688
1279	1281,20408524721	620,571760709414	1	718,795914752792	620,571760709414
1281	1292,53050152391	624,320482732432	1	707,469498476089	624,320482732432
1294	1292,50580854973	625,200497799749	1	707,494191450272	625,200497799749
1326	1324,01900031552	529,724088811054	1	675,980999684482	529,724088811054
1336	1319,92833919751	540,563280185518	1	680,071660802491	540,563280185518
1362	1328,92536340443	503,882314007767	1	671,074636595567	503,882314007767
1379	1315,21262522178	516,277155290903	1	684,787374778224	516,277155290903
1393	1303,07307679472	526,423095230617	1	696,926923205281	526,423095230617
1417	1274,49579482179	471,472888969899	1	725,504205178207	471,472888969899
1450	1278,16887336751	454,593785848656	1	721,831126632491	454,593785848656
1457	1281,07060310002	417,141261326551	1	718,929396899982	417,141261326551
1520	1292,61696463854	366,621569034084	1	707,383035361458	366,621569034084
1536	1297,37732095447	403,880141920188	1	702,622679045533	403,880141920188
1545	1326,58520557653	341,073916598243	1	673,414794423468	341,073916598243
1548	1345,77256362104	315,358562037864	1	654,227436378957	315,358562037864
1549	1354,06305122691	286,091623337029	1	645,936948773091	286,091623337029
1551	1329,69141918364	281,541143339641	1	670,30858081636	281,541143339641
1557	1332,50927391736	370,188819966288	1	667,490726082644	370,188819966288
1579	1337,45288834398	367,379043684992	1	662,547111656016	367,379043684992
1597	1339,11493492627	356,537347574958	1	660,885065073733	356,537347574958
1619	1325,3903050032	285,152377825699	1	674,609694996801	285,152377825699
1635	1334,88021486246	324,50228473097	1	665,119785137544	324,50228473097
1653	1357,66746950756	334,233357175449	1	642,332530492444	334,233357175449
1669	1363,73985606993	298,917038322442	1	636,260143930067	298,917038322442
1685	1356,32111292396	336,70593123986	1	643,678887076043	336,70593123986
1700	1346,24191811762	366,447871485793	1	653,758081882383	366,447871485793
1734	1375,7526910407	310,702522423837	1	624,2473089593	310,702522423837
1736	1351,01020654035	365,186540098403	1	648,989793459651	365,186540098403
1770	1362,13424149306	325,436604854808	1	637,865758506944	325,436604854808
1807	1374,10899532027	295,068738892028	1	625,891004679728	295,068738892028
1822	1379,38771322306	279,882654623651	1	620,612286776937	279,882654623651
1838	1368,77909622266	297,158758370384	1	631,220903777343	297,158758370384
1863	1383,19243047723	341,266246384947	1	616,807569522773	341,266246384947
1879	1349,5907102266	339,084889285706	1	650,409289773404	339,084889285706
1893	1352,54097444657	407,731551769272	1	647,459025553431	407,731551769272
1922	1390,92860326371	459,962675751361	1	609,071396736295	459,962675751361
1940	1392,89369699456	400,332475999124	1	607,106303005444	400,332475999124
1988	1398,69924988689	456,835502426279	1	601,300750113107	456,835502426279
1997	1396,18323777478	372,536091080941	1	603,816762225219	372,536091080941
2015	1380,24483901537	365,057621688375	1	619,755160984631	365,057621688375
2030	1353,1081713209	386,35613334935	1	646,891828679103	386,35613334935
2071	1352,58752559644	392,023661309871	1	647,412474403564	392,023661309871
2089	1362,54666250958	413,654736878986	1	637,453337490423	413,654736878986
2103	1350,63423628224	422,140214789789	1	649,36576371776	422,140214789789
2132	1364,81297368866	432,986456390718	1	635,187026311343	432,986456390718
2140	1379,15906246515	457,121731653788	1	620,840937534854	457,121731653788
2147	1389,01195322966	476,371233539314	1	610,988046770336	476,371233539314
2164	1398,52372066067	477,558336286128	1	601,47627933933	477,558336286128
2197	1405,49651638413	475,75849724936	1	594,503483615869	475,75849724936
2198	1395,94627620502	530,527632611856	1	604,053723794979	530,527632611856
2224	1405,57170821887	521,831955254903	1	594,428291781128	521,831955254903
2241	1403,8411451021	527,426638791141	1	596,158854897901	527,426638791141
2263	1407,47949894443	494,660501154746	1	592,520501055568	494,660501154746
2267	1407,62150774008	491,251533418473	1	592,378492259919	491,251533418473
2284	1423,1433193705	502,391316608836	1	576,856680629504	502,391316608836
2297	1426,23116036397	473,978247954747	1	573,768839636026	473,978247954747
2326	1427,82770299936	466,992859571281	1	572,172297000641	466,992859571281
2328	1424,63453825097	461,937534375911	1	575,365461749025	461,937534375911
2356	1423,16501595773	483,101044881462	1	576,834984042268	483,101044881462
2386	1433,5791489854	539,068117712356	1	566,420851014603	539,068117712356
2391	1450,37289009033	507,154084633924	1	549,627109909673	507,154084633924
2410	1426,27516615762	464,477146564963	1	573,724833842381	464,477146564963
2413	1437,18799263951	520,301612047744	1	562,812007360485	520,301612047744
2467	1387,5072304011	464,462937905261	1	612,492769598905	464,462937905261
2491	1385,67687844092	456,257523063458	1	614,323121559078	456,257523063458
2498	1393,50522679331	428,997980406338	1	606,494773206688	428,997980406338
2500	1393,74940963186	427,186307172605	1	606,250590368137	427,186307172605
2502	1394,0484223005	422,432370025482	1	605,951577699505	422,432370025482
2523	1397,47296604312	423,656359049641	1	602,527033956877	423,656359049641
2537	1405,68535742839	436,209831551126	1	594,314642571613	436,209831551126
2556	1407,15931402506	441,824626802753	1	592,840685974943	441,824626802753
2572	1399,04453017996	480,98105310169	1	600,955469820036	480,98105310169
2588	1400,47474825367	466,756352409439	1	599,525251746327	466,756352409439
2603	1391,30305999696	484,270555547433	1	608,696940003036	484,270555547433
2630	1393,82961158875	474,727652013976	1	606,170388411247	474,727652013976
2653	1359,02276429585	474,689732939082	1	640,977235704147	474,689732939082
2654	1343,22999697808	480,617619305198	1	656,770003021924	480,617619305198
2680	1314,30542245553	495,969924201565	1	685,694577544465	495,969924201565
2684	1205,2947604546	543,170089004019	1	794,705239545397	543,170089004019
2699	1182,67194626145	553,844570034275	1	817,328053738552	553,844570034275
2718	1144,2514551898	566,784939883865	1	855,7485448102	566,784939883865
2735	1108,59807352637	589,581045792738	1	891,401926473628	589,581045792738
2749	1079,30706758835	601,875741119137	1	920,69293241165	601,875741119137
2765	1052,96218136573	614,64663207926	1	947,037818634272	614,64663207926
2782	1012,89162403334	642,520424038085	1	987,108375966656	642,520424038085
2823	988,174296452615	625,312332409278	1	1011,82570354739	625,312332409278
2828	959,753994592113	698,497861479971	1	1040,24600540789	698,497861479971
2845	920,695849322604	744,603885519869	1	1079,3041506774	744,603885519869
2878	920,231976085337	737,541292534673	1	1079,76802391466	737,541292534673
2882	935,551929749846	712,584768713677	1	1064,44807025015	712,584768713677
2905	961,227010417016	648,816073868177	1	1038,77298958298	648,816073868177
2927	996,373352306984	569,085882295588	1	1003,62664769302	569,085882295588
2930	978,690300918392	608,821990671073	1	1021,30969908161	608,821990671073
2940	990,266743625633	565,69675131225	1	1009,73325637437	565,69675131225
2995	982,773642851264	588,871546238548	1	1017,22635714874	588,871546238548
3010	965,578037899656	625,900301373232	1	1034,42196210034	625,900301373232
3013	924,389423055991	677,806128176165	1	1075,61057694401	677,806128176165
3016	880,353078735224	723,665877505265	1	1119,64692126478	723,665877505265
3024	867,967167132594	715,024691381824	1	1132,03283286741	715,024691381824
3030	849,53941923336	696,777538915768	1	1150,46058076664	696,777538915768
3050	845,456981856177	723,945741843406	1	1154,54301814382	723,945741843406
3064	810,927125928068	680,404231253711	1	1189,07287407193	680,404231253711
3078	790,488197496669	674,538665162855	1	1209,51180250333	674,538665162855
3092	768,708417271083	683,067829288726	1	1231,29158272892	683,067829288726
3127	738,39195091704	780,570748823749	1	1261,60804908296	780,570748823749
3141	759,85934330295	790,01348394426	1	1240,14065669705	790,01348394426
3152	764,196408079393	727,792510564233	1	1235,80359192061	727,792510564233
3186	763,307856845075	773,100726800922	1	1236,69214315492	773,100726800922
3189	748,622948994664	792,450204626109	1	1251,37705100534	792,450204626109
3203	747,540349723942	798,666366867383	1	1252,45965027606	798,666366867383
3219	744,234408536719	811,515231977033	1	1255,76559146328	811,515231977033
3224	745,50469709218	817,938034295292	1	1254,49530290782	817,938034295292
3246	740,441081515514	823,828370135837	1	1259,55891848449	823,828370135837
3267	745,212077924424	828,386140619492	1	1254,78792207558	828,386140619492
3285	746,222262268149	824,582923947898	1	1253,77773773185	824,582923947898
3305	746,453903953212	824,49887383001	1	1253,54609604679	824,49887383001
3319	745,867396424781	825,663582644684	1	1254,13260357522	825,663582644684
3342	744,815012075778	825,885458516107	1	1255,18498792422	825,885458516107
3360	745,414657539566	828,095671179916	1	1254,58534246043	828,095671179916
3373	746,299787315194	831,441342657145	1	1253,70021268481	831,441342657145
3378	747,288754961261	833,157140903119	1	1252,71124503874	833,157140903119
3433	748,852762497536	840,084529731527	1	1251,14723750246	840,084529731527
3448	749,917876582753	852,659120286237	1	1250,08212341725	852,659120286237
3453	752,577224655341	866,40732132784	1	1247,42277534466	866,40732132784
3467	751,810278469371	864,70915145175	1	1248,18972153063	864,70915145175
3482	751,736847028855	850,247854397059	1	1248,26315297115	850,247854397059
3503	752,396147907829	843,651837075218	1	1247,60385209217	843,651837075218
3517	757,218229832899	854,940941875753	1	1242,7817701671	854,940941875753
3544	755,291063103686	854,5798961233	1	1244,70893689631	854,5798961233
3550	754,795801658967	853,327240429084	1	1245,20419834103	853,327240429084
3574	754,076722948475	851,870869059464	1	1245,92327705153	851,870869059464
3583	753,656531963776	854,069880405431	1	1246,34346803622	854,069880405431
3618	753,531411169646	855,056028282728	1	1246,46858883035	855,056028282728
3632	751,829514449999	856,029543974449	1	1248,17048555	856,029543974449
3650	750,465611832331	860,681423547038	1	1249,53438816767	860,681423547038
3680	750,391897543351	861,415673150361	1	1249,60810245665	861,415673150361
3682	750,861497708213	861,85008725002	1	1249,13850229179	861,85008725002
3693	752,582951976871	865,317952846654	1	1247,41704802313	865,317952846654
3728	752,895642256819	867,293384262	1	1247,10435774318	867,293384262
3763	753,363533668924	868,307158725743	1	1246,63646633108	868,307158725743
3771	742,326183899057	857,437160255579	1	1257,67381610094	857,437160255579
3773	743,385870804506	857,314916045789	1	1256,61412919549	857,314916045789
3796	783,849924221886	851,050020735594	1	1216,15007577811	851,050020735594
3812	777,453034930071	853,430946736377	1	1222,54696506993	853,430946736377
3844	1074,02312542882	830,014915104877	1	925,976874571177	830,014915104877
3904	1162,42034895444	825,23556612412	1	837,579651045563	825,23556612412
3909	1169,87596481424	828,711973252558	1	830,12403518576	828,711973252558
3920	1170,13807150667	830,780355592438	1	829,861928493329	830,780355592438
3956	1167,95469012191	832,821971689051	1	832,045309878092	832,821971689051
3963	1167,14853971835	833,460448007475	1	832,851460281651	833,460448007475
3976	1166,5954813642	833,277562497585	1	833,404518635802	833,277562497585
3984	1158,50992418101	835,625906282598	1	841,490075818994	835,625906282598
4000	1156,28292902919	841,754261844957	1	843,717070970806	841,754261844957
4026	1159,23842950332	841,973738684468	1	840,761570496679	841,973738684468
4047	1157,85589333506	844,276718490627	1	842,144106664937	844,276718490627
4051	1160,50343791112	848,80811803514	1	839,496562088878	848,80811803514
4070	1161,91539643154	851,856694882807	1	838,084603568457	851,856694882807
4084	1168,75133780446	848,437267154539	1	831,248662195538	848,437267154539
4104	1171,70831376978	847,710880217363	1	828,291686230222	847,710880217363
4126	1170,90113478199	849,482941642617	1	829,098865218006	849,482941642617
4131	1168,69689071462	851,510269054999	1	831,303109285381	851,510269054999
4147	1168,42073627591	849,219452446337	1	831,579263724087	849,219452446337
4169	1175,99853868709	853,866985883372	1	824,001461312906	853,866985883372
4211	1172,88308428735	853,815215355254	1	827,116915712649	853,815215355254
4219	1180,82375641383	847,093666213446	1	819,17624358617	847,093666213446
4221	1198,1873193634	849,118666948515	1	801,812680636605	849,118666948515
4237	1197,63383577586	849,697514459728	1	802,366164224139	849,697514459728
4253	1241,59567144061	844,770283990151	1	758,404328559387	844,770283990151
4271	1243,2313759234	845,207084349557	1	756,768624076605	845,207084349557
4278	1245,94139302413	844,087543371746	1	754,058606975875	844,087543371746
4292	1247,48367914204	842,256547294943	1	752,516320857957	842,256547294943
4341	1246,38362726428	839,828617290292	1	753,616372735725	839,828617290292
4350	1242,79447603864	841,480740111515	1	757,205523961363	841,480740111515
4372	1242,34661269377	841,464503920198	1	757,653387306229	841,464503920198
4399	1194,83462784511	838,851957552617	1	805,165372154886	838,851957552617
4451	1184,71939659333	836,635923880099	1	815,280603406673	836,635923880099
4457	915,713702199124	762,045476392679	1	1084,28629780088	762,045476392679
4460	742,509808712933	718,062125935967	1	1257,49019128707	718,062125935967
4486	633,278175245853	686,896291181505	1	1366,72182475415	686,896291181505
4501	625,447019999388	686,913830521678	1	1374,55298000061	686,913830521678
4517	616,179263497669	685,742782930763	1	1383,82073650233	685,742782930763
4538	611,003483915463	680,398702943164	1	1388,99651608454	680,398702943164
4554	609,55495523389	683,649620321035	1	1390,44504476611	683,649620321035
4570	605,615712999742	675,9418544853	1	1394,38428700026	675,9418544853
4573	606,43197506445	675,61523874498	1	1393,56802493555	675,61523874498
4591	606,478478174697	668,355228464538	1	1393,5215218253	668,355228464538
5015	822,186089179277	113,111324957281	0			1177,81391082072	113,111324957281
5066	932,937335659385	401,566441851477	1	1067,06266434061	401,566441851477
5086	1010,3720873468	295,127120689343	1	989,627912653201	295,127120689343
5114	1011,65349073507	360,65648445934	1	988,346509264934	360,65648445934
5130	948,315116850118	566,270180302317	1	1051,68488314988	566,270180302317
5173	931,836720211581	447,928941914045	1	1068,16327978842	447,928941914045
5219	935,508397916907	204,701807120638	1	1064,49160208309	204,701807120638
5240	922,327618562549	248,98764288035	1	1077,67238143745	248,98764288035
5254	929,371949134848	226,38678313618	1	1070,62805086515	226,38678313618
5266	918,213019925455	245,387579843941	1	1081,78698007454	245,387579843941
5283	911,191496874168	265,742320021957	1	1088,80850312583	265,742320021957
5301	859,921962579795	551,268454136983	1	1140,0780374202	551,268454136983
5309	867,470780601293	533,081615589419	1	1132,52921939871	533,081615589419
5338	893,02710729828	485,950959764604	1	1106,97289270172	485,950959764604
5344	900,380965826914	527,104658782613	1	1099,61903417309	527,104658782613
5393	949,563278296698	377,040467575011	1	1050,4367217033	377,040467575011
5441	996,338924454505	282,439860384374	1	1003,66107554549	282,439860384374
5475	1081,36463603172	360,239937671608	1	918,635363968282	360,239937671608
5491	1124,44483064043	468,89441803444	1	875,555169359569	468,89441803444
5537	1115,81620732905	527,434569139311	1	884,18379267095	527,434569139311
5541	1082,06679573487	624,442096815537	1	917,933204265129	624,442096815537
5557	1087,0272957561	663,781209507015	1	912,972704243898	663,781209507015
5565	1102,83439118935	679,775106858021	1	897,165608810655	679,775106858021
5589	1108,40502074458	686,75079461845	1	891,594979255415	686,75079461845
5625	1129,92504357703	637,196055549028	1	870,074956422975	637,196055549028
5630	1129,9335922439	645,505207072415	1	870,0664077561	645,505207072415
5649	1130,73176467189	645,807819939277	1	869,268235328112	645,807819939277
5651	1130,79639984487	661,582668859541	1	869,203600155127	661,582668859541
5678	1122,82652572197	677,218285851104	1	877,173474278027	677,218285851104
5689	1127,68602967556	656,811693633669	1	872,313970324436	656,811693633669
5701	1133,9783757531	658,474488825497	1	866,021624246903	658,474488825497
5741	1149,21159017635	605,734636620661	1	850,788409823646	605,734636620661
5743	1153,06881479357	653,489859759554	1	846,931185206425	653,489859759554
5745	1225,68605631787	685,843010110717	1	774,313943682128	685,843010110717
5761	1258,39735030708	655,809299444782	1	741,602649692916	655,809299444782
5774	1261,19999491126	661,788969049927	1	738,800005088738	661,788969049927
5793	1260,6382223698	669,850270793983	1	739,361777630205	669,850270793983
5859	1255,21575410614	690,6409673393	1	744,784245893862	690,6409673393
5866	1246,5212894783	703,701225620802	1	753,478710521705	703,701225620802
5873	1256,91130165991	676,191521713742	1	743,088698340089	676,191521713742
5878	1257,84899452081	644,472461415625	1	742,151005479193	644,472461415625
5880	1259,48426592598	643,519857907715	1	740,51573407402	643,519857907715
5893	1259,58595294731	659,145971649162	1	740,41404705269	659,145971649162
5915	1259,24423340282	659,635829601066	1	740,755766597184	659,635829601066
5929	1260,09973655819	660,416346334939	1	739,900263441811	660,416346334939
5953	1263,19119800055	666,3776325437	1	736,80880199945	666,3776325437
5981	1264,02604997006	691,528865188602	1	735,973950029941	691,528865188602
5993	1266,36778788191	691,943970631392	1	733,632212118089	691,943970631392
6002	1268,90621910536	690,435974391873	1	731,093780894642	690,435974391873
6018	1272,88030040714	688,272921365129	1	727,119699592863	688,272921365129
6035	1272,36282045232	687,127677500034	1	727,637179547684	687,127677500034
6061	1268,72674960978	685,670210532275	1	731,273250390222	685,670210532275
6069	1269,35040271203	686,066486285561	1	730,649597287973	686,066486285561
6090	1268,35463516876	682,699743661575	1	731,645364831238	682,699743661575
6124	1277,86246582288	631,419748409963	1	722,137534177122	631,419748409963
6141	1281,43671814466	618,985422913157	1	718,563281855336	618,985422913157
6151	1277,49697817644	598,48851874241	1	722,503021823564	598,48851874241
6167	1272,77625312739	564,129430298162	1	727,223746872608	564,129430298162
6188	1275,94472069886	532,332491399116	1	724,055279301142	532,332491399116
6198	1266,87383632278	535,27795971624	1	733,126163677221	535,27795971624
6214	1254,51458698052	554,668369425573	1	745,485413019483	554,668369425573
6226	1268,46999789942	486,51794573244	1	731,530002100579	486,51794573244
6241	1266,50245387657	490,039800781434	1	733,497546123426	490,039800781434
6289	1247,18336135825	534,246081747702	1	752,816638641751	534,246081747702
6302	1244,70790621128	540,467105559894	1	755,292093788719	540,467105559894
6314	1230,40822168603	593,63429494146	1	769,591778313974	593,63429494146
6321	1244,47827288645	546,859922620696	1	755,521727113548	546,859922620696
6338	1257,48315891167	521,451653854941	1	742,51684108833	521,451653854941
6359	1264,03034103524	508,825262311785	1	735,969658964759	508,825262311785
6382	1263,89276790812	496,212867964915	1	736,107232091878	496,212867964915
6391	1225,73986626139	549,882360587412	1	774,260133738612	549,882360587412
6418	1189,61074903787	642,789852241212	1	810,389250962127	642,789852241212
6447	1207,03064159331	563,286689834604	1	792,969358406693	563,286689834604
6470	1210,69763431344	487,408063642429	1	789,302365686559	487,408063642429
6489	1127,60478248453	573,046328009876	1	872,395217515472	573,046328009876
6509	1049,66363107062	600,329258183764	1	950,33636892938	600,329258183764
6523	1039,84821799824	559,168760619766	1	960,151782001755	559,168760619766
6546	976,477990248858	616,530748502706	1	1023,52200975114	616,530748502706
6612	963,285559251564	556,953232689851	1	1036,71444074844	556,953232689851
6626	947,49144176003	691,69973550426	1	1052,50855823997	691,69973550426
6633	958,300818706823	606,351996796064	1	1041,69918129318	606,351996796064
6665	945,906496472958	691,68140411158	1	1054,09350352704	691,68140411158
6671	939,133338895981	698,851596020749	1	1060,86666110402	698,851596020749
6677	954,868070170996	667,919579115279	1	1045,131929829	667,919579115279
6680	964,956564426487	665,846549478733	1	1035,04343557351	665,846549478733
6696	971,369322860344	653,732715177168	1	1028,63067713966	653,732715177168
6727	1017,6404263456	656,254237860222	1	982,359573654395	656,254237860222
6755	1059,82125750608	711,519504031552	1	940,178742493919	711,519504031552
6767	1126,43286407143	798,726111677989	1	873,567135928575	798,726111677989
6783	1134,3653375583	793,608709576353	1	865,634662441699	793,608709576353
6785	1139,29227797975	796,994146785255	1	860,707722020251	796,994146785255
6827	1143,49482617883	766,033574684013	1	856,50517382117	766,033574684013
6838	1171,64489215064	786,363712452448	1	828,355107849362	786,363712452448
7172	1380,44052370929	697,618687418278	1	619,559476290706	697,618687418278
7188	1298,0867355001	698,70889961094	1	701,913264499899	698,70889961094
7209	1297,24916947694	778,61456300746	1	702,750830523056	778,61456300746
7223	1261,33191369919	760,028770241304	1	738,668086300811	760,028770241304
7230	1260,12163776608	749,923664555092	1	739,878362233916	749,923664555092
7275	1270,1668717257	744,750237732855	1	729,833128274303	744,750237732855
7280	1263,51175619438	758,442593992411	1	736,488243805615	758,442593992411
7292	1244,6284524105	795,727908553207	1	755,371547589503	795,727908553207
7331	1242,72149606114	781,748972734872	1	757,278503938862	781,748972734872
7347	1235,28623049212	785,758111128106	1	764,713769507882	785,758111128106
7361	1208,58376739153	790,403151338856	1	791,416232608474	790,403151338856
7367	1165,15440984709	800,356372857355	1	834,845590152907	800,356372857355
7411	1167,18261063334	798,49911046436	1	832,817389366663	798,49911046436
7485	840,290259697676	639,246285667412	1	1159,70974030232	639,246285667412
7503	874,771003856728	699,541212082506	1	1125,22899614327	699,541212082506
7534	825,876260624595	822,423212667266	1	1174,12373937541	822,423212667266
7551	795,735230511436	831,718597088456	1	1204,26476948856	831,718597088456
7568	803,955829183604	732,04065420849	1	1196,0441708164	732,04065420849
7578	803,829039845141	721,739629301456	1	1196,17096015486	721,739629301456
7593	799,139988511108	760,939457900303	1	1200,86001148889	760,939457900303
7619	791,847692868714	700,023872992396	1	1208,15230713129	700,023872992396
7641	795,008018657569	735,886051616023	1	1204,99198134243	735,886051616023
7666	793,910749276377	730,181468569192	1	1206,08925072362	730,181468569192
7683	794,180912448203	720,105765249376	1	1205,8190875518	720,105765249376
7684	806,198026950405	794,439187035749	1	1193,8019730496	794,439187035749
7702	810,108931900551	825,178849819768	1	1189,89106809945	825,178849819768
7719	811,258800769793	829,824055235119	1	1188,74119923021	829,824055235119
7724	809,5938627723	812,704318477546	1	1190,4061372277	812,704318477546
7744	806,588382763605	837,849508307886	1	1193,41161723639	837,849508307886
7770	802,568693058099	824,709489573125	1	1197,4313069419	824,709489573125
7806	801,457848259938	774,520793983771	1	1198,54215174006	774,520793983771
7820	799,754032964834	750,523992520709	1	1200,24596703517	750,523992520709
7822	808,414134271901	817,774832129811	1	1191,5858657281	817,774832129811
7836	808,794868235905	757,042922347558	1	1191,20513176409	757,042922347558
7858	813,923662024476	739,097466488062	1	1186,07633797552	739,097466488062
8687	939,641859924909	891,538886591483	1	1060,35814007509	891,538886591483
8715	895,875929551603	815,573902384397	1	1104,1240704484	815,573902384397
8759	895,875929551603	815,573902384397	1	1104,1240704484	815,573902384397
8780	902,301880354841	822,854745836793	1	1097,69811964516	822,854745836793
8782	914,286036192859	836,433244215858	1	1085,71396380714	836,433244215858
8787	931,243558624426	855,646753616288	1	1068,75644137557	855,646753616288
8819	858,477528923602	800,580052544167	1	1141,5224710764	800,580052544167
8843	850,548710755518	742,558723506193	1	1149,45128924448	742,558723506193
8889	850,772919979421	703,493861188554	1	1149,22708002058	703,493861188554
8909	852,497693256957	691,010249884936	1	1147,50230674304	691,010249884936
8933	849,635923310478	700,237691409204	1	1150,36407668952	700,237691409204
8954	836,21011391211	656,437574682045	1	1163,78988608789	656,437574682045
8990	844,989602937727	712,035275895257	1	1155,01039706227	712,035275895257
8994	849,890781722821	723,733738424466	1	1150,10921827718	723,733738424466
9025	843,587450731483	751,697892701469	1	1156,41254926852	751,697892701469
9044	845,348111947265	741,049765508849	1	1154,65188805274	741,049765508849
9075	882,624054556737	755,576921923197	1	1117,37594544326	755,576921923197
9094	883,316886050498	767,866743717833	1	1116,6831139495	767,866743717833
9119	884,107993846378	769,295383297665	1	1115,89200615362	769,295383297665
9159	882,156302143903	804,22772418453	1	1117,8436978561	804,22772418453
9181	882,903617907405	806,739415779785	1	1117,09638209259	806,739415779785
9215	883,448482669643	807,077833644754	1	1116,55151733036	807,077833644754
9273	888,963428748657	797,287993834029	1	1111,03657125134	797,287993834029
9300	885,684605562517	800,215799500666	1	1114,31539443748	800,215799500666
9601	1096,00419226588	717,788662669246	1	903,995807734122	717,788662669246
9617	1112,33443473149	647,504005909132	1	887,665565268507	647,504005909132
9675	1106,08857912419	685,44325852037	1	893,911420875809	685,44325852037
9721	1100,60215428423	718,76949451154	1	899,397845715767	718,76949451154
9735	1105,37597219222	717,222764964068	1	894,624027807784	717,222764964068
9766	1109,26377496426	696,595484627964	1	890,736225035741	696,595484627964
9793	1101,17205595799	694,090317008394	1	898,827944042009	694,090317008394
9823	1081,18083720229	692,648017325684	1	918,819162797713	692,648017325684
9890	999,242117181179	668,353294748398	1	1000,75788281882	668,353294748398
9923	999,242117181179	668,353294748398	1	1000,75788281882	668,353294748398
9973	999,242117181179	668,353294748398	1	1000,75788281882	668,353294748398
