77	780,067825317383	468,388765493149	1	1219,93217468262	468,388765493149
119	745,287182261643	470,628574994315	1	1254,71281773836	470,628574994315
204	715,00630301565	505,19271048931	1	1284,99369698435	505,19271048931
218	719,415057687369	517,294036458983	1	1280,58494231263	517,294036458983
260	737,753212566004	462,005667459343	1	1262,246787434	462,005667459343
277	739,142635627673	456,032740744479	1	1260,85736437233	456,032740744479
321	857,240384191322	655,685132216847	1	1142,75961580868	655,685132216847
350	908,550204455324	329,197501437236	1	1091,44979554468	329,197501437236
372	1072,67066308117	398,082076261639	1	927,329336918827	398,082076261639
406	977,472877440514	568,748937955207	1	1022,52712255949	568,748937955207
436	1114,37360080243	789,460834174635	1	885,62639919757	789,460834174635
470	1057,36528140988	648,881438270908	1	942,634718590122	648,881438270908
482	923,124430175613	507,873574628733	1	1076,87556982439	507,873574628733
797	918,258281818871	61,5204281122773	0			1081,74171818113	61,5204281122773
822	919,142531114103	107,834363164893	0			1080,8574688859	107,834363164893
884	919,805612576575	142,56046023394	1	1080,19438742343	142,56046023394
916	920,026879171723	154,148365636428	1	1079,97312082828	154,148365636428
919	1021,92700208555	374,743024606759	1	978,072997914453	374,743024606759
954	934,963716307342	516,414107636058	1	1065,03628369266	516,414107636058
958	972,014725028648	707,696174058994	1	1027,98527497135	707,696174058994
982	1000,65665621593	701,476211178563	1	999,343343784069	701,476211178563
1054	1145,79908253691	387,805813541992	1	854,200917463087	387,805813541992
1076	1145,79908253691	387,805813541992	1	854,200917463087	387,805813541992
1126	1125,41179965615	988,839935779806	0			874,588200343851	988,839935779806
1130	1126,40071414793	990,128748218605	0			873,599285852068	990,128748218605
1161	1104,78688946889	857,381717711729	1	895,213110531109	857,381717711729
1227	1084,46590974372	723,667740505884	1	915,534090256281	723,667740505884
1256	1086,14344920927	731,485787947625	1	913,856550790731	731,485787947625
1266	1090,23987905117	720,959671357421	1	909,760120948834	720,959671357421
1299	1078,85729175957	709,421938658241	1	921,142708240434	709,421938658241
1347	976,7576791777	486,366778539575	1	1023,2423208223	486,366778539575
1367	955,196312007475	440,971176104299	1	1044,80368799252	440,971176104299
1454	940,574427427246	444,148346593731	1	1059,42557257275	444,148346593731
1472	940,4337224075	430,28141927851	1	1059,5662775925	430,28141927851
1488	950,15441336578	415,175842628874	1	1049,84558663422	415,175842628874
1507	953,843880014474	413,188855705747	1	1046,15611998553	413,188855705747
1521	950,513724598324	414,872373290579	1	1049,48627540168	414,872373290579
1524	960,194426580066	419,603080011424	1	1039,80557341993	419,603080011424
1526	957,96077458689	428,328999541623	1	1042,03922541311	428,328999541623
1528	948,21210287246	443,650332981485	1	1051,78789712754	443,650332981485
1579	941,746495024985	458,055356452883	1	1058,25350497502	458,055356452883
1591	941,632367537574	457,992753336374	1	1058,36763246243	457,992753336374
1612	940,804473313904	458,900371057426	1	1059,1955266861	458,900371057426
1655	1007,10187065123	658,687927469939	1	992,898129348767	658,687927469939
1671	1030,75680938372	744,466310183312	1	969,243190616279	744,466310183312
1685	1053,97569844269	837,645040522903	1	946,024301557308	837,645040522903
1706	1027,49765511705	753,332667591757	1	972,502344882946	753,332667591757
1722	1031,75762414505	765,172580083458	1	968,242375854951	765,172580083458
1726	1039,30354142038	792,325490798475	1	960,696458579622	792,325490798475
1760	1020,32004597994	811,553504231549	1	979,67995402006	811,553504231549
1770	982,174507223516	852,485344438548	1	1017,82549277648	852,485344438548
1789	978,339213262334	792,445022514548	1	1021,66078673767	792,445022514548
1808	955,950426010285	722,316348779261	1	1044,04957398972	722,316348779261
1834	953,441556141436	750,509778081535	1	1046,55844385856	750,509778081535
1839	956,44512268091	734,435617705111	1	1043,55487731909	734,435617705111
1861	892,786523442227	756,100335231464	1	1107,21347655777	756,100335231464
1866	892,294522376099	754,784767060156	1	1107,7054776239	754,784767060156
1882	901,152178791295	679,167567156692	1	1098,8478212087	679,167567156692
1904	883,621282316557	701,462795896091	1	1116,37871768344	701,462795896091
1926	897,52490516737	664,238556906269	1	1102,47509483263	664,238556906269
1937	898,456238318942	676,636446501185	1	1101,54376168106	676,636446501185
1956	894,903772566836	696,534243388661	1	1105,09622743316	696,534243388661
1970	907,776302855674	646,05307378924	1	1092,22369714433	646,05307378924
1986	883,372219485517	701,653022720552	1	1116,62778051448	701,653022720552
1997	882,761161014292	720,259316171365	1	1117,23883898571	720,259316171365
2024	884,037852841365	741,049902827218	1	1115,96214715864	741,049902827218
2068	884,832990658166	764,692323216694	1	1115,16700934183	764,692323216694
2078	885,567774163228	761,685322732607	1	1114,43222583677	761,685322732607
2085	885,422094244474	757,337481759445	1	1114,57790575553	757,337481759445
2088	876,273025227212	750,519694763246	1	1123,72697477279	750,519694763246
2105	852,249932014842	738,249329385708	1	1147,75006798516	738,249329385708
2119	862,148446533185	717,171743459958	1	1137,85155346682	717,171743459958
2133	862,727607299959	708,808588805123	1	1137,27239270004	708,808588805123
2173	864,112804072351	718,072850026865	1	1135,88719592765	718,072850026865
2184	857,962621138067	717,398527798088	1	1142,03737886193	717,398527798088
2209	855,578652525844	712,758865798713	1	1144,42134747416	712,758865798713
2225	856,293484689574	713,21431035789	1	1143,70651531043	713,21431035789
2273	852,052912155866	709,600056903853	1	1147,94708784413	709,600056903853
2356	927,543259901522	840,133763499001	1	1072,45674009848	840,133763499001
2374	928,76979501243	790,901151649628	1	1071,23020498757	790,901151649628
2396	936,183153559609	777,201407148356	1	1063,81684644039	777,201407148356
2414	906,216953821577	712,13497555229	1	1093,78304617842	712,13497555229
2432	902,390362098868	758,481737042968	1	1097,60963790113	758,481737042968
2444	904,557076518752	784,028100919104	1	1095,44292348125	784,028100919104
2465	904,073523608018	729,142452627799	1	1095,92647639198	729,142452627799
2482	901,232219628199	702,787990971585	1	1098,7677803718	702,787990971585
2613	813,371563266396	707,15220752722	1	1186,6284367336	707,15220752722
2629	710,636047560806	760,844549423899	1	1289,36395243919	760,844549423899
2674	725,511526251797	617,994520579245	1	1274,4884737482	617,994520579245
2811	664,816857001542	770,478185915381	1	1335,18314299846	770,478185915381
2838	543,641795926881	794,302958710368	1	1456,35820407312	794,302958710368
2848	501,906887999278	766,663511625085	1	1498,09311200072	766,663511625085
2884	503,628444393859	767,110049540909	1	1496,37155560614	767,110049540909
2886	517,103615537696	770,008407662428	1	1482,8963844623	770,008407662428
2895	526,207085126529	770,494632680437	1	1473,79291487347	770,494632680437
2917	514,24147301178	764,795238070835	1	1485,75852698822	764,795238070835
2971	502,817500162744	758,236270902501	1	1497,18249983726	758,236270902501
3005	481,282275104522	787,455594412533	1	1518,71772489548	787,455594412533
3033	475,043768494897	790,165885538038	1	1524,9562315051	790,165885538038
3065	474,886785816021	767,081248889698	1	1525,11321418398	767,081248889698
3085	474,871549243773	772,650992033793	1	1525,12845075623	772,650992033793
3139	482,398944786236	712,039805275129	1	1517,60105521376	712,039805275129
3172	683,104591332365	577,233698955855	1	1316,89540866764	577,233698955855
3174	626,31260138687	601,588354837955	1	1373,68739861313	601,588354837955
3184	623,60519964771	649,128618606445	1	1376,39480035229	649,128618606445
3215	604,610126774553	669,654636178854	1	1395,38987322545	669,654636178854
3235	609,139577746226	638,135503274603	1	1390,86042225377	638,135503274603
3275	537,443503866091	459,114294750745	1	1462,55649613391	459,114294750745
3314	516,692907535985	233,555449972462	1	1483,30709246402	233,555449972462
3360	531,548983780866	232,97070906024	1	1468,45101621913	232,97070906024
3411	539,234445318821	236,083104358875	1	1460,76555468118	236,083104358875
3433	232,093035750405	729,694928508848	0			1767,9069642496	729,694928508848
3460	172,58320842584	670,066718537811	0			1827,41679157416	670,066718537811
3483	157,15203176212	645,971851141662	0			1842,84796823788	645,971851141662
3499	169,218729798775	645,34683884997	0			1830,78127020122	645,34683884997
3531	565,54777821253	669,670802612969	1	1434,45222178747	669,670802612969
3559	461,515714446241	438,506349506749	1	1538,48428555376	438,506349506749
3577	525,995236123332	473,496817976778	1	1474,00476387667	473,496817976778
3593	779,997200034303	478,255079881859	1	1220,0027999657	478,255079881859
3608	785,662440554457	457,660362162421	1	1214,33755944554	457,660362162421
3611	811,735092125226	618,577141595283	1	1188,26490787477	618,577141595283
3635	836,405156213226	592,755971988888	1	1163,59484378677	592,755971988888
3649	877,04653954189	550,306734998613	1	1122,95346045811	550,306734998613
3664	861,774991157467	652,264822483631	1	1138,22500884253	652,264822483631
3679	859,604247999873	589,651096554504	1	1140,39575200013	589,651096554504
3717	890,676834016997	494,704620542713	1	1109,323165983	494,704620542713
3746	841,094891676037	564,174443572799	1	1158,90510832396	564,174443572799
3770	890,126226297215	447,879504326844	1	1109,87377370279	447,879504326844
3799	872,899045617333	493,511725318924	1	1127,10095438267	493,511725318924
3801	881,945717416334	486,020647045938	1	1118,05428258367	486,020647045938
4104	1097,20381949712	67,2729715154439	0			902,796180502882	67,2729715154439
4125	974,492065034638	479,531028037429	1	1025,50793496536	479,531028037429
4175	916,281734244638	382,133023203139	1	1083,71826575536	382,133023203139
4195	934,962799335124	382,603388740144	1	1065,03720066488	382,603388740144
4229	1080,63399421197	334,323626900243	1	919,366005788025	334,323626900243
4247	1077,29042963576	339,536714411209	1	922,709570364241	339,536714411209
4307	946,768873063956	606,4132966025	1	1053,23112693604	606,4132966025
4322	947,503525568147	474,707062418985	1	1052,49647443185	474,707062418985
4344	887,207768246573	517,281034983763	1	1112,79223175343	517,281034983763
4352	780,006721729928	454,245858698562	1	1219,99327827007	454,245858698562
4381	789,257668387569	479,311673883391	1	1210,74233161243	479,311673883391
4416	784,424615508028	465,445972928577	1	1215,57538449197	465,445972928577
4434	805,506324089444	550,811041614497	1	1194,49367591056	550,811041614497
4477	815,083104381933	469,558419822564	1	1184,91689561807	469,558419822564
4481	809,247853414536	542,380150169502	1	1190,75214658546	542,380150169502
4500	803,582337730812	711,381568585783	1	1196,41766226919	711,381568585783
4514	801,918399265322	681,050813044148	1	1198,08160073468	681,050813044148
4516	800,150471838079	679,8823157866	1	1199,84952816192	679,8823157866
4548	799,395163604992	647,198091905947	1	1200,60483639501	647,198091905947
4561	799,154579998489	627,347105349921	1	1200,84542000151	627,347105349921
4601	847,291771231673	596,462482250891	1	1152,70822876833	596,462482250891
4635	876,327542485429	672,990770938759	1	1123,67245751457	672,990770938759
4649	877,487976592802	669,928078469501	1	1122,5120234072	669,928078469501
4694	866,666357998979	681,841651570306	1	1133,33364200102	681,841651570306
4716	823,992677947371	727,418933931221	1	1176,00732205263	727,418933931221
4730	846,944882127876	622,980734044866	1	1153,05511787212	622,980734044866
4775	847,174025969815	613,836643121479	1	1152,82597403018	613,836643121479
4797	845,692299078475	623,836733581763	1	1154,30770092153	623,836733581763
4816	837,220217465556	670,546417239469	1	1162,77978253444	670,546417239469
4831	808,179001057772	816,343230191613	1	1191,82099894223	816,343230191613
4849	876,264674826936	710,068802039232	1	1123,73532517306	710,068802039232
4883	884,237623734788	702,311096376476	1	1115,76237626521	702,311096376476
4917	954,339147318092	602,080271200446	1	1045,66085268191	602,080271200446
4938	954,43163370806	602,354961448333	1	1045,56836629194	602,354961448333
4954	930,066690039455	549,55937988542	1	1069,93330996054	549,55937988542
4966	927,762706733904	529,380331105876	1	1072,2372932661	529,380331105876
4989	924,995455530935	525,441591843978	1	1075,00454446907	525,441591843978
5008	950,439823600371	574,772821992127	1	1049,56017639963	574,772821992127
5030	959,435516463248	589,92531668343	1	1040,56448353675	589,92531668343
5056	954,581085844443	627,881048383148	1	1045,41891415556	627,881048383148
5073	951,384045872176	642,751639700896	1	1048,61595412782	642,751639700896
5094	942,810674125495	521,271714026393	1	1057,1893258745	521,271714026393
5107	940,039015397128	480,979191680784	1	1059,96098460287	480,979191680784
5120	943,726940369874	447,478225355081	1	1056,27305963013	447,478225355081
5138	953,409403918943	429,898243010845	1	1046,59059608106	429,898243010845
5144	947,324121501441	487,439298322332	1	1052,67587849856	487,439298322332
5160	948,219817877542	474,944525029752	1	1051,78018212246	474,944525029752
5211	943,796730406084	526,49146960469	1	1056,20326959392	526,49146960469
5223	947,756278815716	479,085119333249	1	1052,24372118428	479,085119333249
5237	946,258805742345	501,293896974521	1	1053,74119425766	501,293896974521
5252	944,815484462956	513,891289046127	1	1055,18451553704	513,891289046127
5267	961,440526015137	362,152121165688	1	1038,55947398486	362,152121165688
5283	957,630115698381	394,513321086188	1	1042,36988430162	394,513321086188
5311	955,45186501951	396,882986385951	1	1044,54813498049	396,882986385951
5314	955,12581053519	385,149624824126	1	1044,87418946481	385,149624824126
5333	929,574291945942	457,684346746087	1	1070,42570805406	457,684346746087
5365	921,464882400289	463,886831708508	1	1078,53511759971	463,886831708508
5372	915,35252010206	478,035941081195	1	1084,64747989794	478,035941081195
5389	928,570280917575	349,28574813752	1	1071,42971908242	349,28574813752
5407	920,605217314317	374,403633119331	1	1079,39478268568	374,403633119331
5414	918,245883524418	350,45282652022	1	1081,75411647558	350,45282652022
5430	919,312032785281	330,879559612618	1	1080,68796721472	330,879559612618
5449	921,216034975924	339,200759368397	1	1078,78396502408	339,200759368397
5460	984,753007973492	443,270472953071	1	1015,24699202651	443,270472953071
5482	992,337724614913	463,448553210253	1	1007,66227538509	463,448553210253
5504	982,162106172775	511,324864728225	1	1017,83789382722	511,324864728225
5534	965,946302220718	517,214142300595	1	1034,05369777928	517,214142300595
5540	960,158198303495	527,300769290712	1	1039,8418016965	527,300769290712
5549	951,768932304935	508,706249442822	1	1048,23106769506	508,706249442822
5569	944,649300363226	526,156516820161	1	1055,35069963677	526,156516820161
5595	993,086228126752	559,725395006812	1	1006,91377187325	559,725395006812
5612	1027,82673189225	527,783518974152	1	972,173268107746	527,783518974152
5625	1039,86852188751	540,005838178522	1	960,131478112492	540,005838178522
5668	1053,88629536263	561,077865858909	1	946,113704637371	561,077865858909
5684	1087,36543427578	686,398616559563	1	912,634565724223	686,398616559563
5701	1100,77587931387	738,795370480508	1	899,224120686132	738,795370480508
5726	1091,70715639153	541,308168827676	1	908,292843608469	541,308168827676
5749	1092,28033855185	580,218556694417	1	907,719661448146	580,218556694417
5760	1091,46843225762	534,601437094481	1	908,531567742384	534,601437094481
5862	1111,09007871317	680,714357651865	1	888,909921286826	680,714357651865
5869	1107,65134290751	648,009203705244	1	892,348657092485	648,009203705244
5874	1110,01618294559	707,831854473341	1	889,983817054409	707,831854473341
5883	1107,36427120583	667,524907371468	1	892,635728794167	667,524907371468
5899	1096,76032049977	489,984836597549	1	903,239679500232	489,984836597549
5914	1099,01441047443	504,343313169083	1	900,985589525566	504,343313169083
5932	1098,58479014175	557,608799667332	1	901,415209858247	557,608799667332
5952	1095,36495063669	563,161691536644	1	904,63504936331	563,161691536644
5975	1095,80107433291	584,873429663507	1	904,198925667086	584,873429663507
5995	1089,7378655606	667,490080209897	1	910,262134439397	667,490080209897
6018	1078,43579518686	819,664873703495	1	921,564204813143	819,664873703495
6037	1041,87077142706	644,228227205997	1	958,129228572938	644,228227205997
6046	999,749018987926	655,680710857169	1	1000,25098101207	655,680710857169
6083	987,086092878123	666,163819247383	1	1012,91390712188	666,163819247383
6085	845,771872737738	580,058405966642	1	1154,22812726226	580,058405966642
6111	897,49972818783	742,789855842223	1	1102,50027181217	742,789855842223
6123	855,02230174756	649,830863112527	1	1144,97769825244	649,830863112527
6143	879,710886449459	733,303434637744	1	1120,28911355054	733,303434637744
6158	864,127933436107	681,877309418447	1	1135,87206656389	681,877309418447
6184	847,884316910655	581,790062935634	1	1152,11568308935	581,790062935634
6198	870,161898123152	691,742105733899	1	1129,83810187685	691,742105733899
6221	847,912211207656	639,12820655311	1	1152,08778879234	639,12820655311
6225	839,584051195848	604,911719929663	1	1160,41594880415	604,911719929663
6255	810,483985466385	553,464295118785	1	1189,51601453362	553,464295118785
6271	803,919762068851	552,988614694678	1	1196,08023793115	552,988614694678
6318	804,290988530286	560,884440987444	1	1195,70901146971	560,884440987444
6324	826,359772330294	622,936302744986	1	1173,64022766971	622,936302744986
6337	847,582946371933	650,267496174513	1	1152,41705362807	650,267496174513
6347	845,777713179536	737,829232850973	1	1154,22228682046	737,829232850973
6356	839,917335699546	657,51862860551	1	1160,08266430045	657,51862860551
6436	792,789807306258	524,503877921655	1	1207,21019269374	524,503877921655
6452	788,625656883261	519,210137118127	1	1211,37434311674	519,210137118127
6471	811,464015776139	706,530744746637	1	1188,53598422386	706,530744746637
6492	798,715667704196	658,474900185608	1	1201,2843322958	658,474900185608
6526	757,720422790583	550,86382685098	1	1242,27957720942	550,86382685098
6576	710,707616490893	589,924896108247	1	1289,29238350911	589,924896108247
6590	704,5921910844	616,976142547414	1	1295,4078089156	616,976142547414
6623	710,312946316671	591,63150799224	1	1289,68705368333	591,63150799224
6625	742,572482086691	473,228343438571	1	1257,42751791331	473,228343438571
6660	726,220601152986	545,324927858962	1	1273,77939884701	545,324927858962
6687	722,03785574057	546,094522280642	1	1277,96214425943	546,094522280642
6710	718,357282735342	571,98223649178	1	1281,64271726466	571,98223649178
6723	717,558864014041	510,553364800694	1	1282,44113598596	510,553364800694
6775	751,659589316951	555,317784538219	1	1248,34041068305	555,317784538219
6781	753,951034137692	548,784541591696	1	1246,04896586231	548,784541591696
6813	771,05885575441	542,893299512083	1	1228,94114424559	542,893299512083
6815	799,09580595251	513,27545656774	1	1200,90419404749	513,27545656774
6855	862,435984160394	487,284848396642	1	1137,56401583961	487,284848396642
6870	865,333148892861	429,728598307389	1	1134,66685110714	429,728598307389
6887	859,764279955955	409,335218959986	1	1140,23572004405	409,335218959986
6908	851,535273581984	471,893248138216	1	1148,46472641802	471,893248138216
6934	843,859733324218	514,725823083627	1	1156,14026667578	514,725823083627
6950	842,850953237686	542,169930122153	1	1157,14904676231	542,169930122153
6960	850,985518011672	495,97460779926	1	1149,01448198833	495,97460779926
6984	853,221585800517	525,467936008364	1	1146,77841419948	525,467936008364
7010	870,729889588951	377,688569144184	1	1129,27011041105	377,688569144184
7026	869,334838750401	332,586688162733	1	1130,6651612496	332,586688162733
7041	872,853436726274	413,003954232742	1	1127,14656327373	413,003954232742
7072	868,556315410238	405,715036532507	1	1131,44368458976	405,715036532507
7080	866,325244254664	343,099170814512	1	1133,67475574534	343,099170814512
7082	863,611695868538	349,025496731525	1	1136,38830413146	349,025496731525
7094	880,051473893892	356,623666238493	1	1119,94852610611	356,623666238493
7112	871,511024043304	386,268822688296	1	1128,4889759567	386,268822688296
7125	867,228703372805	410,985305415233	1	1132,77129662719	410,985305415233
7157	889,997468628446	371,316582964066	1	1110,00253137155	371,316582964066
7173	895,635907000374	363,004441783255	1	1104,36409299963	363,004441783255
7194	894,841274424688	372,570785070338	1	1105,15872557531	372,570785070338
7208	886,564551468124	372,53777141786	1	1113,43544853188	372,53777141786
7216	857,592124972041	370,065185724193	1	1142,40787502796	370,065185724193
7252	857,560259409765	393,087937342197	1	1142,43974059024	393,087937342197
7258	849,380554800834	438,84925980491	1	1150,61944519917	438,84925980491
7273	853,301684759394	394,563180798118	1	1146,69831524061	394,563180798118
7305	844,919413589672	514,758691878518	1	1155,08058641033	514,758691878518
7321	851,301573254321	468,123778172105	1	1148,69842674568	468,123778172105
7338	846,993533062694	495,285100041955	1	1153,00646693731	495,285100041955
7354	856,653457635351	428,374357476518	1	1143,34654236465	428,374357476518
7380	854,502766988801	437,041017531036	1	1145,4972330112	437,041017531036
7397	858,17364824491	380,66744152434	1	1141,82635175509	380,66744152434
7420	822,384691349221	651,367790030769	1	1177,61530865078	651,367790030769
7430	810,54579153121	592,308258373883	1	1189,45420846879	592,308258373883
7470	807,361601293151	488,947331787036	1	1192,63839870685	488,947331787036
7519	809,768055675586	348,984681721358	1	1190,23194432441	348,984681721358
7544	825,071738201541	349,444407938104	1	1174,92826179846	349,444407938104
7565	818,13082481569	366,246223980527	1	1181,86917518431	366,246223980527
7572	808,757261208388	474,051023433283	1	1191,24273879161	474,051023433283
7608	824,751410810282	370,034647726581	1	1175,24858918972	370,034647726581
7621	823,024611109574	460,255539115783	1	1176,97538889043	460,255539115783
7638	826,038722406657	470,869396307417	1	1173,96127759334	470,869396307417
7649	951,758499646691	472,986756459497	1	1048,24150035331	472,986756459497
7676	999,341487641531	483,683355334573	1	1000,65851235847	483,683355334573
7686	1037,41385047736	481,17076154869	1	962,586149522641	481,17076154869
7711	1045,11546131065	480,058510674914	1	954,884538689351	480,058510674914
7726	1117,20150362511	486,946126416978	1	882,798496374887	486,946126416978
7784	1150,20624436916	511,316041449543	1	849,793755630839	511,316041449543
7816	1176,53511295984	460,62282222315	1	823,464887040162	460,62282222315
7819	1145,01153922894	533,397948760942	1	854,988460771059	533,397948760942
7820	1152,34185114836	588,463448796064	1	847,65814885164	588,463448796064
8157	909,045311393861	514,931364343136	1	1090,95468860614	514,931364343136
8222	871,880343045232	643,648964118938	1	1128,11965695477	643,648964118938
8225	868,62955757217	620,12727997361	1	1131,37044242783	620,12727997361
8248	879,995098395356	663,204459734994	1	1120,00490160464	663,204459734994
8273	891,562446908113	715,788727233749	1	1108,43755309189	715,788727233749
8285	914,954690831383	579,953911991939	1	1085,04530916862	579,953911991939
8292	918,323865714471	573,769255901631	1	1081,67613428553	573,769255901631
8311	927,343193258951	562,207396403083	1	1072,65680674105	562,207396403083
8357	960,811266954821	489,453961750439	1	1039,18873304518	489,453961750439
8375	947,278380603057	491,114035934675	1	1052,72161939694	491,114035934675
8388	947,706511199636	490,477256737132	1	1052,29348880036	490,477256737132
8410	944,790712756143	497,986883489605	1	1055,20928724386	497,986883489605
8427	932,751514527586	547,555111598733	1	1067,24848547241	547,555111598733
8435	926,166745154344	561,528830080536	1	1073,83325484566	561,528830080536
8451	927,874566512239	569,053718160556	1	1072,12543348776	569,053718160556
8475	934,314813783632	552,204935025258	1	1065,68518621637	552,204935025258
8512	954,107276893601	505,528428214543	1	1045,8927231064	505,528428214543
8524	954,822938864067	506,167118054894	1	1045,17706113593	506,167118054894
8542	950,622453174937	539,502128880503	1	1049,37754682506	539,502128880503
8560	957,281138022043	628,796796598451	1	1042,71886197796	628,796796598451
8580	958,799059139046	632,491989146858	1	1041,20094086095	632,491989146858
8598	960,811546261146	648,306561623457	1	1039,18845373885	648,306561623457
8611	960,723018470312	632,729445808671	1	1039,27698152969	632,729445808671
8626	966,818285174321	533,55641284417	1	1033,18171482568	533,55641284417
8714	966,20685334656	535,38617771753	1	1033,79314665344	535,38617771753
8732	981,895917406367	523,367810997477	1	1018,10408259363	523,367810997477
8749	988,524134931489	505,923804394981	1	1011,47586506851	505,923804394981
8770	982,012960995429	511,118331125635	1	1017,98703900457	511,118331125635
8783	957,838772558508	520,158520317292	1	1042,16122744149	520,158520317292
8808	964,333013798464	516,502508732777	1	1035,66698620154	516,502508732777
8822	955,689845479345	515,433634967141	1	1044,31015452065	515,433634967141
8869	946,377595276283	536,958705178321	1	1053,62240472372	536,958705178321
8882	993,065795374955	833,760592569852	1	1006,93420462505	833,760592569852
9155	1049,11947404682	945,92823948498	1	950,880525953175	945,92823948498
9186	1049,11947404682	945,92823948498	1	950,880525953175	945,92823948498
9188	1171,52643441483	512,668400001181	1	828,473565585168	512,668400001181
9211	1217,39880561816	362,892999553524	1	782,601194381843	362,892999553524
9273	1267,20772653722	191,247803476676	1	732,792273462783	191,247803476676
9291	985,030169934517	892,665788734064	1	1014,96983006548	892,665788734064
9321	979,875494811427	813,850744164248	1	1020,12450518857	813,850744164248
9332	988,083945752475	830,820651290691	1	1011,91605424753	830,820651290691
9359	987,306780868649	803,486254138925	1	1012,69321913135	803,486254138925
9380	987,091734028063	797,606604725879	1	1012,90826597194	797,606604725879
9411	986,156214532121	777,606062845153	1	1013,84378546788	777,606062845153
9444	942,441089765402	743,824415677521	1	1057,5589102346	743,824415677521
9460	935,345710308773	727,999405741436	1	1064,65428969123	727,999405741436
9485	932,106947632866	719,963320567154	1	1067,89305236713	719,963320567154
9495	934,457532288335	655,945284224732	1	1065,54246771167	655,945284224732
9517	933,711957992245	695,48978711366	1	1066,28804200776	695,48978711366
9539	937,552932838413	707,282899901619	1	1062,44706716159	707,282899901619
9580	937,520800893787	581,085006557078	1	1062,47919910621	581,085006557078
9631	926,537146418053	626,339538644192	1	1073,46285358195	626,339538644192
9634	901,179774398089	672,252213756816	1	1098,82022560191	672,252213756816
9643	871,281047835759	706,207296584847	1	1128,71895216424	706,207296584847
9683	864,3574114188	722,894260849211	1	1135,6425885812	722,894260849211
9692	869,513847416846	665,155547233675	1	1130,48615258315	665,155547233675
9712	901,913470634877	550,911809287122	1	1098,08652936512	550,911809287122
9728	888,490541084192	586,607762529363	1	1111,50945891581	586,607762529363
9760	881,60238673992	578,259194927519	1	1118,39761326008	578,259194927519
9766	873,612666755626	534,749087605257	1	1126,38733324437	534,749087605257
9799	876,19839191056	538,167249959528	1	1123,80160808944	538,167249959528
9818	893,854883932438	572,436825320344	1	1106,14511606756	572,436825320344
9854	926,419150680656	569,470444547677	1	1073,58084931934	569,470444547677
9886	975,185706661079	458,337262447107	1	1024,81429333892	458,337262447107
9889	922,713203376393	623,268194557168	1	1077,28679662361	623,268194557168
9911	957,415688291438	484,384840453008	1	1042,58431170856	484,384840453008
9915	939,941754362117	542,015528329637	1	1060,05824563788	542,015528329637
9932	929,406374512206	568,232075254667	1	1070,59362548779	568,232075254667
9956	921,71973203345	601,032341405959	1	1078,28026796655	601,032341405959
9990	928,353067090672	580,870352816707	1	1071,64693290933	580,870352816707
