4	1153,18492202133	574,161604082601	1	846,815077978667	574,161604082601
29	1148,7306707275	587,565262194575	1	851,269329272499	587,565262194575
39	1143,77143953522	607,491777430067	1	856,228560464776	607,491777430067
69	1126,52072010784	631,200456363927	1	873,479279892158	631,200456363927
103	1124,17400799238	642,858738355344	1	875,825992007616	642,858738355344
111	1091,7511141583	760,032487017626	1	908,248885841695	760,032487017626
140	1088,27377614541	768,816176228195	1	911,726223854593	768,816176228195
162	1083,29376559704	773,046186914482	1	916,70623440296	773,046186914482
203	1078,72651498602	746,546188062034	1	921,273485013979	746,546188062034
230	1075,084872829	641,790680970659	1	924,915127170999	641,790680970659
240	1082,90944611195	627,150169567226	1	917,090553888049	627,150169567226
247	1086,51921117325	626,721759730577	1	913,48078882675	626,721759730577
278	1091,10015140667	627,696090280877	1	908,899848593328	627,696090280877
282	1111,84114715454	631,431956844881	1	888,158852845459	631,431956844881
294	1114,61903409326	628,498306485381	1	885,380965906738	628,498306485381
305	1115,58868253814	627,402965084734	1	884,411317461856	627,402965084734
330	1114,28356425947	628,197260793688	1	885,716435740532	628,197260793688
366	1102,56115704907	693,385365520858	1	897,438842950929	693,385365520858
393	1106,05467722754	703,163879495538	1	893,94532277246	703,163879495538
432	1082,80976044796	752,841642721108	1	917,19023955204	752,841642721108
433	1102,94630702325	768,158360903999	1	897,05369297675	768,158360903999
445	1116,44703714262	809,137806402343	1	883,552962857378	809,137806402343
465	1120,67767012562	816,596529856909	1	879,322329874375	816,596529856909
478	1145,34731754242	831,958898051286	1	854,652682457582	831,958898051286
540	1149,77186965926	853,795486400757	1	850,228130340744	853,795486400757
545	1148,07846615413	856,034647373232	1	851,921533845875	856,034647373232
551	1163,39684949028	865,581556166465	1	836,603150509723	865,581556166465
553	1174,22809894208	872,111647350909	1	825,771901057917	872,111647350909
561	1176,73668836334	875,184502228053	1	823,263311636656	875,184502228053
604	1119,82811854614	882,689358274612	1	880,171881453856	882,689358274612
627	1131,41693533799	889,714881073251	1	868,583064662012	889,714881073251
654	985,502295021013	843,453419946746	1	1014,49770497899	843,453419946746
671	949,265644669415	772,603510098474	1	1050,73435533059	772,603510098474
685	913,234665586438	721,836823143314	1	1086,76533441356	721,836823143314
699	914,507453043212	719,439025100212	1	1085,49254695679	719,439025100212
718	892,849358060252	691,965594078771	1	1107,15064193975	691,965594078771
729	859,140074513488	648,868194185665	1	1140,85992548651	648,868194185665
740	830,26978449659	607,734862453168	1	1169,73021550341	607,734862453168
770	824,819764442523	605,066315813755	1	1175,18023555748	605,066315813755
788	824,229473643966	603,346587958416	1	1175,77052635603	603,346587958416
806	830,678771228739	609,817476040059	1	1169,32122877126	609,817476040059
822	850,106126551488	613,366217165877	1	1149,89387344851	613,366217165877
833	825,655639296702	651,828082803023	1	1174,3443607033	651,828082803023
848	818,870320541672	653,891033261737	1	1181,12967945833	653,891033261737
871	816,936315086067	654,052563233921	1	1183,06368491393	654,052563233921
877	795,918538902311	668,735955254894	1	1204,08146109769	668,735955254894
908	810,213993819121	665,085505338662	1	1189,78600618088	665,085505338662
922	812,253337499007	664,60640846778	1	1187,74666250099	664,60640846778
975	827,049200422523	663,519934691676	1	1172,95079957748	663,519934691676
996	924,100532985081	656,126861297913	1	1075,89946701492	656,126861297913
1011	972,251776841788	661,998423209722	1	1027,74822315821	661,998423209722
1046	1007,60680327335	747,108425697717	1	992,393196726645	747,108425697717
1061	1004,2004739167	736,153634750054	1	995,799526083303	736,153634750054
1063	1011,34517179099	757,027823822242	1	988,654828209005	757,027823822242
1066	1015,07216232756	797,276234232317	1	984,927837672439	797,276234232317
1090	1017,72639936862	867,362136345727	1	982,273600631383	867,362136345727
1127	1005,84678534924	918,68126168152	1	994,153214650759	918,68126168152
1129	1009,15163434825	903,625493568759	1	990,848365651745	903,625493568759
1148	682,73529231392	722,906782192478	1	1317,26470768608	722,906782192478
1152	666,408026659094	702,76023645718	1	1333,59197334091	702,76023645718
1169	691,749825617439	696,674777431148	1	1308,25017438256	696,674777431148
1186	685,113482670351	686,226735213876	1	1314,88651732965	686,226735213876
1191	670,991958759654	669,229634692829	1	1329,00804124035	669,229634692829
1205	670,01259466138	666,599650179047	1	1329,98740533862	666,599650179047
1223	676,171847910228	664,466779348225	1	1323,82815208977	664,466779348225
1250	681,399998255307	659,464866549725	1	1318,60000174469	659,464866549725
1271	697,090327018214	652,386377275349	1	1302,90967298179	652,386377275349
1287	699,056645950184	651,543642203408	1	1300,94335404982	651,543642203408
1311	698,414492299423	658,097271713367	1	1301,58550770058	658,097271713367
1315	697,010166923668	661,694906298114	1	1302,98983307633	661,694906298114
1323	688,899048127119	667,31838638808	1	1311,10095187288	667,31838638808
1344	663,750380897043	670,895505647338	1	1336,24961910296	670,895505647338
1360	666,139461369305	669,405660155476	1	1333,86053863069	669,405660155476
1382	666,473174997374	668,298599819091	1	1333,52682500263	668,298599819091
1417	659,453931921895	667,588034419085	1	1340,54606807811	667,588034419085
1435	657,20681309329	666,456714767409	1	1342,79318690671	666,456714767409
1450	702,031937968666	866,327542563559	1	1297,96806203133	866,327542563559
1465	713,486141935599	914,425554983472	1	1286,5138580644	914,425554983472
1491	710,191896703767	936,916002714578	1	1289,80810329623	936,916002714578
1496	678,351982405597	977,008648408821	0			1321,6480175944	977,008648408821
1512	661,083374265376	980,337314497301	0			1338,91662573462	980,337314497301
1528	657,452246259594	982,345779146211	0			1342,54775374041	982,345779146211
1560	666,947963389297	985,600045348298	0			1333,0520366107	985,600045348298
1572	646,410443647246	993,508537800037	0			1353,58955635275	993,508537800037
1591	488,047608071098	808,775266153415	1	1511,9523919289	808,775266153415
1600	436,155010779933	758,974928135177	1	1563,84498922007	758,974928135177
1624	419,954747110102	770,55335504102	1	1580,0452528899	770,55335504102
1643	415,941946789454	765,410784039638	1	1584,05805321055	765,410784039638
1648	405,665689126529	759,486978794051	1	1594,33431087347	759,486978794051
1659	396,405056092079	765,215090759602	1	1603,59494390792	765,215090759602
1677	389,970971235511	767,930647521764	1	1610,02902876449	767,930647521764
1706	391,824511107766	780,889621668779	1	1608,17548889223	780,889621668779
1727	386,931448816381	786,15779911782	1	1613,06855118362	786,15779911782
1733	383,088443576702	795,489897273422	1	1616,9115564233	795,489897273422
1750	383,513799772154	796,98265226504	1	1616,48620022785	796,98265226504
1770	387,679007427994	811,780991544315	1	1612,32099257201	811,780991544315
1776	388,244850870645	814,937057112467	1	1611,75514912935	814,937057112467
1798	390,118341207512	815,947237808297	1	1609,88165879249	815,947237808297
1817	399,670504555525	807,957161090977	1	1600,32949544447	807,957161090977
1829	402,738970303513	802,067278821275	1	1597,26102969649	802,067278821275
1882	414,044793115982	771,660242257742	1	1585,95520688402	771,660242257742
1893	416,528238582922	785,762173874702	1	1583,47176141708	785,762173874702
1897	424,067219114919	805,061231194144	1	1575,93278088508	805,061231194144
1913	440,108701033125	875,071409527634	1	1559,89129896688	875,071409527634
1930	426,977193136707	907,290751098455	1	1573,02280686329	907,290751098455
2018	421,694198249823	935,102622884427	1	1578,30580175018	935,102622884427
2031	410,229761174838	967,419962692138	0			1589,77023882516	967,419962692138
2034	404,829634755289	972,510445936216	0			1595,17036524471	972,510445936216
2037	411,214776579186	997,706270868933	0			1588,78522342081	997,706270868933
2040	410,311546650862	995,628859078743	0			1589,68845334914	995,628859078743
2044	418,065593210482	898,603903407218	1	1581,93440678952	898,603903407218
2046	419,761408321301	849,196927300471	1	1580,2385916787	849,196927300471
2062	416,004558537428	824,567793347005	1	1583,99544146257	824,567793347005
2082	416,992160693909	812,597958577467	1	1583,00783930609	812,597958577467
2095	419,087014749041	801,790323080046	1	1580,91298525096	801,790323080046
2105	420,22134478938	802,669629911737	1	1579,77865521062	802,669629911737
2129	425,789124357854	795,642976877164	1	1574,21087564215	795,642976877164
2169	443,322426403105	782,562614814254	1	1556,67757359689	782,562614814254
2183	515,951657828079	720,59480072306	1	1484,04834217192	720,59480072306
2215	515,078461931194	728,127361500591	1	1484,92153806881	728,127361500591
2220	497,544475679487	763,534893161478	1	1502,45552432051	763,534893161478
2239	462,116184409284	831,325497265379	1	1537,88381559072	831,325497265379
2261	466,067976998776	844,629444348151	1	1533,93202300122	844,629444348151
2277	464,977500701515	843,61162783793	1	1535,02249929848	843,61162783793
2279	463,592222336983	841,295699478292	1	1536,40777766302	841,295699478292
2302	461,746020935947	836,15200101345	1	1538,25397906405	836,15200101345
2323	461,162807133181	835,340316549201	1	1538,83719286682	835,340316549201
2340	460,94126194297	834,829185134365	1	1539,05873805703	834,829185134365
2354	461,654189075002	836,627877718252	1	1538,345810925	836,627877718252
2361	463,22315019124	839,817735500711	1	1536,77684980876	839,817735500711
2388	479,247265774438	801,36576697886	1	1520,75273422556	801,36576697886
2401	472,924236851889	791,913873307646	1	1527,07576314811	791,913873307646
2415	487,406743708592	762,060522757335	1	1512,59325629141	762,060522757335
2469	418,61532018943	943,996612722169	1	1581,38467981057	943,996612722169
2476	407,10120487969	967,06587367246	0			1592,89879512031	967,06587367246
2485	441,748843012446	984,567788881403	0			1558,25115698755	984,567788881403
2498	476,125898981111	973,840632515412	0			1523,87410101889	973,840632515412
2513	690,712251241353	997,356299633513	0			1309,28774875865	997,356299633513
2541	691,134027112514	998,11545712532	0			1308,86597288749	998,11545712532
2556	726,242295200127	997,561392658919	0			1273,75770479987	997,561392658919
2620	867,478680970684	986,022189718648	0			1132,52131902932	986,022189718648
2628	863,935465422247	923,787674341433	1	1136,06453457775	923,787674341433
2661	865,626806623442	932,376002015087	1	1134,37319337656	932,376002015087
2678	875,477449409669	864,275346739318	1	1124,52255059033	864,275346739318
2699	875,997865693387	851,802054434417	1	1124,00213430661	851,802054434417
2725	878,280991263231	851,709196627071	1	1121,71900873677	851,709196627071
2762	1028,96080139873	883,906830080232	1	971,039198601268	883,906830080232
2789	1012,1216992003	852,729546539211	1	987,8783007997	852,729546539211
2811	1138,45041391798	948,856903703644	1	861,549586082024	948,856903703644
2825	1156,61335095953	958,204993156021	1	843,386649040469	958,204993156021
2844	1254,74114484261	959,93345332	1	745,258855157389	959,93345332
2856	1250,83795932077	965,806121584454	0			749,162040679233	965,806121584454
2876	1251,49421681419	965,185234715793	0			748,50578318581	965,185234715793
2930	1252,82681786397	924,668476032227	1	747,173182136031	924,668476032227
2938	1253,40138768495	921,302905834967	1	746,598612315053	921,302905834967
2940	1252,78214167215	866,198118205354	1	747,217858327854	866,198118205354
2945	1253,92096786516	833,368522480312	1	746,079032134837	833,368522480312
2981	1255,20508563604	821,399102858723	1	744,794914363957	821,399102858723
2989	1256,1389425081	786,238139673145	1	743,861057491902	786,238139673145
3026	1241,41978432153	783,542136862457	1	758,580215678467	783,542136862457
3055	1143,49696189957	783,868167604808	1	856,503038100429	783,868167604808
3072	1091,85762438223	763,191838734755	1	908,142375617774	763,191838734755
3097	1051,97660234024	795,000127905493	1	948,023397659758	795,000127905493
3103	1044,42939373244	804,247028984159	1	955,570606267559	804,247028984159
3124	1016,78918775906	823,156077329241	1	983,21081224094	823,156077329241
3128	1019,01487077766	830,285874701685	1	980,985129222345	830,285874701685
3143	1020,4766938774	836,581130530845	1	979,523306122598	836,581130530845
3160	1015,969358687	847,179277983697	1	984,030641312997	847,179277983697
3175	1003,24505427923	861,074372274879	1	996,754945720768	861,074372274879
3205	963,460016475542	942,975634562889	1	1036,53998352446	942,975634562889
3222	961,458873790586	941,800411123452	1	1038,54112620941	941,800411123452
3241	961,015941523944	936,465117742122	1	1038,98405847606	936,465117742122
3245	959,409955526113	919,970627118373	1	1040,59004447389	919,970627118373
3268	959,532117011861	908,046514884122	1	1040,46788298814	908,046514884122
3279	964,983800706226	841,492211775604	1	1035,01619929377	841,492211775604
3922	1272,28336272502	762,632725574148	1	727,71663727498	762,632725574148
3964	1241,21350532211	779,142370650797	1	758,786494677892	779,142370650797
3987	1278,45095738203	752,700160998449	1	721,549042617969	752,700160998449
4028	1294,99773101881	732,430029798619	1	705,002268981188	732,430029798619
4032	1314,4471587613	743,89286305371	1	685,552841238695	743,89286305371
4055	1277,78435767707	797,161039087579	1	722,215642322934	797,161039087579
4068	1235,02461372511	904,838346786092	1	764,975386274893	904,838346786092
4103	1231,95116072301	909,527629931493	1	768,04883927699	909,527629931493
4118	1238,98122662345	868,200515166474	1	761,018773376547	868,200515166474
4145	1239,22990912151	869,401638989625	1	760,770090878485	869,401638989625
4166	1246,61761201968	870,255431494303	1	753,382387980322	870,255431494303
4181	1252,78515966709	878,473316540376	1	747,214840332912	878,473316540376
4196	1250,17671238176	874,474084305014	1	749,823287618237	874,474084305014
4203	1261,71730109125	855,496581085119	1	738,282698908746	855,496581085119
4223	1272,20772333551	849,483834964583	1	727,792276664492	849,483834964583
4252	1275,1385720854	833,212000209043	1	724,861427914604	833,212000209043
4274	1274,15071098272	826,534804525273	1	725,84928901728	826,534804525273
4301	1276,11761254027	734,132225647332	1	723,882387459729	734,132225647332
4321	1292,05499771673	667,929190333182	1	707,945002283275	667,929190333182
4325	1291,88183920348	678,079573936554	1	708,118160796524	678,079573936554
4328	1277,73103573932	678,06912779467	1	722,268964260678	678,06912779467
4362	1282,65944641254	671,575759133789	1	717,340553587456	671,575759133789
4366	1279,47383315019	675,942773357093	1	720,52616684981	675,942773357093
4370	1271,16860635396	694,388373270918	1	728,831393646039	694,388373270918
4431	1273,41076526065	745,17239761574	1	726,589234739349	745,17239761574
4440	1272,46174603188	738,732998442248	1	727,538253968122	738,732998442248
4455	1274,66646809498	762,217283973494	1	725,333531905024	762,217283973494
4473	1276,61259393997	800,6539300299	1	723,387406060029	800,6539300299
4477	1284,37153193593	895,289308529005	1	715,628468064074	895,289308529005
4500	1282,97488097395	894,559052218377	1	717,025119026052	894,559052218377
4505	1283,30608349448	894,633408390894	1	716,693916505521	894,633408390894
4526	1284,03917505643	872,266585262681	1	715,960824943574	872,266585262681
4562	1268,1137277907	854,091806445912	1	731,886272209299	854,091806445912
4569	1274,10846303449	856,072267489148	1	725,891536965506	856,072267489148
4584	1272,91816612069	852,530677122831	1	727,081833879308	852,530677122831
4599	1269,88552019283	842,480745203339	1	730,114479807165	842,480745203339
4613	1271,6826340611	846,684852351639	1	728,317365938895	846,684852351639
4648	1274,5233671489	842,074444337432	1	725,476632851096	842,074444337432
4659	1281,88624086457	837,838348991969	1	718,113759135428	837,838348991969
4684	1294,68699532066	825,506308716942	1	705,31300467934	825,506308716942
4718	1303,80419019714	806,632860280021	1	696,195809802859	806,632860280021
4720	1298,11246938453	825,042806674706	1	701,887530615475	825,042806674706
4744	1292,4284731608	820,633026882688	1	707,571526839196	820,633026882688
4767	1288,97597177217	824,865610895123	1	711,024028227833	824,865610895123
4801	1267,61772525896	790,856951894019	1	732,38227474104	790,856951894019
5239	1052,65493053449	408,293507086678	1	947,345069465514	408,293507086678
5259	948,657127800111	513,477649887421	1	1051,34287219989	513,477649887421
5327	784,40325725077	672,086526013283	1	1215,59674274923	672,086526013283
5374	782,557010342002	724,651253861642	1	1217,442989658	724,651253861642
5417	764,322837883492	737,03061347722	1	1235,67716211651	737,03061347722
5457	756,319711432102	742,464014999342	1	1243,6802885679	742,464014999342
5473	756,319711432102	742,464014999342	1	1243,6802885679	742,464014999342
5514	860,63775663262	783,77144456902	1	1139,36224336738	783,77144456902
5529	827,706599056519	826,801433627005	1	1172,29340094348	826,801433627005
5557	756,489162939396	852,418732619912	1	1243,5108370606	852,418732619912
5561	718,370203515569	893,075789243118	1	1281,62979648443	893,075789243118
5597	717,023492349211	872,107276631661	1	1282,97650765079	872,107276631661
5647	717,305568336757	828,302282423539	1	1282,69443166324	828,302282423539
5689	714,438675595872	840,658400036979	1	1285,56132440413	840,658400036979
5767	769,22826674378	678,616063098212	1	1230,77173325622	678,616063098212
5784	769,22826674378	678,616063098212	1	1230,77173325622	678,616063098212
5791	774,054006908849	663,71220422866	1	1225,94599309115	663,71220422866
5796	773,521687649043	663,16272763892	1	1226,47831235096	663,16272763892
5815	772,656744203675	667,328058629574	1	1227,34325579633	667,328058629574
5824	772,344299588535	669,008437473091	1	1227,65570041146	669,008437473091
5850	772,910749755863	668,981375902166	1	1227,08925024414	668,981375902166
5861	765,947478747819	666,979637412066	1	1234,05252125218	666,979637412066
5872	743,054076567618	668,861060060589	1	1256,94592343238	668,861060060589
5919	733,404833753591	667,077285587923	1	1266,59516624641	667,077285587923
5921	745,237884932828	661,18707750171	1	1254,76211506717	661,18707750171
5953	766,793645227589	653,865179200248	1	1233,20635477241	653,865179200248
5957	778,886189002262	650,617424833776	1	1221,11381099774	650,617424833776
5959	760,285247426376	647,27315421726	1	1239,71475257362	647,27315421726
5986	690,57325341814	666,218403422947	1	1309,42674658186	666,218403422947
6000	690,960532957029	664,193429750793	1	1309,03946704297	664,193429750793
6006	693,804709100401	662,543162990569	1	1306,1952908996	662,543162990569
6025	683,091261512484	662,859999195317	1	1316,90873848752	662,859999195317
6053	688,418367319919	661,438006082309	1	1311,58163268008	661,438006082309
6066	708,967111686645	646,953918615623	1	1291,03288831336	646,953918615623
6081	851,39384861358	648,149023896795	1	1148,60615138642	648,149023896795
6095	1034,63637148774	656,528013115778	1	965,363628512255	656,528013115778
6110	1085,91464971283	660,777813825038	1	914,085350287167	660,777813825038
6125	1152,75088388754	641,930523840927	1	847,249116112462	641,930523840927
6140	1155,57227661112	638,171924243693	1	844,427723388882	638,171924243693
6178	1157,15211356558	636,309098369156	1	842,847886434425	636,309098369156
6180	1157,49893734976	632,360543087802	1	842,501062650239	632,360543087802
6203	1162,98944909289	632,395187653219	1	837,010550907109	632,395187653219
6223	1164,20885182825	634,81006273643	1	835,791148171751	634,81006273643
6252	1181,39301342178	645,487415219803	1	818,606986578219	645,487415219803
6257	1178,923517499	644,714861186404	1	821,076482500998	644,714861186404
6279	1154,39339378384	665,768262448811	1	845,606606216164	665,768262448811
6288	1156,05623504299	668,648799798475	1	843,94376495701	668,648799798475
6295	1155,10523086897	672,049742113034	1	844,894769131026	672,049742113034
6312	1153,48461104586	683,064492998228	1	846,515388954141	683,064492998228
6317	1156,40085735351	683,825754864294	1	843,599142646488	683,825754864294
6362	1157,1830188717	646,393268294316	1	842,816981128295	646,393268294316
6381	1155,75963265622	661,298205620318	1	844,240367343784	661,298205620318
6402	1163,86999407061	647,961474375807	1	836,130005929388	647,961474375807
6428	1167,56174260344	688,600307983956	1	832,438257396565	688,600307983956
6430	1170,51204133436	715,706838262487	1	829,487958665636	715,706838262487
6444	1172,84172242583	737,982274694001	1	827,158277574167	737,982274694001
6461	1169,40016114903	752,046101345256	1	830,599838850967	752,046101345256
6474	1162,12972602295	748,343513300694	1	837,870273977047	748,343513300694
6501	1159,60610340709	751,619847987796	1	840,393896592914	751,619847987796
6547	1043,31584013585	623,235944841937	1	956,684159864147	623,235944841937
6566	1062,90915155182	652,288938808289	1	937,090848448178	652,288938808289
6593	814,648664536958	501,88987247582	1	1185,35133546304	501,88987247582
6596	713,836956725642	601,522113390098	1	1286,16304327436	601,522113390098
6621	728,030551438264	553,55538857109	1	1271,96944856174	553,55538857109
6635	722,30962228344	551,192973968246	1	1277,69037771656	551,192973968246
6666	694,705740810549	592,414192589993	1	1305,29425918945	592,414192589993
6732	512,453306395445	853,070539108695	1	1487,54669360456	853,070539108695
6742	473,750712588741	858,367059107538	1	1526,24928741126	858,367059107538
6775	411,084040995706	857,508818832151	1	1588,91595900429	857,508818832151
6780	411,50943552116	862,073370370745	1	1588,49056447884	862,073370370745
6856	364,018451974616	806,733069002051	1	1635,98154802538	806,733069002051
6902	386,847891699535	560,427150275144	1	1613,15210830047	560,427150275144
6951	396,135620204791	588,598028598532	1	1603,86437979521	588,598028598532
7055	743,914701097606	532,134960822543	1	1256,08529890239	532,134960822543
7075	1074,21073049403	651,037227502553	1	925,789269505967	651,037227502553
7419	1285,82258008445	666,259930430016	1	714,177419915554	666,259930430016
7434	1339,70117661559	557,855831362783	1	660,298823384405	557,855831362783
7449	1321,55242094437	556,367574155849	1	678,447579055626	556,367574155849
7469	1327,71970855788	485,031789449601	1	672,280291442123	485,031789449601
7483	1325,43527312776	489,669535830417	1	674,564726872242	489,669535830417
7494	1307,55478495152	547,611894824526	1	692,445215048479	547,611894824526
7511	1315,41648469452	520,758680938004	1	684,583515305476	520,758680938004
7525	1306,98116824752	547,330905592385	1	693,018831752483	547,330905592385
7552	1295,71942090741	583,836704202888	1	704,280579092591	583,836704202888
7578	1294,46097181147	585,652492134624	1	705,539028188535	585,652492134624
7582	1304,8322435106	611,631052904388	1	695,167756489395	611,631052904388
7601	1310,51336926198	613,493267237821	1	689,486630738015	613,493267237821
7620	1306,29214473988	618,497811842726	1	693,70785526012	618,497811842726
7632	1289,33115164074	633,508115541415	1	710,66884835926	633,508115541415
7648	1252,00184511259	632,73758948498	1	747,998154887411	632,73758948498
7683	1224,59398038371	651,906500086546	1	775,406019616286	651,906500086546
7717	1210,93784618308	680,083276897859	1	789,062153816916	680,083276897859
7724	1216,75739426494	675,726510266462	1	783,242605735065	675,726510266462
7743	1216,67765082953	670,136649194618	1	783,322349170469	670,136649194618
7756	1225,44069639331	648,158100649156	1	774,559303606693	648,158100649156
7769	1218,63927280313	646,945927973737	1	781,36072719687	646,945927973737
7784	1227,69227743932	566,234411375129	1	772,307722560683	566,234411375129
7805	1219,01050378985	595,604146081436	1	780,989496210154	595,604146081436
7808	1212,11944635927	619,132198221562	1	787,880553640733	619,132198221562
7840	1210,2476438389	623,516093662155	1	789,752356161102	623,516093662155
7857	1209,37182865948	632,090927890798	1	790,628171340522	632,090927890798
7872	1214,81912422974	605,726313555917	1	785,180875770264	605,726313555917
7888	1236,31611026812	595,403027136497	1	763,683889731882	595,403027136497
7897	1260,48534916394	636,752535107982	1	739,514650836059	636,752535107982
7911	1259,59130788171	643,53973692573	1	740,408692118285	643,53973692573
7929	1278,22508898664	648,098311773135	1	721,774911013361	648,098311773135
7952	1286,58934554856	647,035756873192	1	713,41065445144	647,035756873192
7967	1289,33656575884	647,148458651687	1	710,663434241165	647,148458651687
7981	1306,05964643339	674,052222198893	1	693,940353566615	674,052222198893
8006	1321,10036494968	658,652924557962	1	678,899635050325	658,652924557962
8022	1334,21051630737	576,635298040957	1	665,78948369263	576,635298040957
8033	1338,92102858857	601,307557610616	1	661,078971411431	601,307557610616
8049	1340,92476398661	594,032024997691	1	659,075236013387	594,032024997691
8069	1359,103073049	636,548707184587	1	640,896926951	636,548707184587
8086	1360,88362719717	653,616666042766	1	639,116372802834	653,616666042766
8101	1391,83757351498	587,243115506142	1	608,162426485025	587,243115506142
8124	1382,89331132582	599,930049697434	1	617,106688674178	599,930049697434
8128	1382,55698367449	603,059404570846	1	617,443016325507	603,059404570846
8254	1405,71681901092	514,930677376283	1	594,283180989082	514,930677376283
8257	1394,11470761197	560,425623555697	1	605,885292388026	560,425623555697
8260	1402,81301276539	559,505495497803	1	597,186987234609	559,505495497803
8262	1411,84150262058	581,227327840089	1	588,158497379416	581,227327840089
8264	1385,93906446617	647,905087939856	1	614,06093553383	647,905087939856
8266	1387,9070368503	647,076217720477	1	612,092963149699	647,076217720477
8269	1389,45320083821	634,668374459793	1	610,546799161793	634,668374459793
8275	1385,08333586754	652,053597304216	1	614,916664132459	652,053597304216
8318	1354,5050907475	659,893472409867	1	645,494909252504	659,893472409867
8319	1346,25265502941	660,797463749127	1	653,747344970592	660,797463749127
8351	1278,60776441316	665,461985462068	1	721,392235586835	665,461985462068
8355	1302,88250523438	663,605559826764	1	697,117494765624	663,605559826764
8372	1259,13046100205	657,695402735216	1	740,869538997953	657,695402735216
8378	1240,57843899117	636,576422373622	1	759,421561008834	636,576422373622
8391	1209,2305550559	635,538644797753	1	790,769444944104	635,538644797753
8409	1209,6754338515	616,796624510925	1	790,324566148498	616,796624510925
8425	1205,6759102105	602,872150990346	1	794,324089789498	602,872150990346
8464	1203,63555609616	548,734120198042	1	796,364443903835	548,734120198042
8482	1188,76123972132	602,653256395338	1	811,238760278684	602,653256395338
8485	1191,91334700239	613,281223569506	1	808,086652997613	613,281223569506
8502	1202,18371718862	590,362210665195	1	797,816282811385	590,362210665195
8519	1225,46673151255	563,02939027349	1	774,533268487446	563,02939027349
8532	1213,76407890917	621,748834662611	1	786,235921090833	621,748834662611
8549	1216,84561538697	600,662230821253	1	783,154384613033	600,662230821253
8560	1214,61872825223	603,45138206455	1	785,381271747768	603,45138206455
8574	1185,76255158214	629,495437870003	1	814,237448417863	629,495437870003
8603	1173,23423752452	652,897649996629	1	826,765762475476	652,897649996629
8616	1125,43646374356	690,492150867931	1	874,563536256435	690,492150867931
8670	1115,17783464961	707,508133977432	1	884,822165350391	707,508133977432
8694	1010,56501764764	776,098204544585	1	989,434982352355	776,098204544585
8708	903,488024417259	793,384574770019	1	1096,51197558274	793,384574770019
8751	843,394281345196	774,395486013854	1	1156,6057186548	774,395486013854
8795	784,384133563095	830,209326000952	1	1215,6158664369	830,209326000952
8813	756,404710068117	862,591291552679	1	1243,59528993188	862,591291552679
8850	767,438454495256	832,719941873002	1	1232,56154550474	832,719941873002
8861	814,542349298211	641,141961762114	1	1185,45765070179	641,141961762114
8877	815,166481718599	595,965455992857	1	1184,8335182814	595,965455992857
8925	799,105073999202	604,330684091807	1	1200,8949260008	604,330684091807
8934	777,074004962883	690,270685507602	1	1222,92599503712	690,270685507602
8961	814,164496534965	600,729314709864	1	1185,83550346503	600,729314709864
8978	824,974730254432	582,124081043798	1	1175,02526974557	582,124081043798
9021	782,652631491454	709,134291551512	1	1217,34736850855	709,134291551512
9063	781,038582013219	709,473904625077	1	1218,96141798678	709,473904625077
9120	781,293344343364	706,267064382772	1	1218,70665565664	706,267064382772
9165	1034,67083285927	749,845999568649	1	965,329167140726	749,845999568649
9175	1051,64391143333	739,693435047671	1	948,356088566669	739,693435047671
9177	1034,47037507239	743,263772649905	1	965,529624927612	743,263772649905
9207	1040,6642100094	695,818355292149	1	959,335789990597	695,818355292149
9223	1048,01849070895	628,295532209245	1	951,981509291046	628,295532209245
9231	1060,47811271827	590,936492795671	1	939,521887281734	590,936492795671
9248	1061,43440665961	595,348722237542	1	938,565593340386	595,348722237542
9283	1061,21964893388	628,680978028301	1	938,780351066116	628,680978028301
9294	1074,12428090462	633,310571410374	1	925,875719095384	633,310571410374
9317	1070,07447704649	642,140253904381	1	929,925522953507	642,140253904381
9335	1069,55751141103	643,376939295322	1	930,442488588973	643,376939295322
9356	1078,69936359108	546,635082564278	1	921,300636408915	546,635082564278
9371	1076,48032248519	542,549980270763	1	923,519677514809	542,549980270763
9386	1118,72213650319	594,369131833477	1	881,277863496814	594,369131833477
9401	1136,37559195183	619,518901532087	1	863,624408048171	619,518901532087
9429	1151,07224616777	641,907507596785	1	848,927753832234	641,907507596785
9448	1169,16583803084	680,395929860231	1	830,834161969163	680,395929860231
9484	1169,26482856852	670,202609152997	1	830,735171431476	670,202609152997
9520	1172,544192156	656,557623957805	1	827,455807844002	656,557623957805
9830	1202,63699528469	411,30471470886	1	797,363004715311	411,30471470886
9864	1273,04029742491	637,747755324959	1	726,959702575091	637,747755324959
9878	1214,4905050249	498,360077110498	1	785,509494975097	498,360077110498
9919	1077,84464752526	592,864236974388	1	922,155352474744	592,864236974388
9984	929,289892470443	828,171929123253	1	1070,71010752956	828,171929123253
