181	1804,33938233212	869,488127002663	0			195,66061766788	869,488127002663
193	1620,18703226133	653,430870898249	0			379,812967738673	653,430870898249
243	1621,71913776022	666,66018466341	0			378,280862239778	666,66018466341
265	1569,63362432375	654,582922146356	0			430,366375676247	654,582922146356
286	1541,38281992277	655,490217941128	0			458,617180077225	655,490217941128
310	1530,5864578199	643,913733270466	0			469,413542180101	643,913733270466
330	1537,49711810261	646,589387117207	0			462,502881897389	646,589387117207
1162	1259,55411546824	933,896708661435	1	740,445884531756	933,896708661435
1169	1241,0978348124	934,788703904267	1	758,902165187601	934,788703904267
1170	1241,0978348124	934,788703904267	1	758,902165187601	934,788703904267
1185	1243,87167301352	936,590016014257	1	756,128326986478	936,590016014257
1199	1273,24689336798	937,743493372881	1	726,753106632022	937,743493372881
1217	1260,7778879073	933,761548692973	1	739,222112092701	933,761548692973
1231	1288,44013269209	931,811836336495	1	711,559867307913	931,811836336495
1246	1298,50214560594	942,733596803783	1	701,497854394058	942,733596803783
1267	1304,47797854599	946,893922915006	1	695,522021454013	946,893922915006
1297	1314,58997612689	965,067425496867	0			685,410023873111	965,067425496867
1305	1310,25798739368	953,083961858712	1	689,74201260632	953,083961858712
1325	1316,86814542283	780,705295140329	1	683,131854577171	780,705295140329
1494	1321,10425831816	613,15005937949	1	678,895741681837	613,15005937949
1736	1075,50706585634	178,018176212416	1	924,492934143659	178,018176212416
1756	1191,62767527559	487,431315263001	1	808,372324724413	487,431315263001
1773	1230,35261605474	440,023137424808	1	769,647383945255	440,023137424808
1785	1257,72660080786	405,690672508268	1	742,273399192138	405,690672508268
1803	1343,88538323839	287,53689839703	1	656,114616761614	287,53689839703
1843	1305,3817269761	330,223914888095	1	694,618273023905	330,223914888095
1916	1287,51002544612	342,426824654908	1	712,489974553879	342,426824654908
1936	1290,38563947462	344,003835687182	1	709,614360525384	344,003835687182
1943	1308,68869902172	351,935157060327	1	691,311300978281	351,935157060327
1958	1361,89685329428	397,770732489789	1	638,103146705724	397,770732489789
1965	1342,93626443293	452,471789487524	1	657,063735567072	452,471789487524
1981	1339,66232694936	428,394044970303	1	660,337673050638	428,394044970303
2003	1349,59647902045	449,838424434298	1	650,403520979551	449,838424434298
2006	1357,19931457226	459,786196629344	1	642,800685427739	459,786196629344
2055	1406,02698113354	501,35214966948	1	593,973018866457	501,35214966948
2088	1399,69529136099	507,577773786624	1	600,304708639007	507,577773786624
2099	1400,39740902028	606,845561263759	1	599,602590979717	606,845561263759
2134	1393,77515091359	634,596000189404	1	606,224849086407	634,596000189404
2149	1396,29603991724	592,238213452432	1	603,703960082759	592,238213452432
2186	1333,35906861368	743,354192271327	1	666,640931386319	743,354192271327
2205	1355,67720761433	671,964085889504	1	644,322792385667	671,964085889504
2225	1334,76761225358	650,996643956521	1	665,232387746418	650,996643956521
2231	1330,09823273712	676,761154386354	1	669,901767262879	676,761154386354
2257	1349,7818228903	604,123218055727	1	650,2181771097	604,123218055727
2268	1345,67992128302	616,010121465789	1	654,320078716977	616,010121465789
2284	1345,09174246454	621,166952029341	1	654,908257535463	621,166952029341
2298	1345,26090677682	622,106780932861	1	654,739093223182	622,106780932861
2319	1340,51664595667	651,69452117202	1	659,48335404333	651,69452117202
2349	1336,10870001469	678,552221939513	1	663,891299985308	678,552221939513
2360	1339,21579567907	676,695287163967	1	660,784204320932	676,695287163967
2379	1346,8075703429	674,225995914036	1	653,192429657098	674,225995914036
2390	1350,39296446507	673,805372622658	1	649,607035534927	673,805372622658
2437	1351,04111658111	673,325390071343	1	648,95888341889	673,325390071343
2453	1331,12945327957	678,899586876574	1	668,870546720434	678,899586876574
2455	1332,19179323838	676,09120387492	1	667,808206761615	676,09120387492
2462	1315,86574883452	672,999580460564	1	684,134251165483	672,999580460564
2463	1293,54725596241	677,514187544785	1	706,452744037593	677,514187544785
2500	1094,77340067644	710,356624913579	1	905,226599323558	710,356624913579
2508	1085,41249425076	713,634542868993	1	914,587505749239	713,634542868993
2523	1061,2321563281	721,868489052589	1	938,767843671905	721,868489052589
2538	1048,12570723112	725,188187644217	1	951,874292768878	725,188187644217
2553	1028,84585684314	734,681140976191	1	971,154143156858	734,681140976191
2570	1032,07887932643	734,810739925107	1	967,921120673572	734,810739925107
2590	1033,1923100087	766,523155823941	1	966,807689991299	766,523155823941
2609	1031,61379518698	783,071533696636	1	968,386204813018	783,071533696636
2639	1026,8853632684	826,92183934187	1	973,114636731601	826,92183934187
2660	1027,61676498307	822,336481969958	1	972,383235016929	822,336481969958
2675	1126,90148923226	737,238107205677	1	873,098510767742	737,238107205677
2683	1162,37863665202	785,859973724095	1	837,621363347975	785,859973724095
2705	1178,6310135313	782,858938872946	1	821,368986468696	782,858938872946
2721	1176,55018122576	762,979733364236	1	823,449818774242	762,979733364236
2737	1187,30610354526	743,184851472185	1	812,693896454737	743,184851472185
2748	1199,39023579889	731,030468957186	1	800,60976420111	731,030468957186
2763	1232,08475523277	709,775479955338	1	767,915244767235	709,775479955338
2789	1241,57771223479	701,902879161658	1	758,422287765213	701,902879161658
2819	1245,35011122365	700,23178532598	1	754,649888776351	700,23178532598
2822	1255,18423834263	693,725444624813	1	744,815761657374	693,725444624813
2842	1254,73156881485	692,261826113251	1	745,268431185154	692,261826113251
2866	1238,784846626	669,18092120812	1	761,215153374002	669,18092120812
2872	1229,7746664445	718,015195357616	1	770,225333555496	718,015195357616
2898	1230,22990641138	708,687594398276	1	769,77009358862	708,687594398276
2901	1224,12919376217	683,177843493518	1	775,870806237831	683,177843493518
2906	1220,43130784786	670,54186885308	1	779,568692152137	670,54186885308
2953	1222,74128826848	652,33251398289	1	777,258711731522	652,33251398289
2959	1259,03083880085	630,178478434428	1	740,96916119915	630,178478434428
2985	1286,45429676994	621,436142484015	1	713,545703230061	621,436142484015
3019	1316,90174919872	628,362168354822	1	683,098250801282	628,362168354822
3021	1319,24893012834	636,884611041169	1	680,751069871655	636,884611041169
3024	1315,89238038331	645,962152396653	1	684,107619616691	645,962152396653
3039	1323,1651288438	638,336100790799	1	676,834871156196	638,336100790799
3045	1326,07225697307	624,821205819953	1	673,927743026933	624,821205819953
3061	1327,05020501303	612,853229909585	1	672,949794986973	612,853229909585
3438	1402,18553265322	431,063138627912	1	597,814467346784	431,063138627912
3450	1352,05247996309	449,51273368286	1	647,947520036913	449,51273368286
3464	1319,47371859193	464,421226464489	1	680,526281408067	464,421226464489
3492	1324,96230987351	462,504314319855	1	675,037690126492	462,504314319855
3527	1308,6615962298	472,293944172467	1	691,338403770196	472,293944172467
3560	1295,11296183568	501,226074872993	1	704,887038164323	501,226074872993
3568	1288,71586305779	540,512230871886	1	711,284136942208	540,512230871886
3587	1201,56314229715	736,442223836766	1	798,436857702852	736,442223836766
3603	1237,24581978301	682,950007296442	1	762,754180216995	682,950007296442
3621	1207,08257288737	647,877766188814	1	792,91742711263	647,877766188814
3625	1199,22760529213	660,177935807174	1	800,772394707872	660,177935807174
3647	1186,61074541691	628,771776083013	1	813,389254583092	628,771776083013
3664	1180,03766468793	584,337229384365	1	819,962335312071	584,337229384365
3691	1141,37905807974	693,56731948074	1	858,620941920258	693,56731948074
3711	1166,3382856047	618,193555378881	1	833,661714395301	618,193555378881
3725	1142,05752830364	626,520903436912	1	857,94247169636	626,520903436912
3740	1041,20515921361	598,915249708873	1	958,794840786395	598,915249708873
3755	1058,6423081441	597,920378452317	1	941,357691855897	597,920378452317
3777	1067,8209772059	691,974476697324	1	932,179022794096	691,974476697324
3781	1056,90330993933	671,135878141165	1	943,096690060672	671,135878141165
3797	1045,8020103737	643,857864230944	1	954,197989626296	643,857864230944
3815	1043,53917011994	655,126087315284	1	956,46082988006	655,126087315284
3846	1029,47101291027	639,622080294858	1	970,528987089731	639,622080294858
3903	943,779065327117	722,15336227292	1	1056,22093467288	722,15336227292
3920	928,880316609323	621,923295657752	1	1071,11968339068	621,923295657752
3940	742,594195801757	818,382936613422	1	1257,40580419824	818,382936613422
3965	787,316009667131	703,423000816461	1	1212,68399033287	703,423000816461
3988	750,428505029688	736,193115545517	1	1249,57149497031	736,193115545517
4007	762,675771667252	654,684006725765	1	1237,32422833275	654,684006725765
4031	706,034820195171	672,779119753411	1	1293,96517980483	672,779119753411
4066	642,551033014433	775,869038459974	1	1357,44896698557	775,869038459974
4088	708,160648333216	670,064311735235	1	1291,83935166678	670,064311735235
4092	769,598046684308	624,9094476429	1	1230,40195331569	624,9094476429
4097	792,964429582931	598,644360660166	1	1207,03557041707	598,644360660166
4111	805,437174780192	587,55621777384	1	1194,56282521981	587,55621777384
4146	859,459020211911	555,117880375674	1	1140,54097978809	555,117880375674
4158	938,035428769911	512,303145995723	1	1061,96457123009	512,303145995723
4171	1006,21168140705	591,005184619199	1	993,788318592951	591,005184619199
4189	1037,15534337308	623,830829862366	1	962,844656626923	623,830829862366
4205	1085,11486391628	614,080904942118	1	914,885136083723	614,080904942118
4220	1132,69144220501	579,602735830178	1	867,30855779499	579,602735830178
4238	1154,32898127612	600,71184293726	1	845,671018723876	600,71184293726
4254	1168,52296574572	571,981121766702	1	831,477034254282	571,981121766702
4292	1209,63165444383	567,175532748915	1	790,368345556169	567,175532748915
4304	1213,06689876689	661,66674470198	1	786,933101233109	661,66674470198
4330	1207,44377599567	629,906632574286	1	792,556224004333	629,906632574286
4340	1207,06659286793	606,139099550825	1	792,933407132072	606,139099550825
4365	1206,04513021665	618,787112369115	1	793,954869783348	618,787112369115
4371	1201,49055154113	651,062740723919	1	798,50944845887	651,062740723919
4387	1208,32310095921	601,051726335353	1	791,676899040792	601,051726335353
4393	1216,91948163948	601,474805192613	1	783,08051836052	601,474805192613
4421	1219,49052993992	603,851448092921	1	780,50947006008	603,851448092921
4441	1244,3122627359	630,7869271683	1	755,687737264103	630,7869271683
4456	1262,96754764224	640,444261145839	1	737,032452357755	640,444261145839
4474	1293,4887096598	632,610380597796	1	706,511290340201	632,610380597796
4480	1291,31559675392	640,927473382312	1	708,684403246082	640,927473382312
4507	1292,56828587333	644,554726460509	1	707,431714126668	644,554726460509
4530	1307,82965230729	631,933389142958	1	692,17034769271	631,933389142958
4532	1333,4808084524	616,690590129025	1	666,519191547603	616,690590129025
4545	1339,17472587038	611,010936882902	1	660,825274129622	611,010936882902
4560	1349,04798591892	605,603885991681	1	650,952014081081	605,603885991681
4593	1364,63834861947	604,428133625348	1	635,361651380533	604,428133625348
4614	1366,26568885265	603,886881180019	1	633,734311147349	603,886881180019
4629	1366,83065585356	603,767554872466	1	633,169344146438	603,767554872466
4643	1367,54322619565	600,730684959632	1	632,456773804345	600,730684959632
4664	1366,91824650147	576,228313522719	1	633,081753498526	576,228313522719
4666	1350,28308208628	636,276212732065	1	649,716917913717	636,276212732065
4681	1357,25238346138	616,128480747276	1	642,747616538625	616,128480747276
4701	1362,86690768091	593,487775054761	1	637,133092319085	593,487775054761
4717	1345,85371039983	648,859814217347	1	654,146289600174	648,859814217347
4742	1362,92862566158	607,414210496886	1	637,071374338422	607,414210496886
4767	1388,97336526332	546,589278069734	1	611,026634736677	546,589278069734
4791	1372,4210139069	502,759556491361	1	627,578986093101	502,759556491361
4809	1372,31859733199	453,975616946528	1	627,681402668012	453,975616946528
4830	1377,29642869331	458,223602536381	1	622,703571306694	458,223602536381
4843	1379,22211202676	454,77966402943	1	620,777887973239	454,77966402943
4845	1372,5303244087	460,422629526878	1	627,469675591296	460,422629526878
4881	1370,26640691577	468,581781064462	1	629,733593084227	468,581781064462
4890	1353,43439097242	566,510384972292	1	646,565609027578	566,510384972292
4908	1353,68384920682	541,649843464916	1	646,31615079318	541,649843464916
4931	1368,13977860589	472,682675606052	1	631,860221394111	472,682675606052
4934	1363,26337391434	480,377270767415	1	636,736626085662	480,377270767415
4952	1361,39970404843	467,733220411629	1	638,600295951573	467,733220411629
4968	1354,44445095817	492,091110993391	1	645,555549041834	492,091110993391
4982	1336,94645073105	529,803812235811	1	663,053549268949	529,803812235811
4996	1343,94413605185	502,341724805446	1	656,055863948154	502,341724805446
5009	1320,52658077096	461,939579791703	1	679,473419229035	461,939579791703
5047	1316,4044105404	464,969174937242	1	683,595589459597	464,969174937242
5071	1305,7383218557	467,653161275201	1	694,2616781443	467,653161275201
5078	1264,4217572501	492,448002504657	1	735,5782427499	492,448002504657
5088	1275,40617128901	468,704661773851	1	724,593828710988	468,704661773851
5101	1245,0094851814	521,499088187641	1	754,990514818596	521,499088187641
5113	1236,44153546487	529,260085357144	1	763,55846453513	529,260085357144
5130	1244,12122929274	496,701303263237	1	755,878770707257	496,701303263237
5144	1245,52812236806	498,780980663863	1	754,471877631939	498,780980663863
5204	1265,7039153052	443,557941530009	1	734,2960846948	443,557941530009
5227	1271,39366019586	432,373526137186	1	728,606339804143	432,373526137186
5241	1254,63959355151	428,703348548321	1	745,360406448492	428,703348548321
5246	1212,78871371105	549,981707695771	1	787,211286288948	549,981707695771
5317	1120,33459941921	591,106870325862	1	879,66540058079	591,106870325862
5379	540,758329224818	904,912006542127	1	1459,24167077518	904,912006542127
5428	543,128685812348	889,620090626578	1	1456,87131418765	889,620090626578
5446	544,909147581984	873,778669851801	1	1455,09085241802	873,778669851801
5462	545,395624176166	869,450309334915	1	1454,60437582383	869,450309334915
5490	630,166217525621	790,983272459306	1	1369,83378247438	790,983272459306
5524	628,229331641879	782,430461528826	1	1371,77066835812	782,430461528826
5563	637,354045535948	752,065123300105	1	1362,64595446405	752,065123300105
5605	650,793455449591	745,284281800262	1	1349,20654455041	745,284281800262
5651	657,264879520922	673,114165820629	1	1342,73512047908	673,114165820629
5713	663,594816849774	617,099058528178	1	1336,40518315023	617,099058528178
5866	602,663700634608	655,559323957157	1	1397,33629936539	655,559323957157
5878	581,296339312803	809,283851816419	1	1418,7036606872	809,283851816419
5968	654,18920424378	831,0501895556	1	1345,81079575622	831,0501895556
6008	749,618293243705	845,596889306996	1	1250,3817067563	845,596889306996
6034	749,618293243705	845,596889306996	1	1250,3817067563	845,596889306996
6059	752,445467911497	848,121239800954	1	1247,5545320885	848,121239800954
6089	752,12329184209	847,833572636554	1	1247,87670815791	847,833572636554
6108	777,505674002608	842,762009763201	1	1222,49432599739	842,762009763201
6124	935,754705093557	616,42844018753	1	1064,24529490644	616,42844018753
6154	923,947172391385	664,523352105788	1	1076,05282760862	664,523352105788
6172	924,690571974707	642,354313055065	1	1075,30942802529	642,354313055065
6190	918,592039542484	662,537832857874	1	1081,40796045752	662,537832857874
6251	1133,89034981862	752,122197026039	1	866,109650181384	752,122197026039
6280	1151,30359022276	690,276273665614	1	848,696409777235	690,276273665614
6284	1154,43529859624	686,565873089078	1	845,564701403763	686,565873089078
6286	1180,71856333059	665,99219460364	1	819,281436669412	665,99219460364
6303	1183,44992661237	645,621133035802	1	816,550073387634	645,621133035802
6318	1187,48870671548	607,959826306102	1	812,511293284519	607,959826306102
6334	1187,55035680123	636,734311547762	1	812,449643198769	636,734311547762
6348	1194,88092654127	615,713079578478	1	805,119073458732	615,713079578478
6375	1205,54770544497	622,574610145972	1	794,452294555025	622,574610145972
6715	1160,08996068467	564,891101320001	1	839,910039315332	564,891101320001
6746	1141,79000113774	501,960523008541	1	858,209998862257	501,960523008541
6768	1158,07343728697	556,920929183967	1	841,926562713034	556,920929183967
6772	1196,51460451464	549,314431136117	1	803,485395485357	549,314431136117
6777	1218,26568505904	593,495374549278	1	781,734314940963	593,495374549278
6801	1219,91209100791	606,659832234303	1	780,087908992087	606,659832234303
6817	1246,16877227304	591,169990927461	1	753,831227726962	591,169990927461
6857	1254,69567282333	579,853130371587	1	745,304327176675	579,853130371587
6868	1237,416470125	593,526653591348	1	762,583529874998	593,526653591348
6887	1201,29564514264	569,39255666152	1	798,704354857363	569,39255666152
6905	1088,09989333382	533,189027562118	1	911,900106666184	533,189027562118
6911	1123,94930741128	543,316535198189	1	876,050692588719	543,316535198189
6931	1086,71319884178	648,148797020093	1	913,28680115822	648,148797020093
6948	1056,36866280241	607,448848633725	1	943,631337197587	607,448848633725
6957	1053,49550767205	625,902532003525	1	946,504492327953	625,902532003525
6995	1051,1743372806	639,269523947003	1	948,825662719395	639,269523947003
7007	1060,78481477619	667,799400048222	1	939,21518522381	667,799400048222
7024	1071,806461411	691,638628951255	1	928,193538589003	691,638628951255
7041	1065,72926741789	666,175177622543	1	934,270732582113	666,175177622543
7058	1057,55398801772	650,218564505922	1	942,446011982279	650,218564505922
7065	1055,18543329583	641,369111689676	1	944,814566704172	641,369111689676
7079	1055,70457692365	592,923069826643	1	944,295423076348	592,923069826643
7095	1057,00803244705	622,43275445423	1	942,991967552947	622,43275445423
7108	1057,06399588188	616,382381377758	1	942,936004118118	616,382381377758
7140	1069,50120368158	754,219457240405	1	930,498796318417	754,219457240405
7167	1071,60053479517	745,700518314125	1	928,399465204826	745,700518314125
7190	1069,8617155162	734,01223024425	1	930,1382844838	734,01223024425
7194	1068,47840484448	757,16776014478	1	931,521595155517	757,16776014478
7201	1060,21781058506	712,447854102846	1	939,782189414939	712,447854102846
7228	1050,87760507562	647,147598905296	1	949,122394924375	647,147598905296
7247	1048,36600169913	712,06050929611	1	951,633998300875	712,06050929611
7249	1051,2640450718	696,840384729954	1	948,735954928202	696,840384729954
7272	1053,56796055383	685,931730521307	1	946,432039446165	685,931730521307
7291	1065,23252426893	669,045616300118	1	934,767475731074	669,045616300118
7307	1075,99721451843	631,85715102133	1	924,002785481571	631,85715102133
7319	1133,25341307093	490,824049890025	1	866,746586929074	490,824049890025
7333	1154,03879251375	424,045492830893	1	845,961207486249	424,045492830893
7349	1128,11654656771	442,929305568454	1	871,883453432293	442,929305568454
7365	1159,68974723094	400,294120509881	1	840,31025276906	400,294120509881
7383	1154,75177281014	401,803224045562	1	845,248227189858	401,803224045562
7409	1161,87204825267	385,390403816136	1	838,127951747329	385,390403816136
7439	1191,67719801587	385,454541919075	1	808,322801984129	385,454541919075
7456	1164,43242978158	607,141452977394	1	835,567570218424	607,141452977394
7479	1177,66450895651	387,970491193183	1	822,335491043492	387,970491193183
7499	1177,12364184067	412,460166391969	1	822,876358159334	412,460166391969
7512	1177,50063683037	431,412232692187	1	822,49936316963	431,412232692187
7533	1187,67164107614	347,16585428012	1	812,32835892386	347,16585428012
7541	1186,95205787986	335,019135267442	1	813,047942120138	335,019135267442
7565	1164,44888202564	358,457410092876	1	835,551117974361	358,457410092876
7570	1142,05810829762	327,370058303852	1	857,941891702382	327,370058303852
7592	1112,8865220094	421,187150026309	1	887,113477990601	421,187150026309
7607	1114,11299780762	416,196913368666	1	885,887002192382	416,196913368666
7636	1086,54726893794	484,488993819563	1	913,452731062063	484,488993819563
7702	1071,7351984407	528,178213474075	1	928,2648015593	528,178213474075
7743	1194,02562607453	484,910676132722	1	805,974373925465	484,910676132722
7771	1064,08721740552	405,549448834289	1	935,912782594479	405,549448834289
7788	963,98753525892	345,730363389961	1	1036,01246474108	345,730363389961
7811	989,567389937494	426,231102697372	1	1010,43261006251	426,231102697372
7854	1012,6796017793	520,498203237069	1	987,3203982207	520,498203237069
7904	1087,82250786214	618,325082399452	1	912,177492137863	618,325082399452
7946	1117,27045296052	601,734379936145	1	882,729547039475	601,734379936145
7968	1118,88068463143	608,716944217713	1	881,119315368573	608,716944217713
7991	878,046193357137	795,044738518989	1	1121,95380664286	795,044738518989
8012	774,791054031227	905,029008833048	1	1225,20894596877	905,029008833048
8042	772,561669103917	908,561784476608	1	1227,43833089608	908,561784476608
8079	880,833376697592	903,215690631213	1	1119,16662330241	903,215690631213
8119	963,8167578468	853,996619298575	1	1036,1832421532	853,996619298575
8155	1197,73789030777	589,626304993235	1	802,262109692228	589,626304993235
8163	1170,11528238737	586,801347820727	1	829,884717612634	586,801347820727
8166	1170,84033592569	577,450874677168	1	829,159664074312	577,450874677168
8198	1147,1346311272	589,113704807766	1	852,865368872797	589,113704807766
8211	1148,79459154249	588,9263008846	1	851,205408457511	588,9263008846
8224	1132,76271628104	610,6262558889	1	867,237283718962	610,6262558889
8244	1127,57546465045	612,566881624724	1	872,424535349547	612,566881624724
8259	1122,72412690399	602,743608652761	1	877,275873096014	602,743608652761
8266	1155,44514341806	579,379356384845	1	844,554856581935	579,379356384845
8288	1141,19750425883	641,609911358293	1	858,802495741171	641,609911358293
8320	1146,46732073136	632,573612911481	1	853,53267926864	632,573612911481
8327	1142,88649375277	671,800081674715	1	857,113506247232	671,800081674715
8340	1150,56899698538	642,394364327797	1	849,431003014618	642,394364327797
8354	1142,96525784594	679,245449264908	1	857,034742154058	679,245449264908
8367	1147,12979392306	785,168978690767	1	852,870206076942	785,168978690767
8385	1147,06995217973	794,094338869715	1	852,930047820271	794,094338869715
8398	1185,30322062884	749,564072159516	1	814,696779371156	749,564072159516
8432	1186,14282262273	760,326350302252	1	813,857177377271	760,326350302252
8449	1193,92861769382	749,423198550811	1	806,071382306181	749,423198550811
8488	1237,28352648049	698,482818205775	1	762,716473519506	698,482818205775
8520	1237,37127839648	698,546511989249	1	762,628721603522	698,546511989249
8530	1268,24548300251	602,791650763012	1	731,75451699749	602,791650763012
8535	1270,38067230072	591,663336398685	1	729,619327699282	591,663336398685
8566	1263,02046543383	615,288993328661	1	736,979534566168	615,288993328661
8569	1252,81900258226	641,828505436011	1	747,180997417741	641,828505436011
8587	1244,24577986952	656,415241384704	1	755,75422013048	656,415241384704
8607	1240,87878708248	632,669897062836	1	759,121212917525	632,669897062836
8614	1185,89151943751	592,271515195163	1	814,108480562491	592,271515195163
9042	1098,87722965969	519,22312634905	1	901,122770340311	519,22312634905
9061	1210,33307418083	491,222522022135	1	789,666925819175	491,222522022135
9110	1208,7728846637	550,2549476895	1	791,227115336303	550,2549476895
9141	1197,55338191135	646,376368660908	1	802,446618088645	646,376368660908
9147	1200,38814797675	593,236571866748	1	799,611852023245	593,236571866748
9164	1152,93135727895	671,759490870441	1	847,068642721049	671,759490870441
9182	1176,18987508074	605,645963416191	1	823,810124919264	605,645963416191
9213	1205,22757598662	578,392303299296	1	794,772424013377	578,392303299296
9239	1285,09164630255	529,154279210955	1	714,908353697454	529,154279210955
9263	1246,45308235036	593,58726260661	1	753,546917649643	593,58726260661
9277	1262,07541194026	571,02903261517	1	737,924588059738	571,02903261517
9284	1289,88101848615	523,29186668689	1	710,118981513849	523,29186668689
9304	1266,2441807764	565,585143563941	1	733,7558192236	565,585143563941
9325	1265,14633652127	566,226324791151	1	734,85366347873	566,226324791151
9339	1270,63703422714	554,907562102043	1	729,362965772857	554,907562102043
9342	1280,63965495398	540,414100013644	1	719,360345046021	540,414100013644
9368	1265,73865525201	593,02601536659	1	734,261344747994	593,02601536659
9389	1271,69665549803	585,718368096964	1	728,303344501969	585,718368096964
9410	1279,350726882	566,293087719209	1	720,649273118003	566,293087719209
9421	1296,17326029708	534,493730758289	1	703,82673970292	534,493730758289
9435	1286,21803100982	570,813628573046	1	713,781968990177	570,813628573046
9450	1278,534388068	591,554430572226	1	721,465611931995	591,554430572226
9466	1274,73486747082	545,897446440205	1	725,265132529177	545,897446440205
9479	1267,00234787809	563,732029133454	1	732,997652121908	563,732029133454
9502	1260,32073965117	572,993065001829	1	739,679260348826	572,993065001829
9512	1267,86224474677	555,399767378509	1	732,137755253233	555,399767378509
9542	1264,73703936866	558,649801972457	1	735,262960631344	558,649801972457
9582	1258,31097387799	580,092860566839	1	741,689026122011	580,092860566839
9588	1287,73318157893	601,493901346815	1	712,266818421071	601,493901346815
9611	1289,49886474786	610,344165963887	1	710,501135252138	610,344165963887
9615	1290,04668408306	607,910985427591	1	709,953315916939	607,910985427591
9616	1340,74998750772	521,990522255084	1	659,250012492281	521,990522255084
9649	1348,63194596704	523,186202972958	1	651,368054032964	523,186202972958
9664	1367,79480922692	496,271215704308	1	632,205190773084	496,271215704308
9693	1379,40527310479	499,221289569148	1	620,594726895215	499,221289569148
9708	1378,80003012369	501,179535046726	1	621,199969876309	501,179535046726
9727	1248,81545868416	586,432966186802	1	751,184541315841	586,432966186802
9753	1204,84347413876	606,72796002271	1	795,156525861236	606,72796002271
9770	1216,98066319746	614,499729606022	1	783,019336802537	614,499729606022
9787	1231,75618186512	672,676705635348	1	768,243818134884	672,676705635348
9796	1204,5876619045	694,959042277128	1	795,412338095502	694,959042277128
9834	1071,2797940094	787,982692459254	1	928,7202059906	787,982692459254
9879	982,168653498438	846,151735835811	1	1017,83134650156	846,151735835811
9882	985,948344100442	856,44791425556	1	1014,05165589956	856,44791425556
9905	841,240428713049	831,734622410791	1	1158,75957128695	831,734622410791
9922	857,832969013492	891,917497980547	1	1142,16703098651	891,917497980547
9928	878,101484430411	917,202300101763	1	1121,89851556959	917,202300101763
9976	875,0564650776	913,770592037493	1	1124,9435349224	913,770592037493
