220	1437,64265239432	265,315145209324	1	562,357347605684	265,315145209324
242	1068,01396342157	953,88903541938	1	931,986036578428	953,88903541938
248	1060,39055184361	872,354232415992	1	939,609448156391	872,354232415992
265	1315,75871135209	394,134418211583	1	684,241288647906	394,134418211583
298	1255,65989971689	538,977268345052	1	744,340100283105	538,977268345052
306	1251,91265616988	565,34752062639	1	748,08734383012	565,34752062639
310	1312,68210890812	465,684819623056	1	687,317891091878	465,684819623056
327	1299,78968656441	528,845869036677	1	700,210313435585	528,845869036677
340	1288,26364271644	567,247845908799	1	711,736357283556	567,247845908799
376	1238,04747999036	644,32295983693	1	761,952520009644	644,32295983693
386	1177,91470049651	766,801732441797	1	822,085299503494	766,801732441797
401	1169,30996428782	723,662949620068	1	830,690035712176	723,662949620068
425	1211,49606062155	676,216088141468	1	788,503939378447	676,216088141468
449	1209,40461325798	683,542366564845	1	790,595386742018	683,542366564845
492	1200,60634371843	669,080491275104	1	799,39365628157	669,080491275104
505	1196,74454413694	630,551828760488	1	803,255455863065	630,551828760488
521	1196,83537757599	654,586378422692	1	803,164622424013	654,586378422692
565	1225,92725870352	613,559327545558	1	774,072741296475	613,559327545558
586	1197,75103821889	620,710464925072	1	802,248961781111	620,710464925072
590	1191,89887838611	696,701431959978	1	808,10112161389	696,701431959978
756	1174,71607788481	581,996637375116	1	825,28392211519	581,996637375116
774	1219,49368078732	548,623735102326	1	780,506319212682	548,623735102326
791	1214,71273477561	607,55809306224	1	785,287265224385	607,55809306224
821	1220,61963242033	567,506477789766	1	779,380367579665	567,506477789766
837	1223,51544672395	548,187261012056	1	776,484553276049	548,187261012056
854	1227,90236776865	542,928001141613	1	772,097632231353	542,928001141613
870	1227,22247676084	562,254882756473	1	772,777523239158	562,254882756473
891	1203,97985362879	620,741225588403	1	796,020146371211	620,741225588403
905	1200,19084702421	639,254817011501	1	799,80915297579	639,254817011501
924	1201,23500412925	639,870223822258	1	798,764995870746	639,870223822258
926	1194,23311247906	689,222314938101	1	805,766887520938	689,222314938101
948	1191,60265744103	699,347352201007	1	808,39734255897	699,347352201007
972	1188,68069511912	720,203817331357	1	811,319304880878	720,203817331357
985	1188,73548032992	718,574910746743	1	811,264519670078	718,574910746743
1004	1191,67175708278	717,427236514183	1	808,328242917221	717,427236514183
1097	1198,2252976344	718,971103225198	1	801,774702365602	718,971103225198
1111	1206,65782462643	707,121405521956	1	793,34217537357	707,121405521956
1115	1200,7420140319	717,704617896148	1	799,257985968098	717,704617896148
1117	1200,00877351351	717,5754683832	1	799,991226486494	717,5754683832
1120	1199,42875114066	715,653021317042	1	800,57124885934	715,653021317042
1123	1196,60048587927	717,403740254246	1	803,399514120734	717,403740254246
1127	1239,97967310932	582,812157359834	1	760,020326890679	582,812157359834
1142	1251,10909743519	547,767095925076	1	748,89090256481	547,767095925076
1144	1232,82105159442	620,478488950077	1	767,178948405581	620,478488950077
1167	1226,66498829113	644,639940111625	1	773,335011708871	644,639940111625
1182	1234,9974627479	583,209196413085	1	765,0025372521	583,209196413085
1196	1223,11580574344	568,389282381845	1	776,884194256564	568,389282381845
1224	1223,76296266684	573,737022827995	1	776,237037333165	573,737022827995
1232	1218,2315908817	614,367190001343	1	781,768409118296	614,367190001343
1249	1218,59537954971	595,662378775552	1	781,404620450292	595,662378775552
1288	1213,83184682698	675,13993717211	1	786,168153173015	675,13993717211
1300	1218,3894882702	678,150186518856	1	781,610511729802	678,150186518856
1306	1217,28528550154	679,415311081439	1	782,714714498462	679,415311081439
1322	1221,53567935848	677,367333442867	1	778,464320641519	677,367333442867
1352	1222,50849652959	678,265809065166	1	777,491503470414	678,265809065166
1355	1223,9200812913	674,152868633518	1	776,079918708697	674,152868633518
1362	1224,10312087829	672,200888200877	1	775,896879121713	672,200888200877
1380	1223,840390613	669,946421173717	1	776,159609387003	669,946421173717
1392	1210,24087443894	593,560409823806	1	789,759125561063	593,560409823806
1810	1494,45753375303	-0,810425248241731	0			505,542466246966	-0,810425248241731
1840	1377,49995259405	98,6035742489976	0			622,500047405947	98,6035742489976
1872	1369,11696547594	145,370885313051	1	630,883034524061	145,370885313051
1889	1389,89710719597	128,251202920881	1	610,102892804025	128,251202920881
1931	1301,73428515927	307,683583529742	1	698,265714840728	307,683583529742
1961	1355,73808110023	424,713639727051	1	644,261918899766	424,713639727051
1993	1364,73621341233	462,811371126556	1	635,263786587674	462,811371126556
2002	1351,61311866847	438,442019558367	1	648,386881331528	438,442019558367
2027	1347,96184975663	477,773493490331	1	652,038150243368	477,773493490331
2043	1344,7256359277	550,753173280731	1	655,274364072303	550,753173280731
2059	1326,6753941769	572,963802781325	1	673,324605823104	572,963802781325
2074	1296,45036655758	457,829149398917	1	703,549633442419	457,829149398917
2090	1299,70692339844	497,290885226185	1	700,293076601563	497,290885226185
2092	1299,4298487519	571,723478778071	1	700,570151248099	571,723478778071
2115	1296,82486991913	566,168388039109	1	703,175130080866	566,168388039109
2126	1305,80004228317	542,461227350337	1	694,199957716832	542,461227350337
2141	1301,29860703538	530,749327288627	1	698,701392964617	530,749327288627
2180	1305,24158763442	531,005964140962	1	694,758412365582	531,005964140962
2206	1299,60675646839	495,356992039202	1	700,393243531607	495,356992039202
2215	1282,118854439	517,989098490311	1	717,881145560998	517,989098490311
2232	1283,89337668641	509,842712233074	1	716,106623313589	509,842712233074
2248	1282,92271154377	515,25593665674	1	717,077288456233	515,25593665674
2269	1280,05489229232	495,540609683498	1	719,945107707683	495,540609683498
2273	1277,88013369499	493,002544668185	1	722,119866305015	493,002544668185
2297	1274,06819149655	501,930893303268	1	725,931808503449	501,930893303268
2320	1269,73343975476	522,316653334672	1	730,26656024524	522,316653334672
2338	1282,01311201389	653,749514005475	1	717,986887986112	653,749514005475
2356	1289,44683147236	539,689207197694	1	710,553168527639	539,689207197694
2370	1289,60174611962	537,621186694262	1	710,398253880375	537,621186694262
2382	1298,26610710107	459,269389334573	1	701,73389289893	459,269389334573
2399	1282,10654570951	480,811419053518	1	717,893454290494	480,811419053518
2428	1281,01522772471	516,235527720327	1	718,984772275288	516,235527720327
2465	1279,66859874989	513,813063803134	1	720,331401250107	513,813063803134
2468	1281,06074620925	569,134918073256	1	718,939253790754	569,134918073256
2487	1275,74248450559	531,968313534756	1	724,257515494413	531,968313534756
2490	1285,31103228179	505,904027538864	1	714,688967718207	505,904027538864
2504	1344,07731614181	473,363708099375	1	655,922683858186	473,363708099375
2526	1361,63747691558	468,337757661725	1	638,362523084423	468,337757661725
2541	1372,609477113	488,365387464186	1	627,390522886999	488,365387464186
2592	1381,54683441151	474,472182439088	1	618,453165588495	474,472182439088
2638	1386,38013477929	449,222653448416	1	613,619865220708	449,222653448416
2640	1378,51268502555	446,320800931648	1	621,48731497445	446,320800931648
2655	1385,40287297715	446,511127587366	1	614,597127022854	446,511127587366
2670	1403,9488343806	390,01467294973	1	596,051165619401	390,01467294973
2686	1394,64161058353	390,038743871885	1	605,358389416472	390,038743871885
2720	1393,89351933667	388,516514583922	1	606,106480663334	388,516514583922
2723	1428,5732087092	399,561989578131	1	571,426791290798	399,561989578131
2746	1435,58493217449	407,390086299221	1	564,415067825514	407,390086299221
2775	1428,98282086153	438,607148178885	1	571,017179138469	438,607148178885
2793	1440,45288356458	527,609819500126	1	559,547116435421	527,609819500126
2813	1434,73291570891	500,424831590967	1	565,267084291094	500,424831590967
2845	1421,46560094994	533,594516175976	1	578,534399050055	533,594516175976
2855	1396,39670415583	504,868895981669	1	603,603295844174	504,868895981669
2856	1372,73772621641	489,61986053407	1	627,262273783589	489,61986053407
2859	1389,96538728121	567,453430984982	1	610,034612718794	567,453430984982
2875	1381,28066731427	551,355723651132	1	618,719332685729	551,355723651132
2891	1377,18251696686	542,164189771546	1	622,817483033139	542,164189771546
2924	1355,6087861051	493,915670295988	1	644,3912138949	493,915670295988
2950	1285,23370329456	526,721920816573	1	714,766296705442	526,721920816573
2955	1290,74965616444	550,699263844703	1	709,250343835559	550,699263844703
2969	1257,51848194347	551,48774390182	1	742,48151805653	551,48774390182
2990	1242,88359441016	562,766147231107	1	757,116405589835	562,766147231107
2992	1241,48115881422	632,160798028997	1	758,518841185785	632,160798028997
3014	1228,76602301859	677,021131619984	1	771,233976981414	677,021131619984
3030	1220,64785304154	658,540616181797	1	779,352146958461	658,540616181797
3046	1221,06157154455	681,516944933279	1	778,938428455454	681,516944933279
3071	1230,34122835823	673,791577070783	1	769,658771641771	673,791577070783
3093	1223,96953910223	663,383287233576	1	776,030460897771	663,383287233576
3114	1227,06952416197	674,116320118081	1	772,930475838028	674,116320118081
3127	1229,88359948279	634,132002168312	1	770,11640051721	634,132002168312
3129	1224,78473869463	662,004180410228	1	775,215261305372	662,004180410228
3146	1219,36571331765	676,888895490371	1	780,634286682349	676,888895490371
3181	1222,19973477874	648,098485697788	1	777,80026522126	648,098485697788
3184	1223,96711125922	621,946937135663	1	776,03288874078	621,946937135663
3199	1228,98532618193	664,811436247099	1	771,014673818068	664,811436247099
3228	1235,22716341505	676,671259814816	1	764,772836584954	676,671259814816
3238	1252,52845699925	672,952287797522	1	747,471543000749	672,952287797522
3253	1298,76889561421	638,880673639781	1	701,231104385794	638,880673639781
3265	1386,5283527655	586,430466982927	1	613,471647234505	586,430466982927
3282	1370,27025003539	565,17716565031	1	629,729749964613	565,17716565031
3297	1386,02628141792	553,025937468006	1	613,973718582077	553,025937468006
3312	1392,00641286896	549,966211485602	1	607,993587131039	549,966211485602
3326	1442,56651738614	525,487126737313	1	557,433482613861	525,487126737313
3346	1469,17013808354	504,9615734729	0			530,829861916456	504,9615734729
3372	1485,12075055508	498,144949373753	0			514,879249444924	498,144949373753
3389	1462,78905334536	506,417974493977	0			537,210946654644	506,417974493977
3406	1477,73706663912	520,126430853456	0			522,262933360881	520,126430853456
3433	1473,54141173393	517,66650875866	0			526,458588266069	517,66650875866
3452	1464,35989979564	512,280725041368	0			535,640100204357	512,280725041368
3458	1485,52964446204	550,248046445588	0			514,470355537962	550,248046445588
3471	1487,53391630133	543,968464235963	0			512,46608369867	543,968464235963
3482	1485,63883027382	532,098290940442	0			514,361169726178	532,098290940442
3490	1487,98615408889	531,363589285867	0			512,013845911106	531,363589285867
3521	1472,17488369063	522,79314416109	0			527,825116309373	522,79314416109
3539	1450,82579254174	555,937312617283	1	549,17420745826	555,937312617283
3554	1438,70424668056	555,621786951541	1	561,295753319437	555,621786951541
3572	1411,79792354898	554,024778265578	1	588,202076451016	554,024778265578
3584	1369,20321178768	629,497721070202	1	630,796788212318	629,497721070202
3601	1396,76024612634	600,568296528	1	603,239753873655	600,568296528
3627	1379,48593707864	580,456378070173	1	620,514062921364	580,456378070173
3629	1379,96016800097	615,391225516225	1	620,039831999031	615,391225516225
3645	1367,48037857515	587,857059680207	1	632,519621424854	587,857059680207
3670	1361,71379740834	582,491671235171	1	638,286202591662	582,491671235171
3691	1358,32145983938	534,777866038561	1	641,678540160621	534,777866038561
3707	1347,76549405511	553,184921042674	1	652,234505944885	553,184921042674
3710	1330,47962373893	590,275061037454	1	669,520376261073	590,275061037454
3736	1322,98677951599	581,473356786953	1	677,013220484011	581,473356786953
3746	1325,11648797638	567,122029163868	1	674,88351202362	567,122029163868
3781	1332,22873448924	609,515205431863	1	667,771265510757	609,515205431863
3788	1334,82927632484	616,13842398465	1	665,170723675158	616,13842398465
3796	1341,15963672366	581,317039247745	1	658,840363276344	581,317039247745
3825	1346,87914573579	559,572774524976	1	653,120854264214	559,572774524976
3837	1352,34303561016	548,337614293855	1	647,656964389837	548,337614293855
3846	1350,44503274948	515,823504858858	1	649,554967250522	515,823504858858
3866	1348,90568449145	513,22801730176	1	651,094315508549	513,22801730176
3885	1340,8484342632	493,046571470311	1	659,1515657368	493,046571470311
3973	1328,27946004716	557,74439245902	1	671,720539952844	557,74439245902
3977	1319,62479048539	600,239728672244	1	680,375209514609	600,239728672244
3980	1312,8093937452	619,866743799057	1	687,190606254797	619,866743799057
4429	1311,37971847189	914,314222291018	1	688,620281528115	914,314222291018
4471	1485,37731973099	293,094633118024	0			514,622680269013	293,094633118024
4494	1448,76189615268	438,362197301229	1	551,238103847317	438,362197301229
4510	1453,15030778884	347,223846478792	0			546,849692211164	347,223846478792
4523	1386,11925818795	399,266380422136	1	613,880741812049	399,266380422136
4542	1373,68007220729	404,840668064768	1	626,319927792708	404,840668064768
4569	1366,21894921003	378,13004021628	1	633,781050789974	378,13004021628
4603	1399,33928532515	332,770484413325	1	600,660714674855	332,770484413325
4630	1408,36398535936	348,273892079467	1	591,636014640641	348,273892079467
4648	1406,47027371718	380,328144358168	1	593,529726282821	380,328144358168
4681	1416,87228234045	428,867748641833	1	583,127717659551	428,867748641833
4683	1404,08978871795	421,249853440466	1	595,910211282055	421,249853440466
4698	1388,3415363033	436,408458678692	1	611,658463696703	436,408458678692
4725	1375,03283842589	442,100745055612	1	624,967161574109	442,100745055612
4748	1371,51725260169	442,886243453946	1	628,482747398309	442,886243453946
4750	1358,44234214277	462,529325112711	1	641,557657857232	462,529325112711
4772	1356,54831327719	462,717740647228	1	643,451686722812	462,717740647228
4781	1341,09353082743	477,622498261278	1	658,906469172568	477,622498261278
4797	1343,71305727117	494,213312991732	1	656,28694272883	494,213312991732
4816	1345,80731715738	510,019477826315	1	654,192682842624	510,019477826315
4829	1343,23214305118	498,224274229467	1	656,767856948818	498,224274229467
4841	1345,49828689694	488,411998614952	1	654,501713103058	488,411998614952
4877	1331,53890320625	501,755601883181	1	668,461096793751	501,755601883181
4895	1313,02673871321	543,418590668044	1	686,973261286786	543,418590668044
4932	1328,38812511286	508,65833830936	1	671,611874887139	508,65833830936
4947	1291,19606315552	586,249387076276	1	708,803936844476	586,249387076276
4970	1184,44061279367	565,833553144961	1	815,559387206335	565,833553144961
5000	1115,11712101267	528,324615817741	1	884,882878987334	528,324615817741
5019	1092,28332194536	520,530888868113	1	907,716678054636	520,530888868113
5036	1123,64177061766	549,376979477977	1	876,358229382336	549,376979477977
5065	1178,10037179211	686,713922247518	1	821,899628207888	686,713922247518
5080	1153,72484120865	649,49991306832	1	846,275158791348	649,49991306832
5098	1159,10435500895	651,188850437961	1	840,895644991046	651,188850437961
5120	1116,0109453063	644,548939760996	1	883,989054693701	644,548939760996
5171	1080,498002639	564,861080423158	1	919,501997361002	564,861080423158
5189	1134,68204532076	668,02236822293	1	865,317954679242	668,02236822293
5204	1226,32924394027	660,10123306745	1	773,670756059727	660,10123306745
5219	1221,87986994456	622,493344763375	1	778,120130055438	622,493344763375
5238	1226,96528449464	591,837684154278	1	773,034715505361	591,837684154278
5262	1225,83869148696	556,779601186419	1	774,161308513043	556,779601186419
5264	1246,11960620509	576,189041218291	1	753,88039379491	576,189041218291
5279	1239,41781531753	571,015404000856	1	760,582184682471	571,015404000856
5297	1279,21348405412	612,965248982336	1	720,78651594588	612,965248982336
5326	1286,87447048621	612,104323182332	1	713,125529513788	612,104323182332
5340	1316,07847889195	669,663955073312	1	683,921521108046	669,663955073312
5359	1324,15180985695	674,898067770508	1	675,848190143049	674,898067770508
5375	1342,48576426637	637,122768970048	1	657,514235733626	637,122768970048
5386	1343,62645836712	653,372982509152	1	656,373541632878	653,372982509152
5398	1359,38858075941	586,939837190025	1	640,61141924059	586,939837190025
5410	1354,59589181227	583,046985647604	1	645,404108187726	583,046985647604
5423	1327,3658575613	634,932273211006	1	672,634142438699	634,932273211006
5447	1273,46121110905	600,164513690404	1	726,538788890949	600,164513690404
5472	1306,40072881266	634,362293628971	1	693,599271187341	634,362293628971
5486	1264,15705320544	603,772032467548	1	735,842946794562	603,772032467548
5502	1323,25673345767	566,533349363025	1	676,743266542334	566,533349363025
5519	1315,98911370068	587,013755831916	1	684,010886299323	587,013755831916
5534	1337,64562403833	583,115337005039	1	662,35437596167	583,115337005039
5549	1374,04820024892	596,56791446542	1	625,95179975108	596,56791446542
5564	1380,00437875531	613,969205677182	1	619,995621244694	613,969205677182
5585	1382,4565027916	592,642614950434	1	617,5434972084	592,642614950434
5596	1400,72430319359	581,57329083466	1	599,275696806413	581,57329083466
5627	1415,80861413815	568,67930016659	1	584,191385861847	568,67930016659
5638	1431,08594870172	544,638582754626	1	568,914051298283	544,638582754626
5659	1460,96507814225	561,828523439834	0			539,034921857751	561,828523439834
5665	1455,61085687976	540,775624532727	0			544,389143120237	540,775624532727
5683	1452,69541825201	521,058935858399	0			547,304581747995	521,058935858399
5696	1456,37981776046	534,054900245872	0			543,620182239535	534,054900245872
5713	1441,22314982955	527,345453384232	1	558,776850170449	527,345453384232
5730	1443,66545346373	535,761003449486	1	556,334546536266	535,761003449486
5748	1413,94778209027	538,745710538924	1	586,052217909726	538,745710538924
5783	1439,05693407025	580,367055599356	1	560,943065929748	580,367055599356
5803	1372,45218419378	619,048254019972	1	627,547815806218	619,048254019972
5823	1263,14688431156	634,804006331365	1	736,853115688435	634,804006331365
5838	1305,09674998509	662,766071315225	1	694,903250014906	662,766071315225
5854	1278,577578707	651,716052094472	1	721,422421293003	651,716052094472
5865	1250,22745527865	637,099903446477	1	749,772544721346	637,099903446477
5871	1255,86001270325	640,040874721823	1	744,13998729675	640,040874721823
5893	1258,79832579204	644,597138718511	1	741,201674207964	644,597138718511
5927	1236,86889186255	648,276758384437	1	763,131108137448	648,276758384437
5941	1225,85570607141	673,118681465458	1	774,144293928594	673,118681465458
5963	1229,01926435398	725,693386472801	1	770,980735646025	725,693386472801
5984	1259,93259859564	758,999583763199	1	740,067401404363	758,999583763199
6014	1283,44536126673	774,394668689392	1	716,554638733268	774,394668689392
6028	1266,55648914757	743,34201759493	1	733,443510852427	743,34201759493
6042	1295,52740942035	693,059913629583	1	704,472590579646	693,059913629583
6071	1286,66053517918	688,096970140226	1	713,339464820821	688,096970140226
6097	1298,92869070442	677,19527300415	1	701,071309295577	677,19527300415
6119	1301,72368593288	647,288309700163	1	698,276314067116	647,288309700163
6131	1328,24842223022	621,520433596168	1	671,751577769783	621,520433596168
6150	1356,3289293988	593,241337142913	1	643,6710706012	593,241337142913
6167	1359,34162979178	585,908775434707	1	640,658370208222	585,908775434707
6185	1367,58484895231	572,365967743392	1	632,415151047692	572,365967743392
6192	1366,02872714989	577,845231754065	1	633,971272850108	577,845231754065
6236	1391,52392999523	555,037581015927	1	608,476070004772	555,037581015927
6239	1394,16875309801	577,031754037531	1	605,83124690199	577,031754037531
6255	1394,95627378252	580,991986757906	1	605,043726217483	580,991986757906
6269	1393,48835050922	564,414719997501	1	606,511649490782	564,414719997501
6282	1392,18248199675	586,369204640136	1	607,817518003254	586,369204640136
6318	1390,19562638816	599,213542105254	1	609,804373611843	599,213542105254
6323	1399,92667309785	578,359308002731	1	600,073326902151	578,359308002731
6329	1406,88083040734	556,276794476334	1	593,119169592658	556,276794476334
6352	1372,89754437012	490,56094065584	1	627,102455629875	490,56094065584
6373	1441,03724584702	542,219153493719	1	558,96275415298	542,219153493719
6388	1424,26968112175	546,628962679536	1	575,730318878246	546,628962679536
6403	1425,72882778486	543,126575479553	1	574,271172215143	543,126575479553
6417	1409,03903725281	533,156796752838	1	590,960962747187	533,156796752838
6432	1411,14456029479	532,036931217434	1	588,85543970521	532,036931217434
6480	1415,83841314161	525,388911310824	1	584,161586858388	525,388911310824
6482	1414,14244924107	533,921577140031	1	585,857550758928	533,921577140031
6486	1415,588384891	536,656705911926	1	584,411615108998	536,656705911926
6494	1424,94827286037	526,029139580245	1	575,05172713963	526,029139580245
6519	1388,32236451193	435,954549055723	1	611,677635488071	435,954549055723
6538	1408,52564139427	477,707312024779	1	591,474358605728	477,707312024779
6552	1404,82656730439	510,625117564987	1	595,173432695611	510,625117564987
6573	1410,88479151185	526,93513987312	1	589,115208488151	526,93513987312
6587	1404,78949303137	520,926646517858	1	595,210506968633	520,926646517858
6603	1370,52031955291	568,404713790251	1	629,479680447087	568,404713790251
6614	1339,80270869586	550,295750357982	1	660,197291304139	550,295750357982
6630	1349,80697867207	556,953242440548	1	650,193021327928	556,953242440548
6637	1359,39077625438	534,566758920653	1	640,609223745618	534,566758920653
6680	1350,76415884331	531,039430230888	1	649,235841156693	531,039430230888
6682	1355,87704352536	537,265993083435	1	644,122956474645	537,265993083435
6701	1358,05977568156	526,504458582209	1	641,940224318444	526,504458582209
6720	1367,47411591233	521,009169796052	1	632,525884087666	521,009169796052
6732	1352,06595367008	500,517680869244	1	647,934046329924	500,517680869244
6762	1353,071527749	506,267716971305	1	646,928472250998	506,267716971305
6795	1351,27344703286	506,027548805815	1	648,726552967144	506,027548805815
6805	1347,3699778326	499,804182011534	1	652,630022167401	499,804182011534
6807	1346,45799092047	499,99022852949	1	653,542009079526	499,99022852949
6826	1329,82116812958	513,259699896245	1	670,178831870418	513,259699896245
6838	1329,60138841308	504,974348696797	1	670,398611586919	504,974348696797
6852	1329,57632467885	504,578495998597	1	670,423675321154	504,578495998597
6865	1338,04278487018	582,488517742358	1	661,957215129821	582,488517742358
6882	1340,29916786527	565,615232779329	1	659,700832134734	565,615232779329
6899	1351,56746790612	568,042016697621	1	648,432532093876	568,042016697621
6905	1341,37069003844	537,028651413492	1	658,629309961564	537,028651413492
6926	1332,17085920881	557,651790944938	1	667,82914079119	557,651790944938
6943	1335,93397232078	513,548942042215	1	664,066027679221	513,548942042215
6974	1337,40994969621	509,397214435882	1	662,590050303788	509,397214435882
7022	1335,40782763079	518,601237522993	1	664,592172369214	518,601237522993
7024	1339,09536523033	527,457727042415	1	660,904634769673	527,457727042415
7027	1339,23869638323	525,049336269345	1	660,761303616767	525,049336269345
7036	1319,29653373601	472,895527311679	1	680,703466263988	472,895527311679
7043	1322,99791663275	496,777325123252	1	677,002083367247	496,777325123252
7058	1317,30155376729	486,791020330708	1	682,698446232709	486,791020330708
7083	1281,78345122493	504,789373534301	1	718,216548775069	504,789373534301
7090	1270,72374231356	504,35904534206	1	729,276257686437	504,35904534206
7128	1285,81107416592	545,993003366897	1	714,188925834082	545,993003366897
7151	1215,30252941739	445,380343807515	1	784,697470582609	445,380343807515
7169	1214,20633567814	486,118830309659	1	785,793664321862	486,118830309659
7184	1224,6234101648	505,739243692875	1	775,376589835199	505,739243692875
7199	1216,21823600707	468,245796815354	1	783,781763992925	468,245796815354
7225	1215,31741558262	419,15091044139	1	784,682584417382	419,15091044139
7229	1246,30990430772	443,626765783178	1	753,690095692283	443,626765783178
7272	1223,41531599962	436,175505793979	1	776,584684000376	436,175505793979
7282	1218,02848905518	464,956560719565	1	781,971510944818	464,956560719565
7298	1220,28765005998	468,958906610423	1	779,71234994002	468,958906610423
7314	1242,22286792288	497,17673740064	1	757,777132077116	497,17673740064
7318	1280,8856426915	551,966998547399	1	719,114357308498	551,966998547399
7342	1283,55600249572	519,21338549663	1	716,443997504277	519,21338549663
7360	1329,37593155855	522,026582256848	1	670,624068441452	522,026582256848
7377	1301,11384289178	495,662064310448	1	698,886157108218	495,662064310448
7422	1211,70496213634	506,187634500333	1	788,295037863664	506,187634500333
7446	1190,97927670152	589,377656657678	1	809,020723298477	589,377656657678
7451	1192,07493421148	592,529348826713	1	807,925065788515	592,529348826713
7486	1192,55355434167	554,374050361828	1	807,44644565833	554,374050361828
7488	1218,37555427343	529,49444308144	1	781,624445726573	529,49444308144
7491	1283,20074728633	544,599843749473	1	716,799252713669	544,599843749473
7513	1304,70608963954	543,662761586397	1	695,293910360461	543,662761586397
7537	1302,11970872903	523,663517761257	1	697,880291270966	523,663517761257
7542	1330,55387334772	511,83423504691	1	669,446126652279	511,83423504691
7584	1343,27386839573	487,850089643003	1	656,726131604265	487,850089643003
7588	1321,33886869692	582,993501357612	1	678,661131303079	582,993501357612
7605	1321,44721086155	574,477091662064	1	678,552789138446	574,477091662064
7628	1320,69195229493	591,59658973007	1	679,308047705075	591,59658973007
7636	1320,46568548043	579,457739222518	1	679,534314519565	579,457739222518
7648	1324,93601527242	564,457713381162	1	675,063984727585	564,457713381162
7667	1320,32547350717	504,10848023907	1	679,674526492827	504,10848023907
7673	1323,26605115511	522,163059708833	1	676,733948844889	522,163059708833
7696	1331,97689712486	494,51863042325	1	668,023102875143	494,51863042325
7724	1336,63255002209	501,740663631666	1	663,367449977911	501,740663631666
7738	1340,51583717394	474,422727137605	1	659,484162826061	474,422727137605
7756	1368,8497847085	489,761354742354	1	631,150215291502	489,761354742354
7771	1378,61753154677	532,865680247851	1	621,382468453226	532,865680247851
7783	1391,89450257948	518,388669355951	1	608,105497420517	518,388669355951
7800	1396,46488050909	527,693531233742	1	603,535119490908	527,693531233742
7810	1401,01589441894	535,927786886727	1	598,984105581055	535,927786886727
7826	1405,31400800756	512,368421882595	1	594,685991992436	512,368421882595
8188	1602,65655023766	-16,4343668613319	0			397,343449762338	-16,4343668613319
8276	1514,73993097694	228,497083202111	0			485,260069023058	228,497083202111
8295	1464,38950958988	248,760552903584	0			535,61049041012	248,760552903584
8331	1481,52391610683	267,643335158546	0			518,476083893168	267,643335158546
8385	1530,35753745616	277,724925054966	0			469,642462543841	277,724925054966
8428	1530,12790124393	279,371472028645	0			469,872098756068	279,371472028645
8435	1350,54641279202	478,427375375707	1	649,453587207979	478,427375375707
8471	1357,00849094254	490,696175678326	1	642,991509057455	490,696175678326
8503	1367,35890883654	484,587225050749	1	632,641091163459	484,587225050749
8504	1390,31510157989	521,444628540439	1	609,684898420108	521,444628540439
8522	1400,24165863672	533,425793163671	1	599,758341363282	533,425793163671
8537	1394,39626135706	527,53835789851	1	605,603738642935	527,53835789851
8555	1354,20849744746	501,694798373263	1	645,791502552539	501,694798373263
8561	1398,78508840813	545,752637569832	1	601,214911591872	545,752637569832
8576	1401,36119637438	549,391076163298	1	598,638803625619	549,391076163298
8591	1369,51501809243	574,19704302377	1	630,484981907567	574,19704302377
8633	1359,77175437812	597,399311895812	1	640,228245621882	597,399311895812
8638	1342,0897449022	602,098252553495	1	657,910255097805	602,098252553495
8662	1342,79168423674	606,188609612347	1	657,208315763257	606,188609612347
8694	1353,40588502116	669,655897317474	1	646,594114978845	669,655897317474
8715	1353,8350441568	634,551165628471	1	646,164955843196	634,551165628471
8726	1349,58510162395	621,505913845555	1	650,414898376048	621,505913845555
8732	1365,39931840451	557,828153279698	1	634,600681595493	557,828153279698
8745	1361,95423709288	557,753508408439	1	638,045762907119	557,753508408439
8747	1350,37459494429	562,405381269451	1	649,62540505571	562,405381269451
8774	1353,32777183057	558,144520934656	1	646,672228169428	558,144520934656
8795	1378,78930577477	534,291478440791	1	621,210694225229	534,291478440791
8804	1379,14073952293	538,239253505996	1	620,859260477072	538,239253505996
8826	1381,36469834382	544,782247017973	1	618,635301656181	544,782247017973
8853	1379,5499516474	550,946254827824	1	620,450048352601	550,946254827824
8865	1374,93377219319	553,055527029302	1	625,066227806808	553,055527029302
8868	1371,37623881819	552,141797638931	1	628,623761181811	552,141797638931
8889	1341,31655283601	555,128053745014	1	658,683447163993	555,128053745014
8895	1338,69197077533	558,284612504387	1	661,30802922467	558,284612504387
8933	1331,84324297871	554,940181641243	1	668,156757021285	554,940181641243
8936	1302,62993021092	559,683754281082	1	697,370069789082	559,683754281082
8955	1304,56109830196	590,703545972837	1	695,438901698039	590,703545972837
8969	1306,41580513001	578,508610478467	1	693,584194869991	578,508610478467
8976	1300,54805306994	601,52623164133	1	699,451946930064	601,52623164133
9024	1307,16455473299	556,421823644244	1	692,835445267011	556,421823644244
9029	1309,24479519246	550,625552592298	1	690,755204807541	550,625552592298
9031	1305,29029287132	572,377177248899	1	694,709707128676	572,377177248899
9041	1307,59210020402	566,053813873396	1	692,407899795976	566,053813873396
9072	1320,35073955819	547,337326595416	1	679,64926044181	547,337326595416
9090	1325,28851571516	533,501092758868	1	674,711484284837	533,501092758868
9100	1380,32475454629	487,453209345894	1	619,675245453712	487,453209345894
9133	1428,58710460117	503,062629056219	1	571,412895398829	503,062629056219
9162	1448,62035115162	485,060109094257	1	551,379648848384	485,060109094257
9188	1437,47696954487	478,13225095372	1	562,523030455134	478,13225095372
9191	1345,68041256817	545,76472778711	1	654,319587431831	545,76472778711
9193	1343,98786191241	535,376194002353	1	656,012138087593	535,376194002353
9205	1353,97434481155	516,14455844238	1	646,02565518845	516,14455844238
9277	1337,3650036071	480,943228320472	1	662,634996392905	480,943228320472
9281	1340,20432658837	475,816832648091	1	659,795673411633	475,816832648091
9284	1328,35680475745	513,397455477704	1	671,643195242554	513,397455477704
9288	1324,1463582235	526,812373150022	1	675,853641776501	526,812373150022
9290	1333,80507596567	522,185283867995	1	666,194924034332	522,185283867995
9293	1381,14373776524	561,885899410041	1	618,856262234762	561,885899410041
9311	1387,39257416459	548,729788876971	1	612,607425835406	548,729788876971
9330	1385,19401603404	546,811730765378	1	614,805983965962	546,811730765378
9344	1413,60770949928	550,587037806892	1	586,392290500722	550,587037806892
9369	1403,87969596868	568,615009916539	1	596,120304031325	568,615009916539
9384	1412,29363479707	595,402153113596	1	587,706365202929	595,402153113596
9407	1415,79413020768	611,51476311739	1	584,205869792316	611,51476311739
9423	1408,38361047479	602,667139110261	1	591,616389525206	602,667139110261
9436	1387,68865715382	516,650944375362	1	612,311342846182	516,650944375362
9468	1402,0608783997	442,495748194193	1	597,939121600299	442,495748194193
9476	1402,81556117578	426,919570626321	1	597,184438824224	426,919570626321
9480	1402,21801574608	464,89171263397	1	597,781984253921	464,89171263397
9500	1404,16574156705	432,857986552609	1	595,834258432954	432,857986552609
9518	1419,60472771114	508,659294851437	1	580,395272288862	508,659294851437
9548	1410,07757831906	495,565678741228	1	589,922421680938	495,565678741228
9552	1345,93121289494	624,014373333909	1	654,068787105055	624,014373333909
9577	1363,11024948492	625,476372348771	1	636,889750515079	625,476372348771
9583	1362,89325101007	602,861506690507	1	637,106748989929	602,861506690507
9608	1385,59966125805	596,117660684552	1	614,400338741948	596,117660684552
9616	1372,06606462923	671,334703832651	1	627,933935370773	671,334703832651
9646	1367,84722892855	683,679279930826	1	632,152771071448	683,679279930826
9656	1375,66169990367	685,824901797707	1	624,338300096333	685,824901797707
9684	1404,61237122199	621,525784387331	1	595,387628778009	621,525784387331
9705	1423,59324916722	575,83381402867	1	576,406750832781	575,83381402867
9712	1434,88785858949	621,562185296314	1	565,112141410515	621,562185296314
9729	1434,94058023788	601,313497874376	1	565,059419762125	601,313497874376
9749	1434,96285171683	577,139368833744	1	565,037148283169	577,139368833744
9774	1432,42443253311	602,610499378555	1	567,575567466885	602,610499378555
9779	1428,46891807798	593,934504813658	1	571,531081922022	593,934504813658
9783	1409,26301016094	623,697829567141	1	590,736989839064	623,697829567141
9824	1401,58508905436	608,337198963821	1	598,414910945639	608,337198963821
9839	1399,48822910086	583,048767278257	1	600,511770899145	583,048767278257
9841	1404,78152568103	548,379755331197	1	595,218474318974	548,379755331197
9860	1401,2030197552	576,603601772771	1	598,796980244801	576,603601772771
9866	1421,20679190213	503,036034879731	1	578,793208097873	503,036034879731
9885	1456,31563586138	526,788778952163	0			543,684364138623	526,788778952163
9899	1454,91010017443	523,36817527115	0			545,089899825573	523,36817527115
9913	1443,11646150424	504,642667880354	1	556,88353849576	504,642667880354
9923	1480,79052060619	514,964776641408	0			519,209479393809	514,964776641408
9945	1480,53279442709	492,058563570807	0			519,467205572913	492,058563570807
9992	1447,80307689908	460,011539796119	1	552,196923100919	460,011539796119
10008	1432,10531443583	461,63492154574	1	567,894685564166	461,63492154574
10017	1464,94238821878	494,054312336992	0			535,057611781219	494,054312336992
