525	1036,19860800339	826,267062722737	1	963,801391996612	826,267062722737
546	1030,95797936893	795,979234428891	1	969,042020631068	795,979234428891
556	1026,96829370816	781,976212614845	1	973,031706291841	781,976212614845
576	1025,40002467613	776,471892893197	1	974,599975323868	776,471892893197
592	1023,56819970245	779,004707520116	1	976,431800297546	779,004707520116
609	1022,53798667178	779,365870179935	1	977,462013328223	779,365870179935
618	1024,95967732779	773,010873857317	1	975,040322672208	773,010873857317
639	1025,56410218652	770,075253280729	1	974,43589781348	770,075253280729
664	1019,97193440506	773,215202256959	1	980,028065594938	773,215202256959
681	1022,10350945233	767,337654510112	1	977,89649054767	767,337654510112
698	1011,49409870275	777,899301094371	1	988,505901297253	777,899301094371
711	1003,38574657277	789,359679855214	1	996,614253427229	789,359679855214
739	1006,95478192047	783,990046400671	1	993,045218079533	783,990046400671
742	1012,35684667882	775,62592249407	1	987,643153321178	775,62592249407
1712	846,428776713251	484,341322812498	1	1153,57122328675	484,341322812498
1723	583,885948403368	760,069500675313	1	1416,11405159663	760,069500675313
1750	597,04030558762	597,691053049124	1	1402,95969441238	597,691053049124
1766	585,327044852103	578,573064974207	1	1414,6729551479	578,573064974207
1773	565,794878369663	520,799410313991	1	1434,20512163034	520,799410313991
1788	434,314448115705	581,516134147949	1	1565,6855518843	581,516134147949
1822	437,244168791641	613,844169427265	1	1562,75583120836	613,844169427265
1878	469,246479280568	706,079100569422	1	1530,75352071943	706,079100569422
1908	576,112573779316	746,219696290169	1	1423,88742622068	746,219696290169
2028	810,934734653115	867,89494684477	1	1189,06526534689	867,89494684477
2041	796,677494049072	885,074281934532	1	1203,32250595093	885,074281934532
2068	786,34044955476	896,672828396915	1	1213,65955044524	896,672828396915
2087	787,001114616159	904,943330634069	1	1212,99888538384	904,943330634069
2134	839,618640472475	885,997086221153	1	1160,38135952753	885,997086221153
2183	882,310864973487	867,983719827175	1	1117,68913502651	867,983719827175
2578	1354,30011440635	594,53298208075	1	645,699885593649	594,53298208075
2629	1409,9210769999	583,772553024048	1	590,078923000101	583,772553024048
2662	1404,98957077133	616,417893013366	1	595,010429228673	616,417893013366
2674	1398,28096210542	637,340288273222	1	601,719037894585	637,340288273222
2699	1381,77302185538	653,923746431076	1	618,226978144615	653,923746431076
2717	1382,90937683147	661,555857735376	1	617,090623168531	661,555857735376
2762	1355,28278185152	645,494673585043	1	644,717218148476	645,494673585043
2781	1363,38425559136	663,151816385325	1	636,615744408636	663,151816385325
2799	1324,45590045646	634,707428417441	1	675,54409954354	634,707428417441
2826	1315,41053248669	621,372792798643	1	684,58946751331	621,372792798643
2836	1301,24849678712	613,532251489159	1	698,751503212877	613,532251489159
2839	1297,21673920122	610,306715688163	1	702,78326079878	610,306715688163
2870	1295,17830743483	602,71244082298	1	704,821692565171	602,71244082298
2873	1294,75758100137	601,078095522132	1	705,242418998631	601,078095522132
2889	1294,51026779418	603,709006579494	1	705,489732205819	603,709006579494
2914	1296,87546380129	597,740312073248	1	703,124536198715	597,740312073248
2932	1297,71312259408	594,535081221385	1	702,286877405923	594,535081221385
2937	1298,45529662309	592,307256258035	1	701,544703376913	592,307256258035
2956	1291,1586851056	601,213721732723	1	708,841314894401	601,213721732723
2984	1287,70353096722	608,839775900429	1	712,296469032778	608,839775900429
2990	1287,57250107828	608,510797862139	1	712,42749892172	608,510797862139
3019	1285,7238930872	598,226160937338	1	714,276106912796	598,226160937338
3032	1283,24492526834	578,150609445196	1	716,755074731665	578,150609445196
3077	1287,68772951611	594,83022627415	1	712,312270483885	594,83022627415
3105	1313,18638584317	625,282962508468	1	686,813614156835	625,282962508468
3123	1340,5190389415	682,897150942719	1	659,480961058501	682,897150942719
3137	1351,38512025588	690,703933016969	1	648,614879744117	690,703933016969
3156	1351,54869766074	685,508000985589	1	648,451302339264	685,508000985589
3170	1362,27654988918	673,755556835388	1	637,72345011082	673,755556835388
3211	1381,84000063822	679,589365651112	1	618,159999361778	679,589365651112
3234	1398,61865355971	682,316283325746	1	601,381346440285	682,316283325746
3257	1417,43647564279	680,630626270393	1	582,563524357212	680,630626270393
3260	1416,97139595225	681,099648135278	1	583,028604047749	681,099648135278
3315	1345,9416830611	586,754587596922	1	654,058316938901	586,754587596922
3630	1423,68353686286	844,902727176882	1	576,316463137136	844,902727176882
3660	1321,94101278064	617,52554565257	1	678,058987219357	617,52554565257
3675	1328,53279759483	661,29194306566	1	671,467202405166	661,29194306566
3703	1332,52391778094	694,771073828735	1	667,476082219058	694,771073828735
3720	1325,55407769474	680,298064430758	1	674,445922305265	680,298064430758
3756	1317,58713635783	559,522976991837	1	682,41286364217	559,522976991837
3817	1281,28317838292	419,92722317475	1	718,716821617083	419,92722317475
3832	1254,49946029633	361,471282701374	1	745,500539703671	361,471282701374
3837	1227,9459961314	338,82948197975	1	772,054003868603	338,82948197975
3855	1225,11722419782	338,846908156864	1	774,882775802184	338,846908156864
3871	1209,21672722095	320,248652097765	1	790,783272779053	320,248652097765
3886	1203,22181296083	309,162298812885	1	796,778187039171	309,162298812885
3900	1188,0758831258	317,933932707505	1	811,924116874203	317,933932707505
3917	1184,79528968107	321,556123594104	1	815,204710318935	321,556123594104
3932	1199,46092055299	304,396777551028	1	800,539079447014	304,396777551028
3972	1150,2460191499	367,522727019714	1	849,753980850096	367,522727019714
4005	1146,70459023602	418,048826391436	1	853,295409763979	418,048826391436
4018	1150,82401353415	430,976359654614	1	849,17598646585	430,976359654614
4057	1162,30196314479	461,372566771848	1	837,698036855206	461,372566771848
4073	1166,37769738851	453,664623545294	1	833,622302611489	453,664623545294
4088	1169,80929088252	458,465965439509	1	830,190709117476	458,465965439509
4111	1282,77773481401	382,65221857885	1	717,222265185993	382,65221857885
4130	1278,70264364074	390,118261142454	1	721,297356359258	390,118261142454
4146	1210,60595501987	391,335667008816	1	789,394044980135	391,335667008816
4162	1206,78414117653	386,608241431347	1	793,215858823467	386,608241431347
4187	1262,61273541509	376,000930239515	1	737,387264584914	376,000930239515
4210	1186,26222661418	374,160792278774	1	813,737773385824	374,160792278774
4218	1187,94778373361	319,57753389036	1	812,052216266391	319,57753389036
4252	1185,13172022461	344,657529920405	1	814,868279775387	344,657529920405
4287	1244,40003257168	379,298132581074	1	755,599967428319	379,298132581074
4298	1229,5166431752	366,71506910033	1	770,4833568248	366,71506910033
4336	1270,26341024759	512,983385183333	1	729,736589752409	512,983385183333
4384	1267,38376118042	522,909155839294	1	732,616238819576	522,909155839294
4414	1264,34270864937	525,769947733295	1	735,657291350627	525,769947733295
4430	1147,77995760478	639,419926425096	1	852,220042395219	639,419926425096
4464	1121,61330844372	675,970608975453	1	878,386691556281	675,970608975453
4476	1114,66767131389	685,168193721257	1	885,332328686105	685,168193721257
4486	1111,98591189403	688,987245818904	1	888,014088105974	688,987245818904
4510	1119,77264347859	691,056187778403	1	880,227356521412	691,056187778403
4520	1110,50074744819	685,524250437918	1	889,499252551808	685,524250437918
4538	1115,09766495252	682,502727649451	1	884,902335047476	682,502727649451
4566	1112,3526135117	693,394619955817	1	887,647386488301	693,394619955817
4581	1109,67306207809	698,412204065434	1	890,326937921909	698,412204065434
4605	1114,05172587597	701,689589886453	1	885,948274124025	701,689589886453
4622	1115,47074552754	708,383491806166	1	884,529254472456	708,383491806166
4650	1115,12454874749	714,795415227608	1	884,875451252514	714,795415227608
4657	1118,14200948244	710,047627437555	1	881,857990517563	710,047627437555
4659	1119,07740299574	706,199269978226	1	880,922597004264	706,199269978226
4674	1115,96200659912	693,405067736883	1	884,037993400884	693,405067736883
5055	1117,65184124697	700,794606961997	1	882,348158753034	700,794606961997
5096	1171,53940540301	769,917446265109	1	828,460594596986	769,917446265109
5129	1211,56025619846	822,98210637258	1	788,439743801539	822,98210637258
5190	1234,75227232504	853,732988188015	1	765,24772767496	853,732988188015
5204	1215,89968827915	828,73586931975	1	784,100311720853	828,73586931975
5212	1183,04614855869	786,020750182368	1	816,953851441313	786,020750182368
5236	999,805540443587	705,243659944684	1	1000,19445955641	705,243659944684
5279	1027,54477053317	824,483262746037	1	972,455229466829	824,483262746037
5330	1093,44456182755	1016,94493249123	0			906,555438172453	1016,94493249123
5367	1076,1605760768	1017,44744929932	0			923,839423923201	1017,44744929932
5402	934,447265413631	916,808910662539	1	1065,55273458637	916,808910662539
5419	941,810010625202	921,41985241574	1	1058,1899893748	921,41985241574
5627	1033,65182228459	640,809589829999	1	966,348177715413	640,809589829999
5686	1051,52892078782	527,56018099742	1	948,471079212176	527,56018099742
5737	1082,01094445287	651,542929541129	1	917,989055547128	651,542929541129
5772	927,978401790892	677,791670423842	1	1072,02159820911	677,791670423842
5821	965,780335264983	598,107187955276	1	1034,21966473502	598,107187955276
6107	733,892965471089	1049,8349767291	0			1266,10703452891	1049,8349767291
6148	708,969402621865	1045,46566390665	0			1291,03059737814	1045,46566390665
6171	708,969402621865	1045,46566390665	0			1291,03059737814	1045,46566390665
6184	704,932614061193	1039,20570457583	0			1295,06738593881	1039,20570457583
6228	703,551867828746	1037,06454332069	0			1296,44813217125	1037,06454332069
6297	885,130314996713	734,643500489861	1	1114,86968500329	734,643500489861
6311	885,130314996713	734,643500489861	1	1114,86968500329	734,643500489861
6320	884,628855922935	736,837676347753	1	1115,37114407707	736,837676347753
6363	885,442580382018	744,287164925453	1	1114,55741961798	744,287164925453
6387	893,393216634981	724,247343512435	1	1106,60678336502	724,247343512435
6405	963,951301399589	618,39770154189	1	1036,04869860041	618,39770154189
6456	954,100495375588	658,331046105692	1	1045,89950462441	658,331046105692
6528	1121,97741659714	560,406822729597	1	878,022583402862	560,406822729597
6538	1125,59983233997	540,18499323699	1	874,400167660035	540,18499323699
6587	1131,39310377863	529,728806919922	1	868,606896221373	529,728806919922
6622	1181,03512945503	516,079714339088	1	818,964870544969	516,079714339088
6663	1074,81997497459	529,713645079501	1	925,180025025407	529,713645079501
6680	1066,85186492589	530,846396956105	1	933,148135074112	530,846396956105
6695	1152,06623261306	353,29117570517	1	847,933767386944	353,29117570517
6711	1181,71778676991	286,690955427357	1	818,282213230094	286,690955427357
6726	1231,46718189686	205,300814440346	1	768,532818103143	205,300814440346
6741	1232,3452100812	204,994827699051	1	767,654789918804	204,994827699051
6759	1238,28249499629	204,180844005348	1	761,717505003711	204,180844005348
6771	1240,35747851192	203,654667337362	1	759,642521488085	203,654667337362
6827	1239,905171205	238,159651930801	1	760,094828794995	238,159651930801
6844	1240,08998576037	242,919244675877	1	759,910014239635	242,919244675877
6875	1275,56113511872	285,500202990136	1	724,43886488128	285,500202990136
6898	1261,5798945493	283,591762014893	1	738,420105450705	283,591762014893
6915	1254,74518490481	284,513380706379	1	745,254815095195	284,513380706379
6930	1239,6050031189	297,942417500711	1	760,394996881098	297,942417500711
6975	1209,32765358607	322,906680677802	1	790,672346413927	322,906680677802
6995	1229,58520384998	338,617532356497	1	770,414796150021	338,617532356497
7020	1215,36661319782	360,013434894893	1	784,633386802177	360,013434894893
7041	1150,17935741503	364,565116013554	1	849,820642584966	364,565116013554
7384	1477,59421141788	182,873077629654	0			522,40578858212	182,873077629654
7423	1450,29857845368	210,110186937705	1	549,701421546319	210,110186937705
7471	1261,3166127595	235,625495919253	1	738,683387240498	235,625495919253
7522	1164,35198727155	309,860189083961	1	835,648012728447	309,860189083961
7542	1158,19988559365	337,551214215905	1	841,800114406351	337,551214215905
7568	1195,73113773553	356,425443174895	1	804,268862264466	356,425443174895
7621	1212,83081449737	365,024762299862	1	787,169185502629	365,024762299862
7656	1181,98123903902	371,386886355335	1	818,018760960978	371,386886355335
7707	1164,11618723453	375,071205317555	1	835,883812765473	375,071205317555
7753	1164,11618723453	375,071205317555	1	835,883812765473	375,071205317555
7795	1164,11618723453	375,071205317555	1	835,883812765473	375,071205317555
7862	898,320575207954	405,426436560841	1	1101,67942479205	405,426436560841
7900	899,09331114107	223,357382479103	1	1100,90668885893	223,357382479103
7934	881,493928278958	227,845221222141	1	1118,50607172104	227,845221222141
7952	919,284208319459	252,058811708855	1	1080,71579168054	252,058811708855
7967	909,492312616324	290,565835436085	1	1090,50768738368	290,565835436085
7991	926,010000452861	371,23297853006	1	1073,98999954714	371,23297853006
8029	949,428204361	475,790335849097	1	1050,571795639	475,790335849097
8069	933,384393161067	566,665271568254	1	1066,61560683893	566,665271568254
8104	976,241573629631	632,607702468307	1	1023,75842637037	632,607702468307
8116	978,06107364394	650,622900714026	1	1021,93892635606	650,622900714026
8158	971,850216777596	653,887515241098	1	1028,1497832224	653,887515241098
8202	939,191720709446	644,563986841835	1	1060,80827929055	644,563986841835
8221	870,313958258556	675,504257051437	1	1129,68604174144	675,504257051437
8254	774,096435042762	704,152856731003	1	1225,90356495724	704,152856731003
8273	777,539552966001	700,442510476642	1	1222,460447034	700,442510476642
8335	655,636214108298	768,407602907139	1	1344,3637858917	768,407602907139
8357	637,204867277946	802,001403615039	1	1362,79513272205	802,001403615039
8390	633,399859944245	804,700241544408	1	1366,60014005576	804,700241544408
8439	634,949143097373	798,486058157297	1	1365,05085690263	798,486058157297
8474	638,279442648286	803,567633219471	1	1361,72055735171	803,567633219471
8492	596,35232246833	495,148589399855	1	1403,64767753167	495,148589399855
8729	1137,41462979116	254,177039881869	1	862,585370208839	254,177039881869
8797	890,650747354748	440,659627786526	1	1109,34925264525	440,659627786526
8831	837,165832519531	424,399901674962	1	1162,83416748047	424,399901674962
8878	850,071981957565	440,765013446157	1	1149,92801804244	440,765013446157
8930	884,450098618879	516,5643433588	1	1115,54990138112	516,5643433588
9227	1152,43642862561	762,801173367572	1	847,563571374393	762,801173367572
9239	1103,35788171268	775,656415908543	1	896,642118287318	775,656415908543
9266	1104,7217269152	793,41811497754	1	895,278273084801	793,41811497754
9274	1084,24390189821	809,61733626681	1	915,756098101788	809,61733626681
9322	1094,07073566697	810,918352967673	1	905,929264333034	810,918352967673
9325	1086,00366576052	827,734206925644	1	913,996334239475	827,734206925644
9340	1080,07744061707	843,756574632787	1	919,922559382933	843,756574632787
9343	1070,08484735578	860,251823243905	1	929,915152644223	860,251823243905
9365	1069,13026709647	859,724359808538	1	930,869732903528	859,724359808538
9379	1069,77537162244	865,121062537121	1	930,224628377556	865,121062537121
9397	1069,49445544448	865,914059129947	1	930,505544555523	865,914059129947
9411	1070,03310549241	873,704475140383	1	929,966894507588	873,704475140383
9429	1073,62116383331	877,155003324501	1	926,378836166689	877,155003324501
9450	1079,93811954847	877,500308560509	1	920,061880451533	877,500308560509
9486	1076,75573938197	875,219743542846	1	923,244260618033	875,219743542846
9495	1085,84709486141	876,823770475041	1	914,152905138588	876,823770475041
9498	1124,75219555275	884,205204462831	1	875,247804447246	884,205204462831
9513	1166,79624143938	891,754923083807	1	833,203758560621	891,754923083807
9548	1195,7941664619	885,472212569436	1	804,205833538098	885,472212569436
9572	1222,77095189736	886,18527455309	1	777,229048102637	886,18527455309
9574	1240,950316429	904,096536109834	1	759,049683570999	904,096536109834
9581	1240,10340426082	901,351524898584	1	759,896595739181	901,351524898584
9597	1236,33875576776	891,206795335784	1	763,661244232239	891,206795335784
9601	1237,27296459888	892,70611867976	1	762,727035401117	892,70611867976
9615	1238,42781148144	901,429877544359	1	761,572188518559	901,429877544359
9633	1236,82541005798	909,702330463319	1	763,174589942023	909,702330463319
9666	1233,85753799692	901,066393126341	1	766,142462003085	901,066393126341
9695	1234,63789944904	905,078497336824	1	765,362100550962	905,078497336824
9696	1239,71805987711	766,791920978311	1	760,281940122889	766,791920978311
9715	1238,49021062014	792,200085195172	1	761,509789379859	792,200085195172
9744	1228,87693174071	796,870018490157	1	771,123068259292	796,870018490157
9746	1221,2588415374	872,316956609795	1	778,741158462603	872,316956609795
9760	1222,27043714261	836,26012293035	1	777,729562857393	836,26012293035
9781	1221,01954382789	829,563899097264	1	778,980456172108	829,563899097264
9793	1208,9504612527	891,271750378331	1	791,049538747304	891,271750378331
9815	1203,0488529328	925,046730595346	1	796,951147067197	925,046730595346
9837	1204,98237480429	930,473869921196	1	795,017625195708	930,473869921196
9852	1204,48694737004	930,530597623754	1	795,51305262996	930,530597623754
9884	1205,6358746824	930,925447846158	1	794,364125317602	930,925447846158
9886	1206,74284481259	931,645570042807	1	793,257155187407	931,645570042807
9914	1208,35862913821	929,924194575012	1	791,641370861787	929,924194575012
9941	1212,78901587072	927,192105225558	1	787,210984129283	927,192105225558
9950	1221,54616753899	921,083140048455	1	778,453832461013	921,083140048455
9961	1257,83398387035	895,647693690864	1	742,166016129647	895,647693690864
9967	1266,80747174512	889,826632690952	1	733,192528254878	889,826632690952
9983	1272,23859154278	888,301466451614	1	727,761408457216	888,301466451614
10001	1292,41798660933	879,154155072582	1	707,582013390665	879,154155072582
10018	1294,61691640285	879,619411058122	1	705,383083597154	879,619411058122
10028	1300,4705800218	881,641057861953	1	699,529419978199	881,641057861953
10045	1301,60250743431	881,4643019642	1	698,397492565694	881,4643019642
