3	700,417063205892	800,379806738188	1	1299,58293679411	800,379806738188
38	726,677566099847	829,313336762151	1	1273,32243390015	829,313336762151
50	719,101424789832	811,574160464784	1	1280,89857521017	811,574160464784
81	711,219850134135	800,023439250321	1	1288,78014986586	800,023439250321
98	721,983749633705	798,136085756844	1	1278,01625036629	798,136085756844
121	745,223752215341	802,902269052515	1	1254,77624778466	802,902269052515
156	734,373991687823	799,455688577458	1	1265,62600831218	799,455688577458
177	735,176168588974	799,907858596255	1	1264,82383141103	799,907858596255
192	743,336693959661	837,53070971586	1	1256,66330604034	837,53070971586
217	725,650897217581	688,324423851744	1	1274,34910278242	688,324423851744
260	731,041740375159	685,363749027788	1	1268,95825962484	685,363749027788
313	758,598419669355	811,186678516027	1	1241,40158033064	811,186678516027
330	748,684985339486	705,363995618138	1	1251,31501466051	705,363995618138
363	728,62843737696	625,033979372048	1	1271,37156262304	625,033979372048
373	830,282981027607	696,128413516	1	1169,71701897239	696,128413516
377	926,072067490988	644,319790322283	1	1073,92793250901	644,319790322283
390	916,978098586591	705,129415723306	1	1083,02190141341	705,129415723306
405	941,79375260143	718,368311583946	1	1058,20624739857	718,368311583946
420	956,877593847263	752,454682410367	1	1043,12240615274	752,454682410367
434	980,969042311616	766,112424269466	1	1019,03095768838	766,112424269466
456	997,495400905476	747,655263293624	1	1002,50459909452	747,655263293624
485	1013,73302816256	741,593923784907	1	986,266971837437	741,593923784907
506	997,697764328386	785,781218045973	1	1002,30223567161	785,781218045973
773	1387,69408784638	201,207821559938	1	612,305912153621	201,207821559938
807	1277,32601227498	248,634737712741	1	722,67398772502	248,634737712741
809	1212,61658438038	285,875762237625	1	787,383415619621	285,875762237625
841	1189,73886680109	462,526030609531	1	810,261133198909	462,526030609531
855	1161,46406146926	687,123374608833	1	838,535938530744	687,123374608833
879	1143,55897768605	625,820782023031	1	856,441022313952	625,820782023031
902	1121,86687207819	649,097253426398	1	878,133127921808	649,097253426398
926	1095,74818441823	697,421373349693	1	904,251815581772	697,421373349693
936	1039,79607157748	815,29609426358	1	960,203928422522	815,29609426358
977	1021,25325540163	796,712057756831	1	978,746744598367	796,712057756831
999	1013,59948723213	783,623839989424	1	986,400512767866	783,623839989424
1033	996,772362191251	765,185572239375	1	1003,22763780875	765,185572239375
1090	995,519604877895	746,206317766241	1	1004,48039512211	746,206317766241
1096	979,819444068735	760,677262060117	1	1020,18055593126	760,677262060117
1115	994,007726108326	781,151210120929	1	1005,99227389167	781,151210120929
1124	1010,09192716599	795,050108857031	1	989,908072834007	795,050108857031
1140	1005,19538960056	837,349533239194	1	994,804610399439	837,349533239194
1162	1009,27075993545	872,32211150285	1	990,729240064546	872,32211150285
1212	942,800938943298	771,177109774843	1	1057,1990610567	771,177109774843
1250	954,576418980865	804,118443191222	1	1045,42358101913	804,118443191222
1266	883,399403463274	764,392339646393	1	1116,60059653673	764,392339646393
1270	886,537154154189	820,070905074512	1	1113,46284584581	820,070905074512
1286	886,779485333474	840,829197384916	1	1113,22051466653	840,829197384916
1302	872,760601715113	832,26942258666	1	1127,23939828489	832,26942258666
1315	859,658341434998	780,273984852345	1	1140,341658565	780,273984852345
1336	859,834894364096	771,850230249865	1	1140,1651056359	771,850230249865
1348	871,700111868757	780,807649917137	1	1128,29988813124	780,807649917137
1380	877,069194504693	781,174282174661	1	1122,93080549531	781,174282174661
1386	892,045455919723	782,344806935856	1	1107,95454408028	782,344806935856
1407	951,310745907831	802,94384226641	1	1048,68925409217	802,94384226641
1425	1050,12003023712	798,79968911695	1	949,879969762878	798,79968911695
1439	1041,2288610127	807,957306239596	1	958,771138987297	807,957306239596
1454	1186,26383776193	717,731316200775	1	813,736162238072	717,731316200775
1468	1182,1575959486	734,076275259053	1	817,842404051396	734,076275259053
1481	1161,97327155862	770,831586351589	1	838,026728441382	770,831586351589
1519	1175,6703449074	675,86014618217	1	824,329655092602	675,86014618217
1545	1187,5887259187	728,452913747089	1	812,411274081304	728,452913747089
1569	1185,13662563189	747,064510844011	1	814,863374368111	747,064510844011
1572	1191,82348517024	766,665754558328	1	808,176514829762	766,665754558328
1574	1193,81482840779	769,67851465102	1	806,185171592208	769,67851465102
1588	1188,24426017561	750,223483385716	1	811,755739824393	750,223483385716
1612	1186,3186163314	732,234590648346	1	813,681383668597	732,234590648346
1615	1188,91372049523	743,280314914952	1	811,086279504774	743,280314914952
1636	1186,38855409868	723,732498889244	1	813,611445901323	723,732498889244
1651	1191,08844099031	726,607190976941	1	808,911559009691	726,607190976941
1675	1193,50146385567	693,16538592396	1	806,498536144333	693,16538592396
1703	1207,03084927677	717,858021563221	1	792,969150723226	717,858021563221
1706	1213,07727966896	723,113162199703	1	786,922720331044	723,113162199703
1722	1211,40635479123	646,898221547211	1	788,59364520877	646,898221547211
1745	1218,43700591721	667,784211745926	1	781,56299408279	667,784211745926
1748	1229,85492131695	671,328083503851	1	770,145078683046	671,328083503851
1769	1226,76045231122	628,764765400012	1	773,23954768878	628,764765400012
1787	1228,2203073451	632,9426473904	1	771,779692654905	632,9426473904
1796	1230,75202734425	639,930893853145	1	769,247972655746	639,930893853145
1826	1244,86345461284	677,918241971137	1	755,136545387157	677,918241971137
1842	1258,86130195748	689,137518095401	1	741,138698042515	689,137518095401
1857	1254,41565738238	675,617394520244	1	745,584342617616	675,617394520244
1880	1251,02391585832	664,266813828931	1	748,976084141676	664,266813828931
1885	1245,09321891803	732,497148215105	1	754,906781081967	732,497148215105
1901	1240,14788378728	703,474003531578	1	759,85211621272	703,474003531578
1919	1235,44574232758	678,093102154517	1	764,554257672422	678,093102154517
1943	1235,93904445632	686,786335366364	1	764,060955543677	686,786335366364
1958	1234,21055067287	660,548157591976	1	765,789449327129	660,548157591976
1976	1247,9909064378	667,742221869322	1	752,009093562201	667,742221869322
2010	1239,61893849153	644,405759090786	1	760,381061508466	644,405759090786
2019	1256,09832183414	681,221735711184	1	743,901678165862	681,221735711184
2054	1258,75190431618	676,017643629177	1	741,248095683819	676,017643629177
2057	1277,77187465804	733,859712604675	1	722,228125341961	733,859712604675
2062	1281,63322339562	744,799707402521	1	718,366776604384	744,799707402521
2087	1267,46350662115	623,023025712116	1	732,536493378847	623,023025712116
2102	1306,42958923447	534,46655906403	1	693,57041076553	534,46655906403
2128	1312,07910057618	521,231741579676	1	687,920899423824	521,231741579676
2138	1318,45868028712	504,832809431623	1	681,541319712876	504,832809431623
2153	1321,80063129616	493,782341185461	1	678,199368703845	493,782341185461
2173	1329,97343777122	593,082668529146	1	670,026562228784	593,082668529146
2197	1337,66253598089	608,682392995751	1	662,337464019108	608,682392995751
2205	1339,75066499066	599,312471610007	1	660,249335009338	599,312471610007
2220	1316,1016658629	556,565279194396	1	683,898334137101	556,565279194396
2243	1331,46005372269	583,040406741106	1	668,539946277307	583,040406741106
2285	1334,63756239383	600,607731709476	1	665,362437606168	600,607731709476
2311	1322,91970038054	551,67465542475	1	677,080299619457	551,67465542475
2350	1328,65953107346	575,266076159143	1	671,340468926536	575,266076159143
2590	1225,48006421926	433,800563316089	1	774,519935780744	433,800563316089
2605	1097,68218500329	353,380766122812	1	902,317814996713	353,380766122812
2643	1070,52014018233	285,134643337485	1	929,479859817669	285,134643337485
2650	1096,11259779029	349,931628069628	1	903,88740220971	349,931628069628
2676	1091,61267360858	351,451401337826	1	908,38732639142	351,451401337826
2707	1156,30782851166	446,045598889598	1	843,692171488339	446,045598889598
2736	1161,77818549244	459,460936377364	1	838,221814507561	459,460936377364
2738	1191,64317844799	435,620090104966	1	808,356821552009	435,620090104966
2761	1226,73785882593	424,51262605386	1	773,262141174069	424,51262605386
2776	1297,94641344126	368,4481069443	1	702,053586558743	368,4481069443
2783	1296,97500356034	370,698154946928	1	703,024996439658	370,698154946928
2803	1285,14776716361	377,224721260833	1	714,852232836393	377,224721260833
2818	1276,79340216341	385,487034074341	1	723,206597836587	385,487034074341
2833	1270,42854454244	389,392088353445	1	729,571455457565	389,392088353445
2876	1283,81366272604	355,826439296498	1	716,186337273962	355,826439296498
2904	1309,24998256408	342,010633298438	1	690,75001743592	342,010633298438
2927	1316,1258087179	336,780364193147	1	683,874191282102	336,780364193147
2976	1327,94549073702	329,590170744292	1	672,054509262984	329,590170744292
2979	1327,69571918659	327,116751094096	1	672,304280813414	327,116751094096
2985	1340,7954560142	311,515168617095	1	659,204543985796	311,515168617095
3003	1348,39159203031	257,412049835975	1	651,608407969691	257,412049835975
3052	1267,31669213804	213,521487753446	1	732,683307861962	213,521487753446
3096	1065,28962691674	369,896552019131	1	934,710373083264	369,896552019131
3142	1095,47920430092	433,110221728226	1	904,520795699082	433,110221728226
3189	1079,69459831278	382,715914304086	1	920,305401687216	382,715914304086
3192	1075,64192220939	367,566327496293	1	924,358077790607	367,566327496293
3230	1071,38443157228	281,346748255928	1	928,615568427725	281,346748255928
3268	1063,3932626683	279,94876000419	1	936,6067373317	279,94876000419
3288	1044,18495181841	282,748412948324	1	955,815048181591	282,748412948324
3333	987,732292779527	304,610288443072	1	1012,26770722047	304,610288443072
3354	961,875006130373	370,401616116667	1	1038,12499386963	370,401616116667
3386	973,887599011456	364,563730207913	1	1026,11240098854	364,563730207913
3418	1136,43166649765	291,04471456619	1	863,568333502348	291,04471456619
3451	1162,63174147877	330,868224710406	1	837,36825852123	330,868224710406
3475	1240,55906163175	457,901044841847	1	759,440938368252	457,901044841847
3499	1255,13455030486	412,283013096104	1	744,865449695145	412,283013096104
3523	1256,86394764933	435,965224744541	1	743,136052350672	435,965224744541
3539	1249,13900887871	431,873431389045	1	750,860991121288	431,873431389045
3556	1240,81100860852	438,051337537083	1	759,188991391479	438,051337537083
3570	1223,11306463112	414,953541037539	1	776,886935368881	414,953541037539
3585	1233,82541548048	365,694303731393	1	766,174584519521	365,694303731393
3882	1000,55741492213	31,0707508320066	0			999,442585077872	31,0707508320066
3906	1259,43893877048	174,116400294653	1	740,561061229521	174,116400294653
3944	1259,22370716795	201,777096950133	1	740,776292832052	201,777096950133
3962	1173,45475820656	281,481444648535	1	826,54524179344	281,481444648535
3968	1064,00325830396	200,939907878767	1	935,996741696044	200,939907878767
3984	992,904895767494	164,611236867114	1	1007,09510423251	164,611236867114
4003	993,157491939489	182,119159187974	1	1006,84250806051	182,119159187974
4031	1061,09821250641	282,79420388154	1	938,901787493589	282,79420388154
4046	1165,78635165843	191,464055538713	1	834,213648341572	191,464055538713
4080	1198,55939181666	246,303314216798	1	801,440608183343	246,303314216798
4094	1138,31196351003	359,417851784907	1	861,688036489966	359,417851784907
4113	1132,5400599259	338,182286741466	1	867,459940074104	338,182286741466
4130	1156,2489987413	380,723170425442	1	843,751001258702	380,723170425442
4134	1117,9933559709	369,856010653183	1	882,006644029099	369,856010653183
4164	1121,88924245384	349,821225190657	1	878,110757546156	349,821225190657
4181	1155,52679417131	377,653422872179	1	844,473205828688	377,653422872179
4207	1179,68745604241	421,102041525624	1	820,312543957595	421,102041525624
4221	1213,59467537201	560,195682734211	1	786,405324627985	560,195682734211
4271	1183,56848824664	498,724784436748	1	816,431511753356	498,724784436748
4286	1162,13884584973	530,943486549547	1	837,861154150274	530,943486549547
4313	1193,34405394493	582,606087057503	1	806,655946055073	582,606087057503
4380	1263,90131295994	650,491813561363	1	736,098687040057	650,491813561363
4402	1281,51093973465	666,406873625777	1	718,489060265348	666,406873625777
4421	1285,64496580451	670,024898338927	1	714,355034195489	670,024898338927
4440	1215,53071172059	562,016879656701	1	784,469288279414	562,016879656701
4457	1249,7069808073	604,213571387588	1	750,293019192704	604,213571387588
4498	1212,11444964947	611,846671021986	1	787,885550350532	611,846671021986
4538	1260,57331661652	668,350796664211	1	739,42668338348	668,350796664211
4558	1248,66760749437	665,312667953062	1	751,332392505634	665,312667953062
4589	1297,14058024266	676,132545386312	1	702,859419757339	676,132545386312
4874	648,825784331386	688,225087969108	1	1351,17421566861	688,225087969108
4904	673,159241907805	668,71252315643	1	1326,8407580922	668,71252315643
4917	699,889526144441	629,73741438549	1	1300,11047385556	629,73741438549
4949	725,725090398569	704,571149195912	1	1274,27490960143	704,571149195912
4982	727,329854049086	721,675314813272	1	1272,67014595091	721,675314813272
5002	726,872045193118	753,453068378324	1	1273,12795480688	753,453068378324
5036	750,870110540282	756,857257105126	1	1249,12988945972	756,857257105126
5055	734,032406433629	756,28306564427	1	1265,96759356637	756,28306564427
5079	738,76800854823	748,80453773918	1	1261,23199145177	748,80453773918
5099	739,908314432306	779,894174147215	1	1260,09168556769	779,894174147215
5123	742,160307713085	723,960917732609	1	1257,83969228692	723,960917732609
5147	735,671880422216	727,618706060048	1	1264,32811957778	727,618706060048
5172	738,554064769954	726,223326708485	1	1261,44593523005	726,223326708485
5190	735,592978425101	704,356981695984	1	1264,4070215749	704,356981695984
5218	739,803247932115	754,607130716082	1	1260,19675206788	754,607130716082
5233	739,438075650536	783,22516674893	1	1260,56192434946	783,22516674893
5297	755,070524822478	638,818427010692	1	1244,92947517752	638,818427010692
5323	744,235642424857	845,581427102795	1	1255,76435757514	845,581427102795
5326	745,251045215764	865,54525365278	1	1254,74895478424	865,54525365278
5392	741,896763958421	897,045866427412	1	1258,10323604158	897,045866427412
5397	753,396743837078	805,182578695046	1	1246,60325616292	805,182578695046
5403	750,634189546437	892,986342208199	1	1249,36581045356	892,986342208199
5405	772,01277171838	829,898722503578	1	1227,98722828162	829,898722503578
5425	798,779792753074	832,900730123288	1	1201,22020724693	832,900730123288
5441	814,665266965375	830,962841695241	1	1185,33473303463	830,962841695241
5477	1019,75594124906	863,785189511597	1	980,244058750939	863,785189511597
5484	1010,499717197	775,226134782437	1	989,500282803004	775,226134782437
5507	1002,03545815171	744,607209944756	1	997,96454184829	744,607209944756
5528	997,471095440653	771,964616650673	1	1002,52890455935	771,964616650673
5530	991,545603487965	778,086795596158	1	1008,45439651204	778,086795596158
5597	976,809208949225	790,886972727866	1	1023,19079105077	790,886972727866
5599	995,147515244264	780,196487431736	1	1004,85248475574	780,196487431736
5606	998,724037429336	820,84008054096	1	1001,27596257066	820,84008054096
5633	1040,32840208582	871,201303898674	1	959,671597914177	871,201303898674
5652	1100,34049668536	775,350178798397	1	899,659503314636	775,350178798397
5662	1143,67448791821	748,372178932969	1	856,325512081794	748,372178932969
5685	1149,41364413771	707,392172401985	1	850,586355862294	707,392172401985
5696	1175,81125751646	749,65543571972	1	824,188742483537	749,65543571972
5729	1199,68075085719	658,908795730649	1	800,319249142809	658,908795730649
5743	1208,60631622171	710,442428150299	1	791,393683778289	710,442428150299
5758	1216,7769802554	683,706133083148	1	783,223019744602	683,706133083148
5791	1246,31581636344	615,884915891655	1	753,68418363656	615,884915891655
5807	1262,4003744853	639,524994695489	1	737,599625514704	639,524994695489
5838	1271,38874008567	646,20287689497	1	728,611259914331	646,20287689497
5866	1281,31123156496	673,951951782172	1	718,688768435043	673,951951782172
5880	1273,87965589125	681,322503376943	1	726,120344108749	681,322503376943
5896	1273,28139716404	680,444111842053	1	726,718602835958	680,444111842053
5923	1274,52724207911	664,171948249627	1	725,47275792089	664,171948249627
5934	1300,23830832573	523,998942117986	1	699,761691674274	523,998942117986
5954	1306,53377753763	517,207637046214	1	693,466222462372	517,207637046214
5966	1306,04753478179	503,695981413391	1	693,95246521821	503,695981413391
5984	1304,27005598397	593,001598787311	1	695,729944016026	593,001598787311
6029	1296,16265932772	638,44272037532	1	703,83734067228	638,44272037532
6044	1297,08032699277	631,941820371794	1	702,919673007226	631,941820371794
6067	1271,54597226126	786,209078419744	1	728,454027738737	786,209078419744
6086	1268,06600536874	818,370649145248	1	731,933994631257	818,370649145248
6135	1293,26576351121	752,676129953021	1	706,734236488786	752,676129953021
6140	1314,16438085074	732,827556738494	1	685,835619149262	732,827556738494
6205	1299,12181821758	692,390531246596	1	700,878181782415	692,390531246596
6246	1281,28966297532	867,544384362406	1	718,710337024676	867,544384362406
6300	1313,32484964672	859,069167723169	1	686,675150353282	859,069167723169
6362	1310,08619107144	868,842295395787	1	689,913808928564	868,842295395787
6390	1366,1460059036	905,99080282834	1	633,853994096404	905,99080282834
6474	1393,78128792476	919,575964558589	1	606,218712075243	919,575964558589
7464	1119,69108704996	1062,66838039277	0			880,30891295004	1062,66838039277
7562	1119,69108704996	1062,66838039277	0			880,30891295004	1062,66838039277
7597	1119,69108704996	1062,66838039277	0			880,30891295004	1062,66838039277
7647	1119,69108704996	1062,66838039277	0			880,30891295004	1062,66838039277
8809	934,521484375	1008,49806135524	0			1065,478515625	1008,49806135524
8839	934,521484375	1008,49806135524	0			1065,478515625	1008,49806135524
8888	934,521484375	1008,49806135524	0			1065,478515625	1008,49806135524
9040	1266,76693024373	1018,24220168678	0			733,23306975627	1018,24220168678
9044	1599,01237611246	1027,98634834102	0			400,98762388754	1027,98634834102
9129	1712,6641267472	1056,51507664491	0			287,3358732528	1056,51507664491
9201	1674,51092865089	1004,24482862492	0			325,48907134911	1004,24482862492
9233	1674,51092865089	1004,24482862492	0			325,48907134911	1004,24482862492
9301	1624,72296888602	1028,55157952562	0			375,277031113981	1028,55157952562
9329	1608,07836835053	1036,67756341748	0			391,921631649474	1036,67756341748
9351	1608,07836835053	1036,67756341748	0			391,921631649474	1036,67756341748
9390	1595,02421556643	933,70659967295	0			404,975784433566	933,70659967295
9432	1628,10786016904	920,758384609194	0			371,892139830959	920,758384609194
9480	1567,11741755785	874,53534747052	0			432,882582442146	874,53534747052
9522	1602,17662794074	848,80767093422	0			397,823372059262	848,80767093422
9570	1757,11015934602	880,703507262506	0			242,889840653979	880,703507262506
9622	1782,63093522451	888,781737457203	0			217,369064775485	888,781737457203
9644	781,625842739463	945,482777688753	1	1218,37415726054	945,482777688753
9658	732,272874263756	947,63391414011	1	1267,72712573624	947,63391414011
9692	642,517528482717	951,038573224165	1	1357,48247151728	951,038573224165
9702	280,855246257343	940,862614792335	1	1719,14475374266	940,862614792335
9724	341,769976534955	929,905265039172	1	1658,23002346504	929,905265039172
9755	307,746501935442	929,241531888855	1	1692,25349806456	929,241531888855
9792	273,803671647232	929,077742487065	1	1726,19632835277	929,077742487065
9838	387,494390296319	918,218875689528	1	1612,50560970368	918,218875689528
9869	758,94730174712	855,906187979976	1	1241,05269825288	855,906187979976
9887	767,832217612019	854,73939183968	1	1232,16778238798	854,73939183968
9908	799,297479555041	894,440262269843	1	1200,70252044496	894,440262269843
9941	810,437564603329	885,274895745859	1	1189,56243539667	885,274895745859
9944	903,806457301394	879,118211433722	1	1096,19354269861	879,118211433722
9963	1095,1809546637	877,955719163302	1	904,819045336305	877,955719163302
9975	1018,99000062345	891,491583155526	1	981,009999376554	891,491583155526
