7	1172,77039121098	1004,4746911789	0			827,229608789024	1004,4746911789
29	1166,06355998565	999,127084987139	0			833,936440014352	999,127084987139
37	1174,34038641713	994,903911018022	0			825,659613582875	994,903911018022
52	1176,88484294443	993,476887499982	0			823,115157055574	993,476887499982
74	1172,92390576029	993,398741527485	0			827,076094239706	993,398741527485
80	1167,19083552807	995,043745304956	0			832,809164471926	995,043745304956
112	1175,66492641601	992,292578633442	0			824,335073583989	992,292578633442
126	1176,70852197312	989,285707728489	0			823,291478026885	989,285707728489
141	1186,44906753088	980,974979104366	0			813,550932469119	980,974979104366
156	1188,00199675811	975,359199490383	0			811,998003241891	975,359199490383
175	1188,65529525442	974,250835583438	0			811,344704745581	974,250835583438
208	1188,33381662295	979,206661563962	0			811,666183377049	979,206661563962
213	1192,45663832722	987,013080249346	0			807,543361672778	987,013080249346
220	1191,75030229206	989,86680851551	0			808,249697707942	989,86680851551
233	1202,78558872911	974,713523758355	0			797,214411270887	974,713523758355
259	1204,74513265085	962,279527177991	1	795,254867349154	962,279527177991
275	1196,46102418005	966,625311078693	0			803,538975819952	966,625311078693
292	1188,746868813	966,848382448522	0			811,253131187001	966,848382448522
315	1189,82995435358	971,660792326532	0			810,170045646422	971,660792326532
325	1197,87795920721	976,431196963571	0			802,12204079279	976,431196963571
338	1198,44431133667	982,509555236979	0			801,555688663332	982,509555236979
383	1202,26080710461	982,755724069216	0			797,739192895391	982,755724069216
431	1249,01143479939	955,982527395375	1	750,988565200607	955,982527395375
1334	1351,7976730001	301,012097102019	1	648,202326999899	301,012097102019
1344	1317,68988451911	337,347615094287	1	682,310115480886	337,347615094287
1366	1233,17263189639	390,172497824512	1	766,82736810361	390,172497824512
1372	1260,97258885391	374,939266976925	1	739,027411146094	374,939266976925
1408	1261,84354695771	381,314724724911	1	738,156453042288	381,314724724911
1448	1241,94667358954	388,988258658993	1	758,053326410459	388,988258658993
1481	1234,60614864438	428,957033308486	1	765,393851355624	428,957033308486
1501	1242,61952881233	433,512215970468	1	757,380471187669	433,512215970468
1514	1242,93925958452	434,044496688193	1	757,060740415483	434,044496688193
1525	1364,13646937115	460,248576205997	1	635,863530628852	460,248576205997
1546	1373,51735816447	462,365654892669	1	626,482641835529	462,365654892669
1569	1354,11887499085	483,342444143468	1	645,881125009149	483,342444143468
1571	1304,41826583954	569,404206062019	1	695,581734160459	569,404206062019
1600	1311,90671190678	558,74251249161	1	688,093288093223	558,74251249161
1672	1301,10844890952	581,755730778912	1	698,891551090481	581,755730778912
1679	1298,08617236857	598,56572421455	1	701,913827631427	598,56572421455
1682	1295,34288819347	607,522323972462	1	704,65711180653	607,522323972462
1684	1295,45422288649	608,206554519287	1	704,545777113513	608,206554519287
1689	1305,48238594258	595,00193337861	1	694,517614057419	595,00193337861
1709	1299,37708363378	607,66137098669	1	700,62291636622	607,66137098669
1718	1293,16798569508	624,22574973949	1	706,832014304924	624,22574973949
1746	1282,63562383719	658,560260530472	1	717,364376162809	658,560260530472
1776	1282,15029454082	663,211992844508	1	717,849705459181	663,211992844508
1779	1281,40477468239	664,823197300546	1	718,59522531761	664,823197300546
1795	1279,38930597368	693,455707165844	1	720,610694026316	693,455707165844
1810	1283,79500544144	718,478429923967	1	716,204994558559	718,478429923967
1829	1280,58784608243	722,556656936263	1	719,412153917565	722,556656936263
1838	1279,51010787508	726,838679650107	1	720,489892124923	726,838679650107
1857	1280,30797729095	733,42905323605	1	719,692022709055	733,42905323605
1870	1294,41060219713	743,294805640067	1	705,589397802871	743,294805640067
1882	1281,72624101307	744,293795927154	1	718,273758986925	744,293795927154
1910	1285,34474181612	749,546528793688	1	714,655258183878	749,546528793688
1932	1289,78953663033	744,656239663736	1	710,210463369665	744,656239663736
1961	1284,59024714319	724,996219048595	1	715,409752856813	724,996219048595
1978	1275,50970192958	694,854419229755	1	724,490298070424	694,854419229755
2005	1247,86237406689	607,521531622803	1	752,137625933111	607,521531622803
2017	1238,56549571351	577,4520791776	1	761,434504286493	577,4520791776
2125	1344,60710524425	449,744708077802	1	655,392894755752	449,744708077802
2134	1354,62713646491	413,234392880497	1	645,372863535086	413,234392880497
2138	1353,31918700467	399,800488208602	1	646,680812995332	399,800488208602
2142	1346,71205755586	410,81097919932	1	653,287942444141	410,81097919932
2156	1343,47175568836	417,381257868623	1	656,528244311642	417,381257868623
2171	1337,54582832026	409,85621476521	1	662,454171679743	409,85621476521
2189	1327,94244201352	404,075129209481	1	672,057557986478	404,075129209481
2213	1322,79918605721	414,20107849279	1	677,20081394279	414,20107849279
2234	1254,94733786969	470,968394548281	1	745,05266213031	470,968394548281
2245	889,104806238252	942,460385715759	1	1110,89519376175	942,460385715759
2264	893,635377425136	941,052523633309	1	1106,36462257486	941,052523633309
2281	882,398458641014	955,054287725861	1	1117,60154135899	955,054287725861
2284	844,916218084196	1008,29768777861	0			1155,0837819158	1008,29768777861
2302	844,748030861616	1007,29426688236	0			1155,25196913838	1007,29426688236
2317	843,538723294467	1006,52617453776	0			1156,46127670553	1006,52617453776
2331	838,780366267007	1001,09913512718	0			1161,21963373299	1001,09913512718
2369	843,501677015791	1002,10524409975	0			1156,49832298421	1002,10524409975
2381	847,47095736525	995,087791287988	0			1152,52904263475	995,087791287988
2393	848,736728046167	994,903450249452	0			1151,26327195383	994,903450249452
2404	848,440369982009	996,006966796128	0			1151,55963001799	996,006966796128
2429	851,507042416893	996,397533400661	0			1148,49295758311	996,397533400661
2435	853,611103300428	997,08451175457	0			1146,38889669957	997,08451175457
2456	858,664084816943	998,711058358419	0			1141,33591518306	998,711058358419
2471	859,810083472048	999,056883001965	0			1140,18991652795	999,056883001965
2484	862,390501695928	999,440019414331	0			1137,60949830407	999,440019414331
2508	860,668513879001	996,245122378182	0			1139,331486121	996,245122378182
2534	855,498902845657	996,379465567349	0			1144,50109715434	996,379465567349
2540	848,298541248654	996,558219632961	0			1151,70145875135	996,558219632961
2565	836,558968683269	998,938487342031	0			1163,44103131673	998,938487342031
2616	813,586705119584	997,615853274377	0			1186,41329488042	997,615853274377
2624	733,530573515111	979,340319014468	0			1266,46942648489	979,340319014468
2639	580,393947203363	933,959922212335	1	1419,60605279664	933,959922212335
2641	609,640880349476	942,873223864996	1	1390,35911965052	942,873223864996
2643	533,76475379929	954,168753598689	1	1466,23524620071	954,168753598689
2665	527,22137285634	950,230394129157	1	1472,77862714366	950,230394129157
2683	501,780346244802	941,004428831919	1	1498,2196537552	941,004428831919
2702	498,178297673186	938,620189966013	1	1501,82170232681	938,620189966013
2709	494,221878352745	940,346014621972	1	1505,77812164725	940,346014621972
2744	492,403282800697	940,669193478886	1	1507,5967171993	940,669193478886
2747	482,422739919866	940,258569712865	1	1517,57726008013	940,258569712865
2769	491,023280281262	939,680344370569	1	1508,97671971874	939,680344370569
2773	492,51269558266	939,333556253968	1	1507,48730441734	939,333556253968
2785	489,866403272012	937,946784299997	1	1510,13359672799	937,946784299997
2824	493,25999768533	935,251829546653	1	1506,74000231467	935,251829546653
2828	489,478439593665	929,900344461706	1	1510,52156040634	929,900344461706
2873	485,21095944792	925,121594244914	1	1514,78904055208	925,121594244914
2876	485,745023620938	925,885068646278	1	1514,25497637906	925,885068646278
2906	483,666210246388	924,082240706713	1	1516,33378975361	924,082240706713
2920	484,440454592933	924,53975470957	1	1515,55954540707	924,53975470957
2960	515,874773300335	944,944255506247	1	1484,12522669967	944,944255506247
2980	514,242566076189	942,317404835943	1	1485,75743392381	942,317404835943
3011	599,129218540442	968,745587057945	0			1400,87078145956	968,745587057945
3015	690,948284851653	830,764422979865	1	1309,05171514835	830,764422979865
3053	663,830155633986	873,16528383239	1	1336,16984436601	873,16528383239
3072	758,152530751209	725,907606942574	1	1241,84746924879	725,907606942574
3080	754,821294597152	744,521959640515	1	1245,17870540285	744,521959640515
3092	745,425636455625	764,818754629047	1	1254,57436354438	764,818754629047
3097	777,959973326397	703,36790239102	1	1222,0400266736	703,36790239102
3114	743,842681474102	806,093404986311	1	1256,1573185259	806,093404986311
3132	738,851379693132	932,91252347816	1	1261,14862030687	932,91252347816
3146	742,923946920833	976,301227642539	0			1257,07605307917	976,301227642539
3174	745,85970381493	1005,7017768436	0			1254,14029618507	1005,7017768436
3188	745,108039179306	1007,04871989764	0			1254,89196082069	1007,04871989764
3190	736,180717783897	990,449690137818	0			1263,8192822161	990,449690137818
3207	734,52960498299	989,449721706847	0			1265,47039501701	989,449721706847
3223	731,02535019782	977,154794380889	0			1268,97464980218	977,154794380889
3504	493,398563915858	367,878437349265	1	1506,60143608414	367,878437349265
3537	826,60360243714	519,993644476779	1	1173,39639756286	519,993644476779
3580	810,481171560245	799,763709870174	1	1189,51882843976	799,763709870174
3585	817,418529869371	661,922118854755	1	1182,58147013063	661,922118854755
3591	825,084026342178	615,271867054462	1	1174,91597365782	615,271867054462
3597	815,612228623046	712,807864786136	1	1184,38777137695	712,807864786136
3609	807,431074445392	717,411339345567	1	1192,56892555461	717,411339345567
3631	786,370346691942	682,345510587117	1	1213,62965330806	682,345510587117
3637	773,551378603011	772,512417629939	1	1226,44862139699	772,512417629939
3655	768,100737779838	791,675583394007	1	1231,89926222016	791,675583394007
3672	755,243544484657	751,036167429389	1	1244,75645551534	751,036167429389
3688	751,252564024174	781,85168392063	1	1248,74743597583	781,85168392063
3731	739,586274309171	773,589767807526	1	1260,41372569083	773,589767807526
3738	737,704565502609	789,772653710585	1	1262,29543449739	789,772653710585
3756	753,031865404676	938,159522576934	1	1246,96813459532	938,159522576934
3774	742,467977427877	954,684150472308	1	1257,53202257212	954,684150472308
3777	736,969142637546	923,874717172488	1	1263,03085736245	923,874717172488
3804	736,026207557797	982,38150508851	0			1263,9737924422	982,38150508851
3810	730,818915328723	960,805886025425	1	1269,18108467128	960,805886025425
3818	729,194267081595	951,602027586419	1	1270,80573291841	951,602027586419
3837	729,03571094781	998,017209981662	0			1270,96428905219	998,017209981662
3864	723,228708417371	965,291606024858	0			1276,77129158263	965,291606024858
3880	727,215105615883	940,769389082519	1	1272,78489438412	940,769389082519
3911	732,255988950649	887,657626301886	1	1267,74401104935	887,657626301886
3913	732,996400086243	895,044263015906	1	1267,00359991376	895,044263015906
3935	733,596787799037	858,948781177407	1	1266,40321220096	858,948781177407
3947	739,282670477287	852,9004629898	1	1260,71732952271	852,9004629898
3950	737,361354871928	841,753762146227	1	1262,63864512807	841,753762146227
3968	733,638769571882	858,653540089926	1	1266,36123042812	858,653540089926
4004	737,015155083462	888,509259618519	1	1262,98484491654	888,509259618519
4021	761,786159810234	901,921328743808	1	1238,21384018977	901,921328743808
4048	830,872260545083	883,815578675501	1	1169,12773945492	883,815578675501
4050	845,213721632342	871,79997976801	1	1154,78627836766	871,79997976801
4093	822,040609316517	878,166688475359	1	1177,95939068348	878,166688475359
4097	853,883541231943	867,61350870687	1	1146,11645876806	867,61350870687
4099	860,861885758541	868,124138504039	1	1139,13811424146	868,124138504039
4116	888,059290457445	856,336057533409	1	1111,94070954256	856,336057533409
4121	873,569990016535	841,740180224805	1	1126,43000998347	841,740180224805
4145	882,079795692497	847,3513632206	1	1117,9202043075	847,3513632206
4168	888,521491073704	846,488661419708	1	1111,4785089263	846,488661419708
4180	895,849202139564	849,534152264115	1	1104,15079786044	849,534152264115
4195	895,003793390581	848,898097389627	1	1104,99620660942	848,898097389627
4216	899,050560928545	848,647588947502	1	1100,94943907146	848,647588947502
4233	901,97448017178	850,825909615934	1	1098,02551982822	850,825909615934
4248	903,322777281937	851,08387604717	1	1096,67722271806	851,08387604717
4291	904,712867465501	850,839987153612	1	1095,2871325345	850,839987153612
4302	908,582778648087	840,145853075765	1	1091,41722135191	840,145853075765
4304	921,538402762674	808,235477859189	1	1078,46159723733	808,235477859189
4319	950,451742584059	740,521095049823	1	1049,54825741594	740,521095049823
4338	960,879503057251	702,627775380453	1	1039,12049694275	702,627775380453
4354	1006,75441501678	604,498787378227	1	993,245584983216	604,498787378227
4358	1013,26874862525	586,070959875104	1	986,73125137475	586,070959875104
4373	1018,51762714181	563,944378222334	1	981,482372858192	563,944378222334
4399	1022,08702391762	554,390571393004	1	977,912976082382	554,390571393004
4424	1024,24756710196	552,059666659685	1	975,75243289804	552,059666659685
4445	1031,70890835049	537,153302561868	1	968,291091649508	537,153302561868
4474	1031,99364091651	536,346889082989	1	968,006359083486	536,346889082989
4509	1030,1313007618	542,619359543724	1	969,868699238203	542,619359543724
4511	1028,35916112426	552,007703786099	1	971,640838875741	552,007703786099
4530	1035,92136717199	565,629934875473	1	964,078632828014	565,629934875473
4546	1050,95100108412	583,145708379725	1	949,048998915883	583,145708379725
4571	1060,32306717476	590,264180248541	1	939,676932825241	590,264180248541
4602	1124,26813818328	634,340250987533	1	875,731861816718	634,340250987533
4627	1131,46623846912	638,389987173738	1	868,533761530883	638,389987173738
4629	1133,08109764639	635,290736452063	1	866,918902353608	635,290736452063
4665	1141,14949470897	638,146912396533	1	858,850505291027	638,146912396533
4673	1141,26968154826	638,140428243164	1	858,730318451738	638,140428243164
4703	1169,34878799807	632,878089269931	1	830,651212001935	632,878089269931
4720	1196,61244929575	636,522943624937	1	803,387550704245	636,522943624937
4766	1197,14371164532	622,583239635366	1	802,856288354682	622,583239635366
4795	1208,86018464557	619,578183918283	1	791,139815354432	619,578183918283
4820	1236,27751622185	618,666726215338	1	763,722483778148	618,666726215338
4829	1338,6595546773	706,167527132436	1	661,340445322702	706,167527132436
4846	1336,35108522024	699,726691253844	1	663,648914779759	699,726691253844
4879	1340,56686971818	707,446952891161	1	659,433130281819	707,446952891161
4885	1344,95556854787	713,312983988363	1	655,044431452127	713,312983988363
4886	1346,54146845892	788,156111886009	1	653,458531541083	788,156111886009
4913	1357,93473042044	828,172135165206	1	642,065269579558	828,172135165206
4965	1351,77740722297	870,424658534251	1	648,22259277703	870,424658534251
4995	1355,96874161028	826,560422959247	1	644,031258389722	826,560422959247
4999	1361,56773250889	785,068873264185	1	638,432267491115	785,068873264185
5001	1360,38670603871	780,857967363102	1	639,613293961287	780,857967363102
5005	1352,71203590978	761,547138128856	1	647,287964090225	761,547138128856
5007	1349,46937608235	751,084082323993	1	650,530623917647	751,084082323993
5036	1349,96302189669	750,318678729343	1	650,036978103314	750,318678729343
5052	1353,19615407804	758,811788235818	1	646,803845921956	758,811788235818
5075	1351,96025190512	746,516155423736	1	648,039748094882	746,516155423736
5083	1353,69914444689	747,452547619233	1	646,300855553108	747,452547619233
5098	1355,77625513072	748,426310873472	1	644,223744869277	748,426310873472
5121	1358,88035928446	752,148624223925	1	641,119640715536	752,148624223925
5127	1364,51144367173	746,778108410214	1	635,488556328273	746,778108410214
5146	1363,10254567152	749,5105615658	1	636,897454328485	749,5105615658
5419	1347,95674444402	673,032563746625	1	652,043255555977	673,032563746625
5441	1415,01666319023	471,843328694662	1	584,98333680977	471,843328694662
5444	1400,70122704163	534,491669787691	1	599,298772958374	534,491669787691
5469	1400,75081339444	533,037848817487	1	599,249186605556	533,037848817487
5475	1392,93388551904	566,312187392019	1	607,066114480959	566,312187392019
5482	1383,87892406015	605,492184657518	1	616,121075939853	605,492184657518
5514	1380,26615575161	647,071516725218	1	619,733844248392	647,071516725218
5540	1377,14079192728	682,304681722291	1	622,859208072723	682,304681722291
5546	1383,82757492067	718,376533179688	1	616,172425079329	718,376533179688
5563	1384,15520863203	724,783168287188	1	615,844791367974	724,783168287188
5578	1384,7814240878	727,572374194875	1	615,218575912199	727,572374194875
5597	1381,81830350669	737,648208768369	1	618,181696493313	737,648208768369
5612	1379,49723793624	763,233569886221	1	620,502762063761	763,233569886221
5625	1378,86540219607	784,703239065266	1	621,134597803926	784,703239065266
5640	1379,0953697858	794,654255797943	1	620,904630214204	794,654255797943
5662	1355,21989063648	920,720604132944	1	644,780109363522	920,720604132944
5679	1347,05604513699	956,671937628727	1	652,943954863014	956,671937628727
5712	1336,20230445704	944,037906500082	1	663,797695542964	944,037906500082
5714	1286,05373010874	902,178759649118	1	713,946269891263	902,178759649118
5744	1188,62057722767	859,385613158238	1	811,379422772327	859,385613158238
5750	1151,19945533163	845,585371702418	1	848,800544668371	845,585371702418
5759	1114,55909598919	854,975957678793	1	885,440904010809	854,975957678793
5780	1114,0745821285	824,106120475274	1	885,925417871498	824,106120475274
5785	1072,99816830421	827,875298796144	1	927,001831695788	827,875298796144
5819	1062,65781570379	758,593059959146	1	937,342184296212	758,593059959146
5833	1050,07084392884	795,701716782733	1	949,92915607116	795,701716782733
5846	1041,60636111048	802,337789692998	1	958,393638889523	802,337789692998
5865	1032,87883626167	824,459008829248	1	967,121163738332	824,459008829248
5879	1023,88878409281	853,397294364116	1	976,11121590719	853,397294364116
5902	1016,00786992295	862,364167881649	1	983,992130077046	862,364167881649
5927	987,94030093352	851,558359900535	1	1012,05969906648	851,558359900535
5948	926,878246454224	813,339245664055	1	1073,12175354578	813,339245664055
5950	855,825611052254	781,234399745664	1	1144,17438894775	781,234399745664
5972	818,353344270616	763,244644664622	1	1181,64665572938	763,244644664622
5989	781,046691684128	748,129031154925	1	1218,95330831587	748,129031154925
6005	613,048893338421	675,106436983636	1	1386,95110666158	675,106436983636
6013	608,32840542884	664,445568547939	1	1391,67159457116	664,445568547939
6033	608,152043024907	657,404664324267	1	1391,84795697509	657,404664324267
6047	615,737721818394	660,443252543704	1	1384,26227818161	660,443252543704
6055	617,173818742891	663,277297035759	1	1382,82618125711	663,277297035759
6075	618,672826539421	665,735651303423	1	1381,32717346058	665,735651303423
6090	629,968812784609	682,011462022335	1	1370,03118721539	682,011462022335
6112	630,952701068897	687,382960575753	1	1369,0472989311	687,382960575753
6141	618,766844758493	766,287228927467	1	1381,23315524151	766,287228927467
6163	612,125571690035	806,03670035504	1	1387,87442830997	806,03670035504
6177	613,854064170677	772,785920854868	1	1386,14593582932	772,785920854868
6194	600,507415280708	767,279814071549	1	1399,49258471929	767,279814071549
6212	597,989096860299	755,621056806218	1	1402,0109031397	755,621056806218
6227	601,351149040298	730,160687329758	1	1398,6488509597	730,160687329758
6243	573,603106900709	773,955721293888	1	1426,39689309929	773,955721293888
6270	577,470730662727	726,422751295805	1	1422,52926933727	726,422751295805
6295	585,04609675378	682,023049816591	1	1414,95390324622	682,023049816591
6302	587,082540105931	675,471937272244	1	1412,91745989407	675,471937272244
6320	588,291359425729	708,608622455609	1	1411,70864057427	708,608622455609
6336	597,001995167814	673,923359220413	1	1402,99800483219	673,923359220413
6343	605,89613789339	746,771792582706	1	1394,10386210661	746,771792582706
6367	608,066438157007	724,167349998863	1	1391,93356184299	724,167349998863
6374	617,816798484284	692,839305877423	1	1382,18320151572	692,839305877423
6386	630,788408980104	652,83705067449	1	1369,2115910199	652,83705067449
6428	628,97128341859	641,639968372868	1	1371,02871658141	641,639968372868
6497	616,923015960815	703,043756970714	1	1383,07698403919	703,043756970714
6510	615,14375647614	678,77099096929	1	1384,85624352386	678,77099096929
6512	617,032884501372	640,896101201328	1	1382,96711549863	640,896101201328
6520	603,266431345751	648,445046753819	1	1396,73356865425	648,445046753819
6522	594,706617391425	626,201991033971	1	1405,29338260857	626,201991033971
6537	596,265453258403	628,335696100116	1	1403,7345467416	628,335696100116
6562	605,027993439847	673,584762757841	1	1394,97200656015	673,584762757841
6578	641,070787599392	811,702596713134	1	1358,92921240061	811,702596713134
6602	680,065551061567	758,138878885889	1	1319,93444893843	758,138878885889
6610	1022,06897546203	736,27293668994	1	977,931024537973	736,27293668994
6631	1120,8060929047	745,670295260925	1	879,193907095296	745,670295260925
6650	1147,64063667218	747,645535279679	1	852,359363327823	747,645535279679
6662	1239,99606797776	740,734804379476	1	760,00393202224	740,734804379476
6684	1248,9213620489	742,303726492379	1	751,078637951096	742,303726492379
6699	1294,3097953816	754,309568081572	1	705,690204618404	754,309568081572
6727	1294,91813728434	754,804766125353	1	705,08186271566	754,804766125353
6738	1294,46584682859	754,850549811879	1	705,53415317141	754,850549811879
6755	1294,61498955245	757,281766517898	1	705,38501044755	757,281766517898
6770	1296,61718687371	757,105985610604	1	703,382813126289	757,105985610604
6794	1300,49399269852	755,982894277853	1	699,506007301484	755,982894277853
6797	1302,77199514075	755,636433415139	1	697,228004859245	755,636433415139
6810	1302,65723031759	755,482883179071	1	697,342769682412	755,482883179071
6832	1295,30189718171	760,376273464164	1	704,698102818289	760,376273464164
6837	1291,6561934189	773,909219541628	1	708,343806581099	773,909219541628
6873	1291,79631371012	783,58070161572	1	708,203686289878	783,58070161572
6879	1291,59123856584	782,792382359596	1	708,408761434159	782,792382359596
6900	1290,41422384198	783,418885661639	1	709,585776158023	783,418885661639
6914	1276,20143321614	792,856879342753	1	723,798566783859	792,856879342753
6934	1271,87202708406	789,776261730793	1	728,127972915936	789,776261730793
6945	1267,78092520339	780,097757652057	1	732,219074796615	780,097757652057
6958	1266,05697159655	781,879689199489	1	733,943028403452	781,879689199489
6973	1287,86708603776	818,574499332519	1	712,132913962236	818,574499332519
6994	1283,98705396687	813,642677340848	1	716,012946033134	813,642677340848
7024	1293,37422795865	824,165035240407	1	706,625772041352	824,165035240407
7039	1306,60908151638	835,319856794061	1	693,390918483616	835,319856794061
7052	1313,5691447533	840,817870680497	1	686,430855246702	840,817870680497
7064	1313,64146609027	837,211808893879	1	686,358533909726	837,211808893879
7088	1311,78456196862	835,726700016381	1	688,215438031375	835,726700016381
7105	1310,11466617403	836,518746478901	1	689,885333825972	836,518746478901
7126	1307,60798289219	838,477050675023	1	692,392017107805	838,477050675023
7142	1308,33488715929	837,129743522004	1	691,665112840708	837,129743522004
7165	1310,12136112754	838,951809607735	1	689,878638872457	838,951809607735
7193	1318,26819141283	840,187296110996	1	681,731808587174	840,187296110996
7195	1300,12543785167	843,97607213447	1	699,874562148326	843,97607213447
7227	1265,61796255546	870,596700008094	1	734,382037444541	870,596700008094
7242	1268,30287723035	866,556669433573	1	731,697122769654	866,556669433573
7259	1277,36243047536	855,587085801802	1	722,637569524637	855,587085801802
7273	1267,43725462245	881,819575279509	1	732,562745377548	881,819575279509
7285	1263,10997423576	879,089388443175	1	736,890025764245	879,089388443175
7313	1280,25131338659	840,792200820764	1	719,748686613411	840,792200820764
7339	1274,56003062004	882,533535273147	1	725,439969379958	882,533535273147
7660	1204,1091079465	666,943423254764	1	795,890892053499	666,943423254764
7680	1211,08088323599	783,124532085508	1	788,919116764007	783,124532085508
7716	1227,26501580645	786,487851117409	1	772,734984193547	786,487851117409
7722	1237,05840851168	802,853426417095	1	762,941591488323	802,853426417095
7744	1238,35107934312	843,457445685065	1	761,648920656876	843,457445685065
7750	1236,70680337227	857,672820529331	1	763,293196627734	857,672820529331
7765	1236,49817658287	835,612885523285	1	763,501823417134	835,612885523285
7779	1234,94033642833	850,379675566821	1	765,059663571675	850,379675566821
7810	1229,62064096797	899,495957312394	1	770,379359032033	899,495957312394
7824	1223,84402312314	908,550051012372	1	776,155976876855	908,550051012372
7859	1220,23587529703	917,47783131331	1	779,76412470297	917,47783131331
7873	1220,13293421201	918,676282794523	1	779,867065787987	918,676282794523
7942	1219,26830854289	920,791266843097	1	780,731691457111	920,791266843097
7947	1214,80612070821	986,454230727387	0			785,193879291789	986,454230727387
7958	1213,68019570606	1012,57092990236	0			786,31980429394	1012,57092990236
7963	1213,16073961589	967,233398882723	0			786,839260384106	967,233398882723
7983	1209,12224119857	957,047673277035	1	790,877758801431	957,047673277035
7995	1208,32211707295	953,250470918035	1	791,677882927055	953,250470918035
8001	1209,15845299175	949,684266925976	1	790,841547008248	949,684266925976
8031	1210,00028741205	946,711887262336	1	789,99971258795	946,711887262336
8039	1213,07327823946	940,335395049919	1	786,926721760536	940,335395049919
8073	1224,52171988184	936,156115638569	1	775,478280118159	936,156115638569
8084	1225,35681322449	933,879384818086	1	774,643186775512	933,879384818086
8091	1248,38286399006	923,167721969302	1	751,617136009938	923,167721969302
8124	1258,15969095608	920,159997522733	1	741,840309043917	920,159997522733
8139	1275,12063569339	914,726011379336	1	724,879364306614	914,726011379336
8140	1294,74361628904	907,883089398467	1	705,256383710962	907,883089398467
8160	1306,31667370194	901,910489666962	1	693,683326298061	901,910489666962
8172	1305,95243476183	899,022805043861	1	694,047565238168	899,022805043861
8179	1306,65314848996	900,624066949901	1	693,34685151004	900,624066949901
8215	1304,91489248201	901,087694926124	1	695,08510751799	901,087694926124
8229	1304,46231056407	900,631515333854	1	695,537689435933	900,631515333854
8258	1304,28892690131	899,096309588661	1	695,71107309869	899,096309588661
8264	1303,51461308998	898,043919859927	1	696,485386910018	898,043919859927
8278	1308,45455589768	880,954512701592	1	691,545444102316	880,954512701592
8298	1325,49692905634	811,909822938196	1	674,503070943656	811,909822938196
8311	1327,44597667849	805,831915724841	1	672,554023321505	805,831915724841
8334	1327,28218072103	786,081507391599	1	672,717819278966	786,081507391599
8342	1328,71068099017	767,0312069768	1	671,289319009826	767,0312069768
8383	1333,08694156953	752,270551462146	1	666,913058430473	752,270551462146
8393	1329,89172861481	751,802127354358	1	670,108271385194	751,802127354358
8411	1329,10589767509	740,953154528218	1	670,894102324907	740,953154528218
8427	1327,41624082177	740,955533729986	1	672,583759178231	740,955533729986
8442	1314,66401798826	738,615438893998	1	685,335982011745	738,615438893998
8459	1310,45892375973	736,883979392326	1	689,541076240267	736,883979392326
8472	1308,16302281279	735,64212575627	1	691,836977187214	735,64212575627
8517	1317,54318040495	758,404146995259	1	682,456819595048	758,404146995259
8533	1314,90768525912	757,43872275127	1	685,09231474088	757,43872275127
8545	1300,09982038924	764,390979863805	1	699,900179610758	764,390979863805
8563	1302,73422848246	763,788869864258	1	697,265771517538	763,788869864258
8579	1298,02077907302	762,141909324139	1	701,979220926981	762,141909324139
8591	1279,69156652835	854,226410458441	1	720,30843347165	854,226410458441
8611	1281,56276426266	842,419333895912	1	718,437235737344	842,419333895912
8632	1280,77221112421	846,869401146744	1	719,227788875788	846,869401146744
8639	1284,65881273438	827,137242630697	1	715,341187265623	827,137242630697
8669	1293,02126380357	783,269129219914	1	706,978736196431	783,269129219914
8686	1297,42736828468	753,966429255022	1	702,572631715319	753,966429255022
8704	1286,78141688255	780,624165494914	1	713,218583117449	780,624165494914
8714	1288,70002432761	774,207089925405	1	711,299975672386	774,207089925405
8729	1298,13184470045	759,594209099061	1	701,868155299546	759,594209099061
8758	1290,52616311128	788,989069550803	1	709,473836888716	788,989069550803
8767	1287,41083308463	806,232267493594	1	712,589166915365	806,232267493594
8774	1301,65753568668	724,67795984846	1	698,342464313325	724,67795984846
9114	1458,35972264361	160,99609469691	0			541,640277356392	160,99609469691
9129	1410,35203655947	217,91627425031	1	589,647963440534	217,91627425031
9145	1364,67042028186	292,71925021397	1	635,329579718138	292,71925021397
9167	1387,22682400138	255,126630611407	1	612,773175998622	255,126630611407
9171	1345,12640264734	358,906376634018	1	654,873597352663	358,906376634018
9200	1370,461800284	305,504573497613	1	629,538199716004	305,504573497613
9212	1365,09916940224	319,226732300178	1	634,900830597755	319,226732300178
9233	1366,37982534238	356,266708054315	1	633,620174657619	356,266708054315
9244	1352,39089639143	386,905398384001	1	647,609103608573	386,905398384001
9280	1357,46850354264	398,106268056849	1	642,531496457359	398,106268056849
9340	989,443959850324	583,327095232766	1	1010,55604014968	583,327095232766
9354	989,146863611641	591,033375237593	1	1010,85313638836	591,033375237593
9385	1003,78340724577	584,458272701108	1	996,216592754226	584,458272701108
9433	1015,80581042798	611,279529085454	1	984,194189572019	611,279529085454
9445	1019,99245414283	660,351952254136	1	980,007545857173	660,351952254136
9460	1006,04208756891	680,08032442071	1	993,957912431089	680,08032442071
9480	1003,72097273982	651,568051167148	1	996,279027260177	651,568051167148
9486	991,760532449967	621,598809024947	1	1008,23946755003	621,598809024947
9534	990,758178885741	645,364227860514	1	1009,24182111426	645,364227860514
9572	985,407638736654	717,463997093393	1	1014,59236126335	717,463997093393
9599	985,298050696115	717,742299558156	1	1014,70194930389	717,742299558156
9614	990,183045301604	797,307720118888	1	1009,8169546984	797,307720118888
9627	1047,00792924612	700,807717528924	1	952,992070753882	700,807717528924
9640	1064,50712158869	626,417646995664	1	935,492878411311	626,417646995664
9672	1067,17986620976	611,537426078849	1	932,820133790235	611,537426078849
9691	1086,12725229254	552,815002269984	1	913,872747707456	552,815002269984
9934	1022,46465096582	334,607961757744	1	977,535349034183	334,607961757744
9959	931,003370562803	280,110123205032	1	1068,9966294372	280,110123205032
9981	815,033669835912	263,700253812121	1	1184,96633016409	263,700253812121
