10	1222,76028091532	757,249102340499	1	777,239719084681	757,249102340499
25	1218,87708737445	760,608045955022	1	781,122912625547	760,608045955022
40	1213,22091650244	774,592925237882	1	786,779083497555	774,592925237882
56	1213,14938261887	782,784111591543	1	786,850617381135	782,784111591543
73	1216,39780729904	783,169451079583	1	783,602192700959	783,169451079583
83	1221,75508298994	779,704137146887	1	778,244917010063	779,704137146887
101	1224,77286787297	777,565531499507	1	775,227132127028	777,565531499507
117	1220,55235582142	782,966187757377	1	779,447644178576	782,966187757377
132	1221,31189997342	795,110003316406	1	778,688100026583	795,110003316406
172	1220,1992849272	802,716219309962	1	779,800715072803	802,716219309962
190	1220,02888360342	799,028726610371	1	779,971116396584	799,028726610371
193	1218,22811818112	781,392496416324	1	781,771881818882	781,392496416324
214	1209,20723443773	773,889302693685	1	790,792765562274	773,889302693685
220	1207,98464881439	774,313815861164	1	792,01535118561	774,313815861164
230	1208,69584599306	769,020535062071	1	791,304154006936	769,020535062071
253	1206,56494605462	756,815565148821	1	793,435053945383	756,815565148821
269	1147,02179641879	773,779400172609	1	852,978203581213	773,779400172609
283	1107,77290574223	749,290650945295	1	892,227094257771	749,290650945295
302	1080,46877486642	711,446821805598	1	919,531225133575	711,446821805598
321	1058,11420667628	734,766457797691	1	941,885793323724	734,766457797691
341	1059,47999920382	740,299274886623	1	940,520000796182	740,299274886623
352	1088,13642668496	774,571007956658	1	911,863573315044	774,571007956658
371	1084,79274007484	770,286428777526	1	915,207259925157	770,286428777526
413	1087,04799506844	780,23834181044	1	912,952004931563	780,23834181044
426	1087,91147278797	779,29628039522	1	912,088527212026	779,29628039522
481	1045,69928687889	759,883689664639	1	954,300713121111	759,883689664639
547	985,815666717233	748,146353517387	1	1014,18433328277	748,146353517387
579	1035,54777129412	802,8117997148	1	964,452228705884	802,8117997148
631	590,026234546997	761,263185930165	1	1409,973765453	761,263185930165
648	550,569686294987	815,800804890107	1	1449,43031370501	815,800804890107
663	554,268661541586	833,557765562937	1	1445,73133845841	833,557765562937
691	549,422653881801	810,41547315169	1	1450,5773461182	810,41547315169
717	572,359056273917	819,124493280337	1	1427,64094372608	819,124493280337
728	525,34725452988	692,426158814911	1	1474,65274547012	692,426158814911
769	486,712628445347	534,606695984015	1	1513,28737155465	534,606695984015
788	488,428749207835	535,011141872916	1	1511,57125079217	535,011141872916
808	518,176789064131	699,161807540515	1	1481,82321093587	699,161807540515
829	514,377837286157	700,299584383695	1	1485,62216271384	700,299584383695
847	508,29724936728	699,933706477649	1	1491,70275063272	699,933706477649
902	524,417733494319	563,740657635192	1	1475,58226650568	563,740657635192
934	533,781855856947	571,082795608945	1	1466,21814414305	571,082795608945
967	586,155093990874	714,70592295898	1	1413,84490600913	714,70592295898
996	569,725830365847	730,652290608067	1	1430,27416963415	730,652290608067
1037	537,763594921647	846,357151084923	1	1462,23640507835	846,357151084923
1046	538,99494846729	809,829665296376	1	1461,00505153271	809,829665296376
1087	528,358896185348	812,48603567606	1	1471,64110381465	812,48603567606
1131	539,259704449278	881,047513775969	1	1460,74029555072	881,047513775969
1135	539,400229502997	883,203249222166	1	1460,599770497	883,203249222166
1163	537,57164969652	866,853078647558	1	1462,42835030348	866,853078647558
1464	994,785977953075	259,595067212813	1	1005,21402204693	259,595067212813
1530	541,854295452822	514,854508083274	1	1458,14570454718	514,854508083274
1559	541,854295452822	514,854508083274	1	1458,14570454718	514,854508083274
1578	670,081174652747	195,697038120082	1	1329,91882534725	195,697038120082
1604	687,956416174696	86,3967792113344	0			1312,0435838253	86,3967792113344
1646	709,309916151253	86,4448472017297	0			1290,69008384875	86,4448472017297
1682	745,484356673614	104,314498848688	0			1254,51564332639	104,314498848688
1701	733,917616093055	143,19754688764	1	1266,08238390694	143,19754688764
1737	731,266265933062	176,842199316605	1	1268,73373406694	176,842199316605
1776	813,29887890263	219,541900846008	1	1186,70112109737	219,541900846008
1822	834,49086083615	390,385360637102	1	1165,50913916385	390,385360637102
1835	819,239248523551	457,267994013506	1	1180,76075147645	457,267994013506
1854	819,07101176034	468,441205665795	1	1180,92898823966	468,441205665795
1869	818,116818868783	492,798295589965	1	1181,88318113122	492,798295589965
1888	814,29384147947	513,85695211486	1	1185,70615852053	513,85695211486
1900	813,166472158806	526,400571367469	1	1186,83352784119	526,400571367469
1915	807,383603735351	565,085175704514	1	1192,61639626465	565,085175704514
1927	804,009081721718	637,086204118859	1	1195,99091827828	637,086204118859
1956	802,164982278115	651,383057204364	1	1197,83501772189	651,383057204364
1970	800,059702905738	650,107853124492	1	1199,94029709426	650,107853124492
1990	796,732424655677	646,723956260707	1	1203,26757534432	646,723956260707
2005	796,325539331046	639,915347920508	1	1203,67446066895	639,915347920508
2018	796,348873827834	637,066118531399	1	1203,65112617217	637,066118531399
2038	796,656960478202	632,917776570707	1	1203,3430395218	632,917776570707
2053	803,908505156595	635,155846253625	1	1196,09149484341	635,155846253625
2060	824,867266824014	649,615242676255	1	1175,13273317599	649,615242676255
2080	821,928356665387	651,75629364071	1	1178,07164333461	651,75629364071
2105	975,913568292652	714,106237227078	1	1024,08643170735	714,106237227078
2156	1044,6359558737	740,29258456401	1	955,364044126299	740,29258456401
2174	1081,54160951829	687,339490836166	1	918,45839048171	687,339490836166
2176	1094,29285758673	734,342662996533	1	905,707142413274	734,342662996533
2179	1083,96165410833	732,506031252677	1	916,038345891667	732,506031252677
2199	1110,86624654098	662,968681771298	1	889,13375345902	662,968681771298
2219	1114,71114132248	662,785628267252	1	885,288858677524	662,785628267252
2235	1103,23784474241	682,414984648395	1	896,762155257588	682,414984648395
2258	1099,54809648548	643,113172198569	1	900,45190351452	643,113172198569
2277	1108,39328969739	610,691693192752	1	891,60671030261	610,691693192752
2288	1127,96301513656	587,122955767197	1	872,036984863435	587,122955767197
2306	1126,84743066324	585,175699960552	1	873,15256933676	585,175699960552
2330	1118,01375276259	591,090759411891	1	881,986247237414	591,090759411891
2332	1082,12396367872	608,711674053562	1	917,876036321279	608,711674053562
2352	1062,32082225097	624,815517665576	1	937,679177749027	624,815517665576
2363	1047,56353278771	639,120732452783	1	952,436467212291	639,120732452783
2379	1036,45507685735	645,265908995638	1	963,544923142649	645,265908995638
2415	1007,21895500024	644,778644685141	1	992,781044999757	644,778644685141
2425	1002,46623915599	637,479743449705	1	997,533760844014	637,479743449705
2438	998,483417450491	635,018805932556	1	1001,51658254951	635,018805932556
2455	997,952465260858	632,521747143015	1	1002,04753473914	632,521747143015
2471	994,983007593944	633,608847054893	1	1005,01699240606	633,608847054893
2502	994,3688672037	633,118579095181	1	1005,6311327963	633,118579095181
2514	998,963563687779	635,371481215802	1	1001,03643631222	635,371481215802
2534	1002,35138098796	634,421353217758	1	997,648619012036	634,421353217758
2564	1011,01660754075	641,554925663126	1	988,98339245925	641,554925663126
2578	1008,71882539051	644,303825023081	1	991,281174609493	644,303825023081
2599	1003,73681918754	649,52867153752	1	996,263180812458	649,52867153752
2611	1000,67305031054	651,641730268575	1	999,326949689461	651,641730268575
2649	1007,33646265164	638,101856205646	1	992,66353734836	638,101856205646
2653	1009,34384089975	636,851164889013	1	990,656159100251	636,851164889013
2656	1019,1250747661	638,464638609283	1	980,874925233897	638,464638609283
2665	1135,39877866639	645,184287911769	1	864,601221333607	645,184287911769
2679	1149,43916410704	645,363350866088	1	850,560835892964	645,363350866088
2708	1194,86077336866	648,429501739835	1	805,139226631341	648,429501739835
2726	1205,21482045571	647,142749408721	1	794,785179544287	647,142749408721
2733	1207,47841865418	645,928546635346	1	792,521581345825	645,928546635346
2765	1213,07722037592	655,260472657702	1	786,922779624082	655,260472657702
2786	1212,79495916757	654,432491072227	1	787,205040832427	654,432491072227
2803	1213,94592145883	654,659276643825	1	786,054078541172	654,659276643825
2816	1212,22213015564	651,179886648308	1	787,77786984436	651,179886648308
2835	1213,62974707567	652,65673075008	1	786,37025292433	652,65673075008
2869	1210,18876303413	645,186341890977	1	789,811236965867	645,186341890977
2872	1209,72088323945	644,107972714753	1	790,279116760549	644,107972714753
2890	1213,34134682445	643,589457688641	1	786,658653175552	643,589457688641
2903	1232,24099835671	640,735652317773	1	767,759001643285	640,735652317773
2915	1257,11775658651	645,153801593403	1	742,88224341349	645,153801593403
2943	1263,54848638381	648,822988559331	1	736,451513616194	648,822988559331
2963	1284,43927304301	659,227363181838	1	715,560726956993	659,227363181838
2986	1304,52953493536	660,286327878651	1	695,470465064642	660,286327878651
3006	1294,35005484206	654,965365706481	1	705,649945157942	654,965365706481
3046	1294,80730396771	658,075104106386	1	705,192696032289	658,075104106386
3095	1294,56564736228	652,982035189336	1	705,434352637723	652,982035189336
3098	1295,88070913334	653,359362330302	1	704,119290866664	653,359362330302
3333	1492,21278317152	304,896499031622	0			507,787216828479	304,896499031622
3365	1356,05429245045	450,82374398825	1	643,945707549555	450,82374398825
3382	1252,01793070457	540,990318960467	1	747,982069295435	540,990318960467
3414	1231,32794975835	655,950194935873	1	768,672050241654	655,950194935873
3448	1234,50663241924	670,915722349046	1	765,493367580757	670,915722349046
3454	1176,96684704734	765,949966092504	1	823,033152952656	765,949966092504
3473	1180,38667224014	785,43118865294	1	819,613327759865	785,43118865294
3497	1171,52902467175	864,469425283525	1	828,470975328249	864,469425283525
3510	1170,85630307949	928,035576245597	1	829,14369692051	928,035576245597
3537	1173,56905324382	888,966047478206	1	826,430946756183	888,966047478206
3540	1151,6574176	1010,93776953483	0			848,342582400001	1010,93776953483
3545	1157,30106913957	982,657903138225	0			842,698930860429	982,657903138225
3571	1158,76185314751	975,422819199345	0			841,238146852486	975,422819199345
3580	1163,69893711837	957,166708685904	1	836,301062881626	957,166708685904
3608	1165,47125042241	940,967155773839	1	834,528749577594	940,967155773839
3629	1166,56305264915	940,52659878566	1	833,436947350848	940,52659878566
3634	1167,80495867544	942,670976028465	1	832,195041324561	942,670976028465
3651	1169,71935112598	943,473785196888	1	830,280648874024	943,473785196888
3670	1173,40864121183	949,178771033614	1	826,591358788174	949,178771033614
3682	1173,42305117152	948,489423191208	1	826,57694882848	948,489423191208
3701	1174,08763591357	947,251240457282	1	825,912364086432	947,251240457282
3708	1182,04114117239	956,31601130095	1	817,958858827614	956,31601130095
3736	1183,04253280059	958,815517517926	1	816,957467199409	958,815517517926
3773	1186,00949259363	963,760745820214	1	813,990507406365	963,760745820214
3784	1190,08995653246	948,157161893517	1	809,910043467537	948,157161893517
3801	1196,82700980568	926,690684922809	1	803,172990194324	926,690684922809
3812	1207,79813140596	896,728914485783	1	792,201868594035	896,728914485783
3834	1215,16383030252	875,8659867015	1	784,836169697477	875,8659867015
3849	1214,20078132194	874,48083475982	1	785,799218678063	874,48083475982
3867	1215,93503910748	872,924059822143	1	784,064960892515	872,924059822143
3877	1215,91927846478	872,957856352099	1	784,080721535222	872,957856352099
3900	1214,20624249781	869,901452582116	1	785,793757502194	869,901452582116
3918	1214,292682605	869,758324333081	1	785,707317394998	869,758324333081
3937	1215,95940566846	867,597638303757	1	784,040594331543	867,597638303757
3950	1215,59217930539	867,976189076268	1	784,407820694611	867,976189076268
3967	1214,70718511099	869,647720849913	1	785,292814889008	869,647720849913
3986	1215,25778991494	863,055374898322	1	784,742210085059	863,055374898322
4012	1172,30666792601	901,644041142733	1	827,693332073986	901,644041142733
4036	1095,62988635178	916,823496466581	1	904,370113648225	916,823496466581
4050	1099,90477196775	917,484758800622	1	900,095228032252	917,484758800622
4072	1079,44978088099	919,25178326478	1	920,550219119009	919,25178326478
4073	1078,17072270104	916,791678561821	1	921,829277298956	916,791678561821
4085	1025,39995468377	912,679180616219	1	974,600045316231	912,679180616219
4105	1001,7032138605	911,169209885039	1	998,296786139496	911,169209885039
4118	957,64848764165	903,32407099448	1	1042,35151235835	903,32407099448
4135	943,404992828209	898,287212216482	1	1056,59500717179	898,287212216482
4148	895,536217740357	884,883246298466	1	1104,46378225964	884,883246298466
4170	855,344828240763	876,625887862688	1	1144,65517175924	876,625887862688
4175	820,260208248689	854,968927736037	1	1179,73979175131	854,968927736037
4207	814,07938113124	864,540317464575	1	1185,92061886876	864,540317464575
4228	816,469086324965	864,557227387742	1	1183,53091367504	864,557227387742
4242	815,232375037217	856,775246889864	1	1184,76762496278	856,775246889864
4259	822,160152884722	835,998714458081	1	1177,83984711528	835,998714458081
4286	821,776074111612	837,725465927113	1	1178,22392588839	837,725465927113
4291	818,412637392905	830,877806984052	1	1181,58736260709	830,877806984052
4296	815,246988765061	830,234115184925	1	1184,75301123494	830,234115184925
4314	811,926061542061	830,394407577246	1	1188,07393845794	830,394407577246
4331	805,885768830287	826,26282932651	1	1194,11423116971	826,26282932651
4356	797,578550510947	831,645526416567	1	1202,42144948905	831,645526416567
4373	783,380911368408	898,931789769219	1	1216,61908863159	898,931789769219
4387	792,291487543188	892,49351206914	1	1207,70851245681	892,49351206914
4402	797,322000596266	878,809938373486	1	1202,67799940373	878,809938373486
4416	782,125292029099	925,070607651139	1	1217,8747079709	925,070607651139
4447	828,879308417077	780,967224873557	1	1171,12069158292	780,967224873557
4472	823,911412807244	728,99391599354	1	1176,08858719276	728,99391599354
4842	940,452336184801	167,999520471373	1	1059,5476638152	167,999520471373
4844	962,465003547545	141,471004286518	1	1037,53499645246	141,471004286518
4867	925,446957259244	128,91466890707	1	1074,55304274076	128,91466890707
4884	934,549054905323	125,043347651001	1	1065,45094509468	125,043347651001
4909	974,81753591214	31,5489532329537	0			1025,18246408786	31,5489532329537
4930	975,602806603751	39,4330108891164	0			1024,39719339625	39,4330108891164
4972	952,767932880554	26,3797817726106	0			1047,23206711945	26,3797817726106
4980	944,042691327992	50,6658536135019	0			1055,95730867201	50,6658536135019
5007	897,252234567052	68,9126007387124	0			1102,74776543295	68,9126007387124
5027	904,391487581142	127,127039119399	1	1095,60851241886	127,127039119399
5039	895,378232343409	201,073694203018	1	1104,62176765659	201,073694203018
5044	885,685179949015	249,192818364164	1	1114,31482005098	249,192818364164
5063	872,370457882334	211,03557352417	1	1127,62954211767	211,03557352417
5075	874,975111766174	270,423419970263	1	1125,02488823383	270,423419970263
5105	874,572175477747	273,884090649344	1	1125,42782452225	273,884090649344
5115	857,057141220829	291,444079656698	1	1142,94285877917	291,444079656698
5135	831,031767523987	318,026478383502	1	1168,96823247601	318,026478383502
5153	840,628464881988	268,190770681147	1	1159,37153511801	268,190770681147
5180	841,964435537856	231,371908431291	1	1158,03556446214	231,371908431291
5196	838,408881642573	239,41056848223	1	1161,59111835743	239,41056848223
5223	844,47913602163	196,69897083292	1	1155,52086397837	196,69897083292
5269	852,537090770639	88,5644887614931	0			1147,46290922936	88,5644887614931
5285	856,308574806988	131,091786886813	1	1143,69142519301	131,091786886813
5301	945,25225570138	277,681105208793	1	1054,74774429862	277,681105208793
5316	909,803453708516	257,499191522872	1	1090,19654629148	257,499191522872
5334	905,681431645683	261,342092160445	1	1094,31856835432	261,342092160445
5368	817,763423968521	230,502770670091	1	1182,23657603148	230,502770670091
5427	893,936723123276	364,552715867834	1	1106,06327687672	364,552715867834
5435	958,698673742924	467,64318356719	1	1041,30132625708	467,64318356719
5479	1017,30454881962	483,866969820547	1	982,695451180376	483,866969820547
5517	961,104206756749	425,979490129288	1	1038,89579324325	425,979490129288
5526	885,214403543561	161,293945071544	1	1114,78559645644	161,293945071544
5559	880,240808754884	215,300722427	1	1119,75919124512	215,300722427
5578	905,590989161536	352,328592440773	1	1094,40901083846	352,328592440773
5601	885,843039770988	521,960435997537	1	1114,15696022901	521,960435997537
5618	841,124203351772	515,027730571113	1	1158,87579664823	515,027730571113
5637	815,738418089429	502,497298126062	1	1184,26158191057	502,497298126062
5645	816,547507515651	425,196619371945	1	1183,45249248435	425,196619371945
5660	794,479201057361	296,72490132518	1	1205,52079894264	296,72490132518
5688	731,829515068841	372,25355083077	1	1268,17048493116	372,25355083077
5718	712,795047318815	336,408055370501	1	1287,20495268118	336,408055370501
5741	689,231144557387	343,408329812992	1	1310,76885544261	343,408329812992
5764	663,664392586628	175,219424521305	1	1336,33560741337	175,219424521305
5797	663,884155964097	174,739904675108	1	1336,1158440359	174,739904675108
5800	662,54676340218	174,046739158749	1	1337,45323659782	174,046739158749
5817	688,11732589458	174,908873040046	1	1311,88267410542	174,908873040046
5830	795,591713378959	177,990558500312	1	1204,40828662104	177,990558500312
5859	877,481115579482	164,737719810011	1	1122,51888442052	164,737719810011
5880	685,830195414445	465,700805904631	1	1314,16980458556	465,700805904631
5897	708,329110444315	446,709674101994	1	1291,67088955569	446,709674101994
5940	632,829911102448	564,887009401558	1	1367,17008889755	564,887009401558
5960	625,433249335938	603,556564578667	1	1374,56675066406	603,556564578667
5989	632,991913285746	597,67769310561	1	1367,00808671425	597,67769310561
6018	647,785127805844	624,75733123697	1	1352,21487219416	624,75733123697
6064	602,987270618386	777,367188020469	1	1397,01272938161	777,367188020469
6082	635,980324022326	786,895489991001	1	1364,01967597767	786,895489991001
6107	639,952904756117	766,221073021441	1	1360,04709524388	766,221073021441
6154	671,854265175567	801,693223706357	1	1328,14573482443	801,693223706357
6201	600,83547687566	841,017114964528	1	1399,16452312434	841,017114964528
6228	574,819364203505	813,636632121145	1	1425,1806357965	813,636632121145
6242	578,243451132306	789,007946232435	1	1421,75654886769	789,007946232435
6274	585,895527985256	757,175503513732	1	1414,10447201474	757,175503513732
6322	586,808899544723	621,591281140672	1	1413,19110045528	621,591281140672
6335	576,762165483128	549,525837995989	1	1423,23783451687	549,525837995989
6358	549,885164401975	764,163273064637	1	1450,11483559802	764,163273064637
6374	535,484543398706	774,217232957706	1	1464,51545660129	774,217232957706
6400	548,392383762085	741,705626700744	1	1451,60761623791	741,705626700744
6408	541,502963977895	880,841474160793	1	1458,4970360221	880,841474160793
6415	542,215230967799	834,443503351001	1	1457,7847690322	834,443503351001
6425	547,035253241912	808,983052446248	1	1452,96474675809	808,983052446248
6475	549,118504392578	813,241003746124	1	1450,88149560742	813,241003746124
6511	543,724046376383	818,781275921518	1	1456,27595362362	818,781275921518
6515	535,871862532039	825,171883682801	1	1464,12813746796	825,171883682801
6518	525,028336305558	833,267862184652	1	1474,97166369444	833,267862184652
6520	507,836457905917	857,025803559927	1	1492,16354209408	857,025803559927
6546	505,595105195171	870,613264168588	1	1494,40489480483	870,613264168588
6559	512,617958834656	884,397434552469	1	1487,38204116534	884,397434552469
6561	514,781988539046	886,877906806809	1	1485,21801146095	886,877906806809
6575	512,70861234313	880,254632590568	1	1487,29138765687	880,254632590568
6607	528,295485387513	905,863717781525	1	1471,70451461249	905,863717781525
6622	527,703902990605	896,670984741258	1	1472,2960970094	896,670984741258
6639	520,540640841271	894,300039659512	1	1479,45935915873	894,300039659512
6652	513,828732751608	892,34146129787	1	1486,17126724839	892,34146129787
6669	515,083023036599	891,247287588871	1	1484,9169769634	891,247287588871
6689	515,220455457663	891,70536796457	1	1484,77954454234	891,70536796457
6692	513,894680335435	889,377077611951	1	1486,10531966456	889,377077611951
6709	511,986302481612	887,982021117973	1	1488,01369751839	887,982021117973
6724	511,876639977415	895,396519600943	1	1488,12336002259	895,396519600943
6754	509,141428275562	893,30337911697	1	1490,85857172444	893,30337911697
6774	509,34505767978	897,962627528238	1	1490,65494232022	897,962627528238
6787	511,490448751353	910,785186543526	1	1488,50955124865	910,785186543526
6814	509,109770580084	986,919639494411	0			1490,89022941992	986,919639494411
6842	517,723205261377	936,359810525754	1	1482,27679473862	936,359810525754
6864	530,183259459247	952,24339160181	1	1469,81674054075	952,24339160181
6896	552,135666039688	963,283231802448	1	1447,86433396031	963,283231802448
6911	584,021997567655	916,529194417144	1	1415,97800243234	916,529194417144
6923	633,501958297726	935,715549913262	1	1366,49804170227	935,715549913262
6961	613,640189953151	924,584506172361	1	1386,35981004685	924,584506172361
6972	621,762264485163	927,328118853926	1	1378,23773551484	927,328118853926
6994	636,514540829958	930,494262419826	1	1363,48545917004	930,494262419826
7004	634,049843558793	928,958166144253	1	1365,95015644121	928,958166144253
7023	647,458305769362	918,19632354217	1	1352,54169423064	918,19632354217
7028	660,035643735159	896,536399694249	1	1339,96435626484	896,536399694249
7064	759,077427697568	840,334987431864	1	1240,92257230243	840,334987431864
7076	814,678838535025	817,202321069259	1	1185,32116146498	817,202321069259
7100	819,315035292411	802,663073861054	1	1180,68496470759	802,663073861054
7120	832,313629329496	801,453718783962	1	1167,6863706705	801,453718783962
7148	848,873088361009	799,827804389251	1	1151,12691163899	799,827804389251
7170	848,75640670564	799,745199873741	1	1151,24359329436	799,745199873741
7204	847,000778507776	803,388626748721	1	1152,99922149222	803,388626748721
7236	846,907479245246	806,105883557821	1	1153,09252075475	806,105883557821
7253	855,943935179345	795,034615949718	1	1144,05606482066	795,034615949718
7266	852,210974062297	803,580249866141	1	1147,7890259377	803,580249866141
7274	858,258887657298	802,06963118376	1	1141,7411123427	802,06963118376
7294	864,44264563606	798,681248637339	1	1135,55735436394	798,681248637339
7309	866,779259317821	797,401444126015	1	1133,22074068218	797,401444126015
7320	878,962564801902	800,966139149695	1	1121,0374351981	800,966139149695
7373	878,654773651429	801,500234767106	1	1121,34522634857	801,500234767106
7377	862,095758552496	868,498032284054	1	1137,9042414475	868,498032284054
7400	864,322381521209	871,974868878396	1	1135,67761847879	871,974868878396
7413	865,781278825451	872,603878673156	1	1134,21872117455	872,603878673156
7417	864,106967063863	875,597580905906	1	1135,89303293614	875,597580905906
7438	864,369662633233	880,809134256875	1	1135,63033736677	880,809134256875
7452	864,12723575121	883,972716006043	1	1135,87276424879	883,972716006043
7475	864,312165723122	884,667101844042	1	1135,68783427688	884,667101844042
7478	863,585870757699	882,77440997549	1	1136,4141292423	882,77440997549
7508	862,308488422053	881,32474559184	1	1137,69151157795	881,32474559184
7538	860,189903608103	871,981799998887	1	1139,8100963919	871,981799998887
7547	859,462918203091	864,617709168202	1	1140,53708179691	864,617709168202
7568	853,53394528776	857,831753963095	1	1146,46605471224	857,831753963095
7598	855,455059552927	857,736050018408	1	1144,54494044707	857,736050018408
7657	932,724852060281	854,396627666406	1	1067,27514793972	854,396627666406
7678	974,179773858012	837,451467426007	1	1025,82022614199	837,451467426007
7684	1026,29563529994	820,154888424062	1	973,704364700062	820,154888424062
7710	1030,95721503781	817,116500604543	1	969,042784962191	817,116500604543
7718	1035,85025630875	811,982006894697	1	964,149743691248	811,982006894697
7736	1039,67588782189	798,133762572784	1	960,324112178113	798,133762572784
7968	1402,06859798493	758,371387450342	1	597,931402015069	758,371387450342
7987	1399,30763614988	548,844802626261	1	600,692363850121	548,844802626261
8029	1334,64135666787	592,423292787577	1	665,358643332126	592,423292787577
8038	1362,51271811463	509,265035352348	1	637,487281885374	509,265035352348
8041	1368,41719083637	509,343211952814	1	631,582809163627	509,343211952814
8056	1362,45276727765	523,439896806256	1	637,547232722349	523,439896806256
8079	1359,60077743565	535,854494737356	1	640,399222564348	535,854494737356
8116	1353,917928598	529,896034049151	1	646,082071401998	529,896034049151
8124	1358,98228652619	549,357921319311	1	641,01771347381	549,357921319311
8152	1349,43001838492	596,416622754599	1	650,569981615082	596,416622754599
8156	1345,31567901268	595,015946420459	1	654,684320987321	595,015946420459
8181	1358,71612084352	547,408347261193	1	641,283879156476	547,408347261193
8185	1334,58716497033	572,792538916505	1	665,412835029671	572,792538916505
8214	1333,19575874441	572,699099513417	1	666,804241255586	572,699099513417
8219	1328,06024282944	574,290759879404	1	671,93975717056	574,290759879404
8224	1328,48270861197	572,804832708571	1	671,517291388033	572,804832708571
8255	1336,02700363889	544,658060008864	1	663,972996361113	544,658060008864
8272	1345,56764594575	577,726791478908	1	654,43235405425	577,726791478908
8298	1348,80982062507	544,323369303287	1	651,190179374928	544,323369303287
8317	1364,22584282488	513,307434576204	1	635,774157175123	513,307434576204
8351	1369,66316680267	481,862299828411	1	630,336833197333	481,862299828411
8360	1361,52790190115	502,930608307233	1	638,472098098854	502,930608307233
8364	1360,45593813458	470,32805577415	1	639,544061865421	470,32805577415
8389	1357,23803006681	478,283403009654	1	642,761969933186	478,283403009654
8411	1309,62389392318	590,475653847837	1	690,376106076818	590,475653847837
8425	1324,28855173144	556,503929004121	1	675,711448268558	556,503929004121
8440	1331,54548536305	541,905901138359	1	668,454514636946	541,905901138359
8453	1321,86678526339	565,251115747	1	678,133214736615	565,251115747
8475	1314,20766126579	572,330549056994	1	685,792338734212	572,330549056994
8495	1331,30960542766	569,028862075717	1	668,69039457234	569,028862075717
8512	1299,13923905429	612,553858072317	1	700,860760945711	612,553858072317
8532	1304,39849602932	628,416539177616	1	695,601503970678	628,416539177616
8554	1293,49685606578	683,65971073748	1	706,503143934222	683,65971073748
8580	1260,24170156339	700,956488715077	1	739,758298436606	700,956488715077
8592	1221,89300183001	743,310475085207	1	778,106998169993	743,310475085207
8613	1163,42106228567	843,663969914916	1	836,578937714327	843,663969914916
8626	1166,20590701387	845,915558777866	1	833,794092986134	845,915558777866
8633	1173,35584714033	847,423831380869	1	826,644152859669	847,423831380869
8649	1175,10173367216	843,931707761698	1	824,898266327839	843,931707761698
8666	1179,45844084806	833,868871602627	1	820,541559151944	833,868871602627
8677	1182,4440441905	832,962366893503	1	817,555955809499	832,962366893503
8705	1184,29742343649	832,431675351898	1	815,70257656351	832,431675351898
8723	1186,06916243862	831,74736293183	1	813,930837561382	831,74736293183
8744	1192,75130809372	818,045961124723	1	807,248691906283	818,045961124723
8749	1201,81091459443	801,821879680102	1	798,18908540557	801,821879680102
8768	1198,35541930241	863,827126164229	1	801,644580697586	863,827126164229
9048	1121,95120505916	666,363093604691	1	878,048794940837	666,363093604691
9068	1194,27221600678	669,243686043377	1	805,727783993224	669,243686043377
9086	1204,81898500704	660,973447558825	1	795,181014992961	660,973447558825
9103	1214,54237288577	664,928646536237	1	785,457627114228	664,928646536237
9119	1198,39702492952	672,546494073299	1	801,602975070479	672,546494073299
9126	1203,63382218716	720,592003127702	1	796,366177812841	720,592003127702
9156	1215,74382351581	788,473096966583	1	784,256176484189	788,473096966583
9173	1218,65009273324	820,506589653514	1	781,349907266759	820,506589653514
9193	1223,52734040461	844,76130951752	1	776,472659595389	844,76130951752
9222	1224,9997256679	838,638984786301	1	775,000274332102	838,638984786301
9227	1224,41662116953	832,514491707774	1	775,58337883047	832,514491707774
9233	1223,0586582212	818,323954261355	1	776,941341778796	818,323954261355
9252	1224,24473092435	807,556566035343	1	775,755269075652	807,556566035343
9274	1229,07744397497	820,828839434186	1	770,922556025026	820,828839434186
9298	1231,79217123585	860,214344269422	1	768,207828764148	860,214344269422
9345	1233,16791942768	860,562998476081	1	766,832080572315	860,562998476081
9351	1234,41844654248	849,116012741218	1	765,581553457521	849,116012741218
9354	1236,9038819775	810,80183477043	1	763,0961180225	810,80183477043
9357	1234,46684296458	856,12481807569	1	765,533157035421	856,12481807569
9373	1234,57375327178	854,90753614145	1	765,426246728218	854,90753614145
9390	1209,30721047894	843,471291356682	1	790,692789521062	843,471291356682
9395	1164,19573433367	853,202177517354	1	835,804265666332	853,202177517354
9414	1166,36921334451	837,055100416697	1	833,630786655494	837,055100416697
9425	1124,14951137565	844,622388164652	1	875,850488624351	844,622388164652
9466	979,079451392204	763,008782322613	1	1020,9205486078	763,008782322613
9488	998,217332535544	803,545890135379	1	1001,78266746446	803,545890135379
9489	946,288632698263	837,691316294899	1	1053,71136730174	837,691316294899
9510	929,466480540932	778,362695865704	1	1070,53351945907	778,362695865704
9516	926,761013962694	808,829560405634	1	1073,23898603731	808,829560405634
9530	929,826279845626	811,938227886378	1	1070,17372015437	811,938227886378
9545	926,505624009153	784,063056865799	1	1073,49437599085	784,063056865799
9559	921,742375126551	809,043339852298	1	1078,25762487345	809,043339852298
9580	925,037566177964	808,694066018487	1	1074,96243382204	808,694066018487
9615	929,045436708499	838,323783861262	1	1070,9545632915	838,323783861262
9628	931,218755380148	839,150884126465	1	1068,78124461985	839,150884126465
9635	929,802211703498	815,811044340004	1	1070,1977882965	815,811044340004
9654	929,953975156775	810,946770244955	1	1070,04602484323	810,946770244955
9664	920,0951047393	831,514479660074	1	1079,9048952607	831,514479660074
9694	917,3496341129	845,292757523102	1	1082,6503658871	845,292757523102
9717	906,933396629176	853,807842419807	1	1093,06660337082	853,807842419807
9723	904,318581169962	869,437096140503	1	1095,68141883004	869,437096140503
9738	901,602874890583	875,62522091449	1	1098,39712510942	875,62522091449
9754	901,020287139165	870,794882013787	1	1098,97971286083	870,794882013787
9829	900,771869590378	868,114896567497	1	1099,22813040962	868,114896567497
9847	896,902028306936	869,809165517635	1	1103,09797169306	869,809165517635
9850	869,289156531401	888,754369750632	1	1130,7108434686	888,754369750632
9852	818,967742015194	898,271710376352	1	1181,03225798481	898,271710376352
9869	823,24654503635	895,224115392912	1	1176,75345496365	895,224115392912
9871	794,842214799095	897,874091793798	1	1205,15778520091	897,874091793798
9877	789,064716132057	879,640773672259	1	1210,93528386794	879,640773672259
9908	768,396854579193	882,552937860924	1	1231,60314542081	882,552937860924
9936	763,873967546713	884,470191350501	1	1236,12603245329	884,470191350501
9939	776,160252523857	875,973245799923	1	1223,83974747614	875,973245799923
9956	786,059737511661	836,929686878043	1	1213,94026248834	836,929686878043
9976	780,139880494341	858,09483002469	1	1219,86011950566	858,09483002469
