28	1166,89144262904	808,415546920718	1	833,108557370963	808,415546920718
41	1163,83894203728	787,380657510215	1	836,161057962721	787,380657510215
250	898,366351575142	119,872281796348	0			1101,63364842486	119,872281796348
262	920,219515210988	170,437279931111	1	1079,78048478901	170,437279931111
285	1111,16416709322	183,086446231728	1	888,835832906776	183,086446231728
308	1294,85624816067	160,019461405209	1	705,14375183933	160,019461405209
374	1324,04189827109	251,920646860343	1	675,958101728909	251,920646860343
405	1218,75639346659	488,989591615865	1	781,243606533408	488,989591615865
551	1200,94772388248	671,492226848524	1	799,052276117516	671,492226848524
557	1147,05561665655	857,787472304803	1	852,944383343447	857,787472304803
561	1185,23930800689	770,259194652956	1	814,76069199311	770,259194652956
580	1157,40163529029	784,47768618173	1	842,598364709713	784,47768618173
584	1151,81873452494	784,389314047893	1	848,181265475062	784,389314047893
627	1138,79344244463	726,937780050753	1	861,206557555372	726,937780050753
648	1147,46797150358	717,475521655634	1	852,532028496424	717,475521655634
670	1138,82960658914	718,653404039178	1	861,170393410859	718,653404039178
699	1126,45515193909	678,639154298246	1	873,544848060911	678,639154298246
703	1122,30729808034	661,240977833452	1	877,692701919657	661,240977833452
717	1134,40797479843	683,380668152148	1	865,592025201569	683,380668152148
764	1069,21972071776	774,379878755246	1	930,780279282243	774,379878755246
801	964,838443324304	950,340815863477	1	1035,1615566757	950,340815863477
805	967,062771336484	935,591519092005	1	1032,93722866352	935,591519092005
822	964,02671175237	743,905242403063	1	1035,97328824763	743,905242403063
848	959,603969110571	717,024935335349	1	1040,39603088943	717,024935335349
868	962,791040230471	648,126156768999	1	1037,20895976953	648,126156768999
888	967,992396121364	637,45049281469	1	1032,00760387864	637,45049281469
920	969,55984070357	597,325859774542	1	1030,44015929643	597,325859774542
952	973,49551722029	649,501933920314	1	1026,50448277971	649,501933920314
957	969,724032026073	628,163874292267	1	1030,27596797393	628,163874292267
998	980,413907500451	708,730697957217	1	1019,58609249955	708,730697957217
1029	984,93746929065	749,753531693287	1	1015,06253070935	749,753531693287
1079	989,613843793285	687,3097989801	1	1010,38615620672	687,3097989801
1082	985,924138834818	687,678511313043	1	1014,07586116518	687,678511313043
1085	983,702582723595	703,904573863253	1	1016,2974172764	703,904573863253
1087	963,205441746138	981,662851376111	0			1036,79455825386	981,662851376111
1089	972,447837969291	841,899085137319	1	1027,55216203071	841,899085137319
1118	968,827566700615	924,063556003181	1	1031,17243329938	924,063556003181
1146	974,588595711071	711,131415695261	1	1025,41140428893	711,131415695261
1152	991,662615279763	629,199070159457	1	1008,33738472024	629,199070159457
1169	996,330548807028	684,234178716564	1	1003,66945119297	684,234178716564
1213	1003,60634286754	718,947737265525	1	996,393657132456	718,947737265525
1246	1048,86546975101	773,126582661953	1	951,134530248987	773,126582661953
1259	1050,37905360889	768,906238297575	1	949,620946391107	768,906238297575
1279	1017,29160782123	682,01775997498	1	982,708392178767	682,01775997498
1300	921,101609998168	668,138265908941	1	1078,89839000183	668,138265908941
1389	533,463344141889	914,667737687259	1	1466,53665585811	914,667737687259
1412	562,347454771156	767,638538703041	1	1437,65254522884	767,638538703041
1433	590,982200244499	724,8019660768	1	1409,0177997555	724,8019660768
1451	572,48309924093	800,345534528861	1	1427,51690075907	800,345534528861
1483	563,63092515399	816,838612723446	1	1436,36907484601	816,838612723446
1487	534,402483926318	743,020137361399	1	1465,59751607368	743,020137361399
1522	558,232992177431	795,549246655169	1	1441,76700782257	795,549246655169
1566	660,84514795112	708,849083358681	1	1339,15485204888	708,849083358681
1609	779,741290169998	607,629763254043	1	1220,25870983	607,629763254043
1617	808,845928724258	600,312757572694	1	1191,15407127574	600,312757572694
1636	808,561555956308	608,860382276404	1	1191,43844404369	608,860382276404
1688	922,142010319335	609,561166528484	1	1077,85798968067	609,561166528484
1718	923,248653110259	635,684353336663	1	1076,75134688974	635,684353336663
1737	896,641483452972	767,404609986106	1	1103,35851654703	767,404609986106
1751	891,061384567723	767,307485102568	1	1108,93861543228	767,307485102568
1764	888,923014097584	766,507317630491	1	1111,07698590242	766,507317630491
1843	886,875519721536	806,955679870441	1	1113,12448027846	806,955679870441
1883	915,549091228004	941,031600214788	1	1084,450908772	941,031600214788
1961	999,876586519013	785,37742771656	1	1000,12341348099	785,37742771656
1973	1047,21589009485	762,225273153439	1	952,784109905152	762,225273153439
1991	1103,14277366361	762,19979598848	1	896,857226336387	762,19979598848
2007	1113,62725016219	777,60402945151	1	886,372749837806	777,60402945151
2019	1084,80903762188	768,625307664438	1	915,190962378125	768,625307664438
2035	1090,46455331414	770,650737945198	1	909,535446685858	770,650737945198
2062	1085,43861750977	774,534910284975	1	914,561382490225	774,534910284975
2064	1096,80887010063	790,115907944667	1	903,191129899368	790,115907944667
2080	1102,46610237086	807,261931530427	1	897,53389762914	807,261931530427
2119	1144,34460402609	838,3754723362	1	855,655395973913	838,3754723362
2128	1115,94517207365	835,083455616669	1	884,054827926352	835,083455616669
2146	1105,29977563037	795,425356849177	1	894,700224369627	795,425356849177
2163	1087,1900483999	626,58147697824	1	912,809951600096	626,58147697824
2181	1078,64006737355	596,442025835569	1	921,359932626453	596,442025835569
2193	1069,83519474572	559,579330771347	1	930,164805254276	559,579330771347
2197	1074,39511478048	510,557622986634	1	925,604885219524	510,557622986634
2216	1077,21448371418	510,174684835716	1	922,785516285817	510,174684835716
2232	1072,76484850812	508,561391479807	1	927,235151491882	508,561391479807
2286	1233,96544325769	537,260819144802	1	766,034556742308	537,260819144802
2331	1165,96632281553	522,097924646345	1	834,033677184466	522,097924646345
2367	1176,42237458168	631,206750872318	1	823,577625418318	631,206750872318
2430	1121,92755999666	586,733880559755	1	878,072440003338	586,733880559755
2466	1279,47101284385	844,253952215109	1	720,528987156149	844,253952215109
2499	1284,8292540026	767,518504800267	1	715,170745997402	767,518504800267
2520	1308,77249000231	702,487479818965	1	691,227509997687	702,487479818965
2557	1306,77028459906	691,150778682129	1	693,22971540094	691,150778682129
2603	1319,6776708014	699,284724066695	1	680,322329198603	699,284724066695
2622	1323,875074468	715,005502585758	1	676,124925531997	715,005502585758
2651	1329,15736722342	761,101583243545	1	670,84263277658	761,101583243545
2737	1335,94133198068	797,418187054763	1	664,058668019316	797,418187054763
2776	1351,76602953074	1011,26974768555	0			648,233970469256	1011,26974768555
2782	1351,76602953074	1011,26974768555	0			648,233970469256	1011,26974768555
3264	1440,22216796875	554,299375038553	1	559,77783203125	554,299375038553
3281	1305,21718244337	605,031012507683	1	694,782817556634	605,031012507683
3327	1328,17868321763	588,967509897715	1	671,821316782374	588,967509897715
3337	1342,99333941187	576,463991436817	1	657,006660588132	576,463991436817
3372	1387,26186784073	557,365716333342	1	612,73813215927	557,365716333342
3416	1386,42294471247	536,739978512976	1	613,577055287526	536,739978512976
3501	1596,35993439017	444,130020778587	0			403,64006560983	444,130020778587
3538	1496,82467068669	389,995183488531	0			503,175329313309	389,995183488531
3577	1589,35267209131	361,927254594727	0			410,64732790869	361,927254594727
4232	1129,40359763729	857,477620965453	1	870,596402362712	857,477620965453
4283	1052,00185436261	769,78874827875	1	947,998145637389	769,78874827875
4333	1052,00185436261	769,78874827875	1	947,998145637389	769,78874827875
4336	1033,92370346186	769,376866440965	1	966,07629653814	769,376866440965
4364	1020,7479599727	759,43039956479	1	979,252040027303	759,43039956479
4406	896,956166273897	637,643907815288	1	1103,0438337261	637,643907815288
4409	852,066600920123	562,656043279043	1	1147,93339907988	562,656043279043
4457	875,086124007862	398,229258107213	1	1124,91387599214	398,229258107213
4482	870,127008575928	397,979419944525	1	1129,87299142407	397,979419944525
4540	834,611444295273	530,57768806184	1	1165,38855570473	530,57768806184
4587	799,921083450317	572,526054917644	1	1200,07891654968	572,526054917644
4628	799,991033994368	571,906472993365	1	1200,00896600563	571,906472993365
4674	800,021743774414	571,634463320338	1	1199,97825622559	571,634463320338
4693	783,759470107025	591,083393441182	1	1216,24052989298	591,083393441182
4721	777,200697618009	598,927383182492	1	1222,79930238199	598,927383182492
4764	516,684298151057	854,065445818442	1	1483,31570184894	854,065445818442
4814	702,229073529267	650,731110489662	1	1297,77092647073	650,731110489662
4831	740,644310569907	622,47769047133	1	1259,35568943009	622,47769047133
4854	748,981615290247	628,29889375493	1	1251,01838470975	628,29889375493
4927	759,997321599007	659,110729072555	1	1240,00267840099	659,110729072555
4986	773,988055874229	731,118804901046	1	1226,01194412577	731,118804901046
5031	777,204798726202	734,282098224306	1	1222,7952012738	734,282098224306
5084	760,154844562453	723,053866756579	1	1239,84515543755	723,053866756579
5122	680,899251119312	640,628697290502	1	1319,10074888069	640,628697290502
5143	702,929371079297	664,417599510233	1	1297,0706289207	664,417599510233
5160	638,415621944355	616,964805187081	1	1361,58437805564	616,964805187081
5173	540,882711776388	771,044227427379	1	1459,11728822361	771,044227427379
5189	580,038770006925	713,327661473784	1	1419,96122999307	713,327661473784
5214	515,495806036221	833,079619032073	1	1484,50419396378	833,079619032073
5235	515,504831445911	841,469994718708	1	1484,49516855409	841,469994718708
5262	516,376816908346	864,211298873522	1	1483,62318309165	864,211298873522
5293	516,603445083446	864,031346480655	1	1483,39655491655	864,031346480655
5300	553,001956169236	827,279710923079	1	1446,99804383076	827,279710923079
5312	625,116328450338	693,211523405868	1	1374,88367154966	693,211523405868
5333	587,736396194378	619,651887905725	1	1412,26360380562	619,651887905725
5362	601,424358918566	757,875602206124	1	1398,57564108143	757,875602206124
5365	597,010374805125	756,141042593729	1	1402,98962519487	756,141042593729
5370	666,083317677686	573,079222115488	1	1333,91668232231	573,079222115488
5436	755,998052025822	561,857081573554	1	1244,00194797418	561,857081573554
5488	753,192089290681	828,808942055455	1	1246,80791070932	828,808942055455
5526	759,375479260041	839,66659595019	1	1240,62452073996	839,66659595019
5574	843,981688019905	812,645530805055	1	1156,01831198009	812,645530805055
5660	857,710172289012	728,677095577434	1	1142,28982771099	728,677095577434
5818	922,406963854546	570,244417001002	1	1077,59303614545	570,244417001002
5833	1006,61630969989	485,180716555804	1	993,383690300111	485,180716555804
5892	1059,0754647585	439,277475403404	1	940,924535241495	439,277475403404
5932	1069,7916942844	427,217370492225	1	930,208305715603	427,217370492225
5951	1067,30289397502	428,138194107086	1	932,69710602498	428,138194107086
5977	1000,83860305309	518,738880282292	1	999,161396946906	518,738880282292
6010	1057,20068342127	526,202874668578	1	942,799316578729	526,202874668578
6024	1023,8702529689	528,76248436496	1	976,129747031104	528,76248436496
6066	1053,83320454866	524,555216323448	1	946,166795451344	524,555216323448
6100	980,048984403613	527,565830595703	1	1019,95101559639	527,565830595703
6118	972,251229233725	530,813504874271	1	1027,74877076627	530,813504874271
6157	988,108996389424	529,000019027646	1	1011,89100361058	529,000019027646
6182	1089,27700622141	499,098797799416	1	910,722993778592	499,098797799416
6226	1163,80860430363	450,612229170486	1	836,191395696375	450,612229170486
6250	1197,81273240374	353,672156378262	1	802,187267596257	353,672156378262
6255	1211,86858833182	314,202150317572	1	788,131411668181	314,202150317572
6257	1209,98926943542	350,440217489757	1	790,010730564578	350,440217489757
6260	1253,44744747732	428,454090918831	1	746,552552522681	428,454090918831
6266	1258,62954624252	452,071444965156	1	741,370453757481	452,071444965156
6285	1259,81569043787	430,814038723038	1	740,184309562126	430,814038723038
6324	1263,1626450727	439,067175428697	1	736,837354927299	439,067175428697
6345	1339,89328820572	443,489034272769	1	660,106711794282	443,489034272769
6371	1420,39338493873	424,275516747828	1	579,606615061267	424,275516747828
6391	1424,25878422938	433,38572679539	1	575,741215770621	433,38572679539
6418	1444,78638130259	422,091569254584	1	555,213618697408	422,091569254584
6442	1466,73654589423	404,95460575833	0			533,263454105766	404,95460575833
6462	1448,81744877125	408,609108694726	1	551,182551228751	408,609108694726
6492	1445,37723759019	405,658359992407	1	554,622762409806	405,658359992407
6513	1451,98466244285	401,568164611707	1	548,01533755715	401,568164611707
6528	1442,58548333853	392,738632180887	1	557,414516661472	392,738632180887
6562	1482,1187816662	406,153943660061	0			517,881218333798	406,153943660061
6613	1638,46159015176	459,411330859868	0			361,538409848243	459,411330859868
6649	1651,60898855164	437,261400920502	0			348,391011448355	437,261400920502
6696	1618,83774305963	449,621731911575	0			381,16225694037	449,621731911575
6786	1363,44669675364	550,173830912296	1	636,553303246359	550,173830912296
6952	1305,80217182443	638,655181978835	1	694,197828175566	638,655181978835
6981	1034,00383119058	791,623759504874	1	965,996168809415	791,623759504874
6998	957,014065483761	833,823516066623	1	1042,98593451624	833,823516066623
7010	867,076363708691	852,816515958727	1	1132,92363629131	852,816515958727
7013	819,266793437447	859,061854042743	1	1180,73320656255	859,061854042743
7031	651,088809023305	889,750453337087	1	1348,91119097669	889,750453337087
7083	685,549340483407	852,071336905609	1	1314,45065951659	852,071336905609
7089	574,985539854592	836,252597401874	1	1425,01446014541	836,252597401874
7121	524,253303347337	809,2754703992	1	1475,74669665266	809,2754703992
7157	455,986524473044	835,731429075289	1	1544,01347552696	835,731429075289
7169	467,205654248973	783,688740040207	1	1532,79434575103	783,688740040207
7184	472,138612418179	786,702223604831	1	1527,86138758182	786,702223604831
7189	479,953443553795	785,038913893595	1	1520,0465564462	785,038913893595
7223	481,608895778646	794,469762288131	1	1518,39110422135	794,469762288131
7246	485,685599727825	790,830107169181	1	1514,31440027217	790,830107169181
7261	501,053636243242	881,599157060011	1	1498,94636375676	881,599157060011
7298	517,978156233564	988,156377581862	0			1482,02184376644	988,156377581862
7313	515,46072095662	985,576622551881	0			1484,53927904338	985,576622551881
7337	515,857409251914	984,786143678686	0			1484,14259074809	984,786143678686
7413	519,580830226292	976,820050617184	0			1480,41916977371	976,820050617184
7418	521,071507902069	977,169152671556	0			1478,92849209793	977,169152671556
7420	524,15253230505	979,222559394126	0			1475,84746769495	979,222559394126
7451	528,109336777676	981,717737707011	0			1471,89066322232	981,717737707011
7464	532,130100630999	982,028545234894	0			1467,869899369	982,028545234894
7556	536,811645902862	1004,41810037462	0			1463,18835409714	1004,41810037462
7598	737,350034250796	939,730405560234	1	1262,6499657492	939,730405560234
7602	735,49473465211	943,352122394134	1	1264,50526534789	943,352122394134
7632	798,137536772289	937,64303778173	1	1201,86246322771	937,64303778173
7666	792,66207490819	925,818861141796	1	1207,33792509181	925,818861141796
7691	809,148098030262	908,276765113295	1	1190,85190196974	908,276765113295
7992	1403,02303770985	405,909105324997	1	596,97696229015	405,909105324997
8008	1403,02303770985	405,909105324997	1	596,97696229015	405,909105324997
8053	733,67336229624	400,801143143412	1	1266,32663770376	400,801143143412
8123	1006,67911780004	361,977772975532	1	993,32088219996	361,977772975532
8565	503,412339293841	481,071845129519	1	1496,58766070616	481,071845129519
8642	595,918328245095	506,654324672772	1	1404,0816717549	506,654324672772
8720	586,394789612409	654,011745065042	1	1413,60521038759	654,011745065042
8742	586,394789612409	654,011745065042	1	1413,60521038759	654,011745065042
8771	883,053401218649	680,013080257727	1	1116,94659878135	680,013080257727
8799	984,994627946877	598,309926671126	1	1015,00537205312	598,309926671126
8819	1019,24647877305	556,681979785347	1	980,753521226949	556,681979785347
8856	1018,62696977246	560,187133822521	1	981,373030227538	560,187133822521
8876	1030,17993660243	549,164871280763	1	969,820063397573	549,164871280763
8903	1065,54122950832	532,400299352585	1	934,458770491677	532,400299352585
8940	1123,60710269939	528,138875072005	1	876,392897300612	528,138875072005
8956	1112,48762733615	524,407397152068	1	887,512372663851	524,407397152068
9009	1029,98394162339	508,713434060065	1	970,016058376606	508,713434060065
9024	1004,09651682033	506,987554244856	1	995,903483179674	506,987554244856
9053	963,087046998281	482,060798845256	1	1036,91295300172	482,060798845256
9077	927,601398687991	511,76837302524	1	1072,39860131201	511,76837302524
9127	922,649080661769	501,593322262525	1	1077,35091933823	501,593322262525
9144	917,261630261388	463,791401161258	1	1082,73836973861	463,791401161258
9146	924,640727650176	459,415981983235	1	1075,35927234982	459,415981983235
9248	1138,19580078125	472,020514485449	1	861,80419921875	472,020514485449
9260	1155,39752256523	534,458174281835	1	844,60247743477	534,458174281835
9282	1330,68815370808	540,047954645389	1	669,311846291921	540,047954645389
9326	1164,6429068212	592,87660126164	1	835,357093178803	592,87660126164
9343	1132,52051668641	604,442853499844	1	867,47948331359	604,442853499844
9368	1169,5438703778	517,230124070038	1	830,4561296222	517,230124070038
9384	1156,76280779025	512,173438065575	1	843,237192209749	512,173438065575
9414	1169,61585626887	551,403246330458	1	830,384143731128	551,403246330458
9432	1172,59938814399	556,122746031097	1	827,40061185601	556,122746031097
9476	1221,74489838773	571,652354613925	1	778,255101612274	571,652354613925
9498	1201,10070690683	570,493275841134	1	798,899293093171	570,493275841134
9708	1165,02551230026	463,626300627899	1	834,974487699737	463,626300627899
9912	1654,18393033222	336,869902623704	0			345,816069667779	336,869902623704
9957	1539,52763134608	231,702098733568	0			460,472368653924	231,702098733568
9962	1492,23378948996	243,892889948903	0			507,766210510035	243,892889948903
9972	1505,03653577264	328,93626934207	0			494,963464227364	328,93626934207
9989	1481,69344288772	312,735460062221	0			518,306557112276	312,735460062221
9995	1464,09595712053	305,91816838744	0			535,904042879466	305,91816838744
