17	964,990344307942	634,368017243595	1	1035,00965569206	634,368017243595
32	960,246296802314	681,776882082189	1	1039,75370319769	681,776882082189
41	957,901523147955	695,360676741015	1	1042,09847685204	695,360676741015
44	971,122121714311	686,814496443444	1	1028,87787828569	686,814496443444
46	973,456194000285	684,647447366513	1	1026,54380599971	684,647447366513
69	975,333817777362	671,153916864657	1	1024,66618222264	671,153916864657
88	976,538720112663	691,939643065335	1	1023,46127988734	691,939643065335
94	983,581618790441	692,477301918314	1	1016,41838120956	692,477301918314
109	983,566924356501	689,382618399675	1	1016,4330756435	689,382618399675
134	993,344128762409	677,026733460118	1	1006,65587123759	677,026733460118
155	987,904940030367	655,862784855978	1	1012,09505996963	655,862784855978
175	999,0070394908	650,438948860475	1	1000,9929605092	650,438948860475
191	1012,03928302499	659,423074967938	1	987,960716975008	659,423074967938
219	1048,79227766258	694,569956030221	1	951,207722337424	694,569956030221
224	1102,11931983489	685,618820195952	1	897,880680165113	685,618820195952
254	1084,3218708043	666,088268898861	1	915,678129195702	666,088268898861
269	1103,60695726921	650,602517005651	1	896,393042730795	650,602517005651
289	1128,6981579395	689,014000025355	1	871,301842060501	689,014000025355
306	1127,80124576915	682,100983287164	1	872,198754230846	682,100983287164
337	1135,50827439749	677,408332671267	1	864,491725602511	677,408332671267
350	1123,89230774559	713,51321494889	1	876,107692254414	713,51321494889
358	1113,88478066203	729,056170892357	1	886,115219337974	729,056170892357
380	1113,27434133212	728,451011330039	1	886,725658667876	728,451011330039
393	1109,68205731985	683,493836771469	1	890,317942680145	683,493836771469
411	1102,25651923616	697,426309081886	1	897,743480763838	697,426309081886
489	1090,17473628695	570,412824858681	1	909,825263713053	570,412824858681
495	1097,83111520908	702,817293303833	1	902,168884790921	702,817293303833
498	1097,90613200111	728,396170710651	1	902,093867998892	728,396170710651
500	1089,99964653122	755,242849846454	1	910,000353468784	755,242849846454
521	1090,05174256885	775,935602340461	1	909,948257431151	775,935602340461
540	1095,32448590554	958,914325610406	1	904,675514094457	958,914325610406
902	941,407109232782	1069,91849806846	0			1058,59289076722	1069,91849806846
923	941,407109232782	1069,91849806846	0			1058,59289076722	1069,91849806846
937	941,407109232782	1069,91849806846	0			1058,59289076722	1069,91849806846
957	942,359909853673	1069,39614143352	0			1057,64009014633	1069,39614143352
961	946,81873606966	1066,95166626537	0			1053,18126393034	1066,95166626537
972	948,935501452748	1065,79118586871	0			1051,06449854725	1065,79118586871
988	948,946615510179	1066,32222516309	0			1051,05338448982	1066,32222516309
1003	948,249640242195	1069,61663750814	0			1051,75035975781	1069,61663750814
1030	948,168460718156	1072,85784795295	0			1051,83153928184	1072,85784795295
1075	920,293966636364	890,401212305692	1	1079,70603336364	890,401212305692
1081	906,168859426375	885,572096714662	1	1093,83114057363	885,572096714662
1092	904,735533305963	879,68363831452	1	1095,26446669404	879,68363831452
1095	904,021911259131	879,243258037421	1	1095,97808874087	879,243258037421
1115	905,93022500797	885,626914566469	1	1094,06977499203	885,626914566469
1125	906,270365832288	887,704457564122	1	1093,72963416771	887,704457564122
1144	907,709911590676	882,574664077725	1	1092,29008840932	882,574664077725
1158	908,308020928142	884,547502293175	1	1091,69197907186	884,547502293175
1195	913,803145529989	875,872478173338	1	1086,19685447001	875,872478173338
1211	923,05325793815	858,550299703646	1	1076,94674206185	858,550299703646
1227	917,67237207287	891,283217812499	1	1082,32762792713	891,283217812499
1243	919,247831371585	924,051952931733	1	1080,75216862841	924,051952931733
1298	1046,49018837067	1033,98763171463	0			953,509811629326	1033,98763171463
1311	1046,24333916564	1033,30968025053	0			953,756660834363	1033,30968025053
1315	1048,22709537546	1032,40402093538	0			951,772904624537	1032,40402093538
1317	1060,74164608567	1029,45948462031	0			939,258353914334	1029,45948462031
1337	1092,57943460475	1020,10344618036	0			907,42056539525	1020,10344618036
1362	1103,52325466256	1010,26365130863	0			896,47674533744	1010,26365130863
1366	1106,05017213777	1007,78387541345	0			893,949827862231	1007,78387541345
1378	1098,81281976551	1012,51425549765	0			901,187180234493	1012,51425549765
1402	1076,23633848656	1022,97862963809	0			923,763661513441	1022,97862963809
1411	1087,99325985636	1015,87729257544	0			912,006740143644	1015,87729257544
1431	1073,66335907106	1022,62843522448	0			926,336640928944	1022,62843522448
1438	1077,15992672843	1005,70648941065	0			922,840073271575	1005,70648941065
1877	885,764883096936	842,548665849968	1	1114,23511690306	842,548665849968
1892	935,618872781402	846,481695922537	1	1064,3811272186	846,481695922537
1910	935,618872781402	846,481695922537	1	1064,3811272186	846,481695922537
1940	887,93446630786	842,71982639434	1	1112,06553369214	842,71982639434
1950	887,842409105411	842,712563911479	1	1112,15759089459	842,712563911479
1985	889,138019798969	842,814775907998	1	1110,86198020103	842,814775907998
2001	885,764883096936	842,548665849968	1	1114,23511690306	842,548665849968
2022	885,764883096936	842,548665849968	1	1114,23511690306	842,548665849968
2043	885,764883096936	842,548665849968	1	1114,23511690306	842,548665849968
2073	888,848463750998	843,095933114555	1	1111,151536249	843,095933114555
2091	998,271203136444	852,002243752889	1	1001,72879686356	852,002243752889
2111	1096,93084974226	709,514058068721	1	903,069150257744	709,514058068721
2131	1112,02399089874	678,339425659997	1	887,976009101258	678,339425659997
2162	1120,7684646569	666,412118690192	1	879,231535343097	666,412118690192
2164	1150,87995788546	624,782477951416	1	849,120042114541	624,782477951416
2178	1181,19753073188	598,978737851565	1	818,802469268117	598,978737851565
2197	1190,98755657492	590,745319730274	1	809,012443425077	590,745319730274
2203	1188,89489131921	594,65831199253	1	811,105108680795	594,65831199253
2245	1190,45476665564	647,421485265513	1	809,545233344359	647,421485265513
2277	1164,7902191465	760,828381716984	1	835,209780853502	760,828381716984
2294	1163,92512969526	756,511704073084	1	836,074870304737	756,511704073084
2327	1161,03317645944	761,412820269567	1	838,966823540561	761,412820269567
2342	1164,16840702024	767,392412328165	1	835,831592979756	767,392412328165
2391	1120,22425185946	698,825494943372	1	879,775748140535	698,825494943372
2403	1119,33448615482	696,713879680834	1	880,665513845184	696,713879680834
2431	1136,94912037276	723,646216267928	1	863,05087962724	723,646216267928
2446	1139,63610653212	727,560888064905	1	860,363893467875	727,560888064905
2459	1139,38337213688	725,067050290717	1	860,616627863116	725,067050290717
2474	1131,78953622396	669,957611086413	1	868,210463776037	669,957611086413
2495	1128,55418302482	664,859681707085	1	871,445816975175	664,859681707085
2534	1119,05467880414	625,23727100177	1	880,945321195864	625,23727100177
2552	1126,01508084368	620,707726228612	1	873,984919156317	620,707726228612
2562	1125,86525116262	625,686486211938	1	874,134748837384	625,686486211938
2582	1127,05784302069	622,369664923948	1	872,942156979313	622,369664923948
2599	1125,79075155421	624,494571894473	1	874,209248445794	624,494571894473
2615	1122,22737812382	632,435105195697	1	877,772621876182	632,435105195697
2630	1161,05202075033	634,520216428405	1	838,947979249667	634,520216428405
2645	1152,41939518174	640,870902278969	1	847,580604818259	640,870902278969
2653	1157,87608235444	642,127317928037	1	842,123917645563	642,127317928037
2699	1165,61941154724	645,785931366848	1	834,380588452762	645,785931366848
2718	1185,72014708867	648,168139470588	1	814,279852911326	648,168139470588
2732	1212,73364247606	668,073141666656	1	787,266357523936	668,073141666656
2746	1228,16852444985	701,568436697453	1	771,831475550147	701,568436697453
2774	1227,28295475149	708,981477270914	1	772,717045248509	708,981477270914
2790	1240,04030615525	768,317196938685	1	759,959693844746	768,317196938685
2817	1232,822449379	736,541398864871	1	767,177550620997	736,541398864871
2841	1230,74243499254	773,846562283121	1	769,257565007462	773,846562283121
2857	1197,49093101805	723,045504665643	1	802,509068981952	723,045504665643
2878	1145,40402484438	661,814637603218	1	854,59597515562	661,814637603218
2900	1152,59820527676	680,968216493871	1	847,401794723237	680,968216493871
2933	1152,54879043975	674,167738085295	1	847,45120956025	674,167738085295
2939	1146,7791414888	642,060466760455	1	853,220858511203	642,060466760455
2941	1152,58196275197	677,009577049143	1	847,418037248031	677,009577049143
2994	1113,31475343171	659,976003809007	1	886,685246568293	659,976003809007
3010	1110,49366550477	706,727820894129	1	889,506334495226	706,727820894129
3044	1133,8882898727	749,836049332662	1	866,111710127302	749,836049332662
3059	1136,42678215769	757,843773027767	1	863,573217842309	757,843773027767
3091	1147,71236332363	758,51315215499	1	852,287636676374	758,51315215499
3108	1162,39042832612	750,943084044121	1	837,609571673875	750,943084044121
3136	1176,374925383	749,205106994124	1	823,625074616995	749,205106994124
3154	1181,76677381042	753,60079702763	1	818,233226189579	753,60079702763
3181	1195,61842461651	760,597725444384	1	804,381575383489	760,597725444384
3194	1236,62045122082	788,11811832476	1	763,379548779185	788,11811832476
3221	1236,35334394433	791,203261307708	1	763,646656055666	791,203261307708
3240	1247,66205162202	795,193409516779	1	752,337948377975	795,193409516779
3296	1268,72823019469	763,130592457222	1	731,271769805307	763,130592457222
3303	1256,20773059523	770,393432851761	1	743,792269404773	770,393432851761
3318	1209,88254710754	717,044413963851	1	790,117452892464	717,044413963851
3331	1183,80410809079	677,947379883291	1	816,195891909213	677,947379883291
3358	1158,49650989975	639,039297655251	1	841,503490100253	639,039297655251
3378	1134,6770817237	611,883242564405	1	865,322918276298	611,883242564405
3401	1114,34038998238	607,248083574226	1	885,659610017621	607,248083574226
3777	1190,81047576608	369,274112602512	1	809,18952423392	369,274112602512
3817	1000,42943861878	532,208330818714	1	999,57056138122	532,208330818714
3825	989,865344841522	582,317620019832	1	1010,13465515848	582,317620019832
3846	984,413210134364	612,425439875268	1	1015,58678986564	612,425439875268
3914	1016,46501890375	718,291283029052	1	983,534981096248	718,291283029052
3954	950,501821573498	799,905134772164	1	1049,4981784265	799,905134772164
4020	950,536594493208	798,889283015582	1	1049,46340550679	798,889283015582
4024	936,300812516525	797,245338775788	1	1063,69918748348	797,245338775788
4041	901,260016085363	772,969941270625	1	1098,73998391464	772,969941270625
4052	903,951442788709	774,260371578055	1	1096,04855721129	774,260371578055
4088	839,117341442859	828,055338914018	1	1160,88265855714	828,055338914018
4098	845,776224950789	831,466566415364	1	1154,22377504921	831,466566415364
4133	754,271817759666	968,082725220294	0			1245,72818224033	968,082725220294
4185	765,085576537869	734,602033706869	1	1234,91442346213	734,602033706869
4202	751,241471963791	676,550917136603	1	1248,75852803621	676,550917136603
4226	751,18760534224	733,751528046753	1	1248,81239465776	733,751528046753
4274	750,570491180878	660,551420566281	1	1249,42950881912	660,551420566281
4351	740,956881131169	656,293007046848	1	1259,04311886883	656,293007046848
4367	740,956881131169	656,293007046848	1	1259,04311886883	656,293007046848
4380	1210,08059188915	806,486596454781	1	789,91940811085	806,486596454781
4395	1238,86981970814	816,095742549323	1	761,130180291859	816,095742549323
4426	1237,88937602141	824,8029556289	1	762,110623978592	824,8029556289
4439	1193,53848878874	856,538296159846	1	806,461511211264	856,538296159846
4442	1183,82864839452	863,620054462339	1	816,171351605478	863,620054462339
4459	1191,74872098985	843,135043576488	1	808,251279010146	843,135043576488
4485	1192,73969902014	852,066741308248	1	807,260300979865	852,066741308248
4499	1178,40486244829	858,986915090994	1	821,595137551706	858,986915090994
4534	1187,47987382976	849,017956155652	1	812,520126170241	849,017956155652
4573	1186,99647674362	849,903934342004	1	813,003523256376	849,903934342004
4576	1176,14056519833	856,923728101504	1	823,859434801674	856,923728101504
4591	1172,23903097433	865,841721736881	1	827,760969025668	865,841721736881
4607	1198,99596961736	836,963437456601	1	801,004030382639	836,963437456601
4631	1297,35244159855	815,747483731426	1	702,647558401446	815,747483731426
4669	1289,54922583138	801,55695692036	1	710,450774168618	801,55695692036
4672	1393,74292063139	648,028516426866	1	606,257079368605	648,028516426866
4689	1384,91637846703	658,350142324746	1	615,083621532968	658,350142324746
4702	1379,25684796118	646,701379906239	1	620,74315203882	646,701379906239
4722	1376,60566965864	635,326165180901	1	623,39433034136	635,326165180901
4725	1365,16606368602	638,979591867576	1	634,833936313979	638,979591867576
4757	1360,90624794102	640,192156220843	1	639,093752058981	640,192156220843
4777	1361,9724656528	637,403267870117	1	638,027534347197	637,403267870117
4802	1356,95954604593	651,714729258829	1	643,040453954073	651,714729258829
4817	1309,51212282847	775,579276499049	1	690,487877171528	775,579276499049
4830	1309,15499901719	796,930811738819	1	690,845000982808	796,930811738819
4844	1336,94176409816	805,969921924113	1	663,058235901837	805,969921924113
4859	1342,91540716213	807,100626276075	1	657,084592837865	807,100626276075
4877	1354,67030949982	796,625548580224	1	645,329690500183	796,625548580224
4893	1351,87484983504	803,0211771662	1	648,125150164963	803,0211771662
5267	1211,26116410042	411,221391667271	1	788,738835899575	411,221391667271
5303	1222,45062670661	457,938189041199	1	777,549373293386	457,938189041199
5353	1224,77754349768	471,004229741582	1	775,222456502315	471,004229741582
5396	1166,27349811604	487,715679572868	1	833,726501883959	487,715679572868
5425	1156,56765969946	489,506042167561	1	843,43234030054	489,506042167561
5437	1088,07163299546	720,253291736721	1	911,928367004544	720,253291736721
5487	1057,19068713216	828,205714566571	1	942,809312867836	828,205714566571
5535	1057,16105334829	829,613938008206	1	942,838946651715	829,613938008206
5575	1070,36105050613	814,187886820354	1	929,63894949387	814,187886820354
5606	1073,43156121413	785,932174432294	1	926,56843878587	785,932174432294
5622	1068,84388653988	771,821193989885	1	931,156113460117	771,821193989885
5712	822,602271416426	670,755041850387	1	1177,39772858357	670,755041850387
5765	544,118640492263	626,732812403122	1	1455,88135950774	626,732812403122
5772	536,513832371803	607,364082715037	1	1463,4861676282	607,364082715037
5775	531,05971166221	593,472951204953	1	1468,94028833779	593,472951204953
5792	530,194046659638	597,990050418813	1	1469,80595334036	597,990050418813
5805	527,434226140178	652,312592063369	1	1472,56577385982	652,312592063369
5846	528,862112325659	617,708353096832	1	1471,13788767434	617,708353096832
5892	526,977591585558	658,016349010469	1	1473,02240841444	658,016349010469
5934	530,582919240309	645,572991519902	1	1469,41708075969	645,572991519902
5954	528,539783460443	652,842591118564	1	1471,46021653956	652,842591118564
5987	525,780892729917	646,006043923533	1	1474,21910727008	646,006043923533
5996	526,139899414219	645,63572951761	1	1473,86010058578	645,63572951761
6024	525,346337227057	646,997776350797	1	1474,65366277294	646,997776350797
6068	540,436293599039	663,761214641019	1	1459,56370640096	663,761214641019
6164	800,43363571167	858,083423265666	1	1199,56636428833	858,083423265666
6279	764,273977433979	873,049990153479	1	1235,72602256602	873,049990153479
6289	764,273977433979	873,049990153479	1	1235,72602256602	873,049990153479
6291	1123,97188499583	742,869321172832	1	876,028115004166	742,869321172832
6295	1169,79474541031	736,194579124401	1	830,20525458969	736,194579124401
6313	1119,55504047866	677,924840714113	1	880,444959521335	677,924840714113
6329	1129,2981739011	666,633883508826	1	870,701826098899	666,633883508826
6340	1111,42042709829	633,236460617141	1	888,579572901713	633,236460617141
6358	1109,05574996067	627,600977456564	1	890,944250039328	627,600977456564
6374	1106,80836865041	618,451074876789	1	893,191631349595	618,451074876789
6388	1117,12798191842	600,437292483981	1	882,872018081584	600,437292483981
6408	1116,26125188388	602,369645797618	1	883,738748116116	602,369645797618
6839	1396,77963503742	639,635951446523	1	603,220364962581	639,635951446523
6881	1224,50646459092	581,544417783809	1	775,493535409082	581,544417783809
6947	1224,50646459092	581,544417783809	1	775,493535409082	581,544417783809
6972	1125,80716664882	657,58667830692	1	874,192833351176	657,58667830692
6994	1108,22407213789	689,07699906049	1	891,775927862114	689,07699906049
7065	1056,87436953051	812,04639876723	1	943,125630469495	812,04639876723
7090	1111,75375139057	823,807853176805	1	888,246248609425	823,807853176805
7117	1111,59019128595	818,644501749162	1	888,409808714047	818,644501749162
7157	1108,18586979111	814,77781020267	1	891,814130208891	814,77781020267
7204	1091,40579297068	761,953889679644	1	908,594207029321	761,953889679644
7238	1070,66665103782	739,065902140101	1	929,333348962179	739,065902140101
7273	999,842586499105	682,657789289291	1	1000,15741350089	682,657789289291
7290	966,221512871299	644,182368398701	1	1033,7784871287	644,182368398701
7356	958,764349416906	626,319291951435	1	1041,23565058309	626,319291951435
7383	998,40842532637	573,951094542437	1	1001,59157467363	573,951094542437
7389	958,894643910119	760,918375255066	1	1041,10535608988	760,918375255066
7405	952,604009013652	737,76290154758	1	1047,39599098635	737,76290154758
7430	940,751092823601	748,444082886923	1	1059,2489071764	748,444082886923
7446	928,710414138093	745,017370303985	1	1071,28958586191	745,017370303985
7449	932,326014305512	720,247595411943	1	1067,67398569449	720,247595411943
7466	932,445767655706	734,265701325743	1	1067,55423234429	734,265701325743
7494	940,327018745348	860,044885189495	1	1059,67298125465	860,044885189495
7633	938,078313043588	913,676285638295	1	1061,92168695641	913,676285638295
7788	672,7988727656	656,675806505858	1	1327,2011272344	656,675806505858
7829	672,002502243882	691,687984989803	1	1327,99749775612	691,687984989803
7989	956,334303575041	705,355444263162	1	1043,66569642496	705,355444263162
8009	1248,33107364988	741,741315831911	1	751,668926350121	741,741315831911
8038	1232,3268205259	765,652368336102	1	767,6731794741	765,652368336102
8064	1193,91491480382	804,400628670438	1	806,085085196183	804,400628670438
8084	1187,4367681681	810,639291274594	1	812,563231831898	810,639291274594
8098	1213,61860062506	787,16474393865	1	786,38139937494	787,16474393865
8144	1180,23346836399	821,844957646377	1	819,766531636013	821,844957646377
8186	1185,6544182607	832,373990214418	1	814,3455817393	832,373990214418
8199	1190,87808144735	816,466563350287	1	809,121918552646	816,466563350287
8228	1199,63162466245	794,412813985446	1	800,368375337547	794,412813985446
8258	1200,97814653603	785,110011252506	1	799,021853463966	785,110011252506
8271	1240,85482717152	514,237733804773	1	759,145172828479	514,237733804773
8289	1229,48682893282	583,818642023955	1	770,513171067179	583,818642023955
8294	1235,11013653033	557,29193160803	1	764,889863469669	557,29193160803
8320	1236,02785814391	567,485675875071	1	763,97214185609	567,485675875071
8341	1243,87632417289	522,971720307654	1	756,123675827112	522,971720307654
8361	1245,19631204909	508,87566924804	1	754,803687950914	508,87566924804
8400	1203,0954411868	682,05478067269	1	796,904558813195	682,05478067269
8419	1188,58691479814	720,665910132403	1	811,41308520186	720,665910132403
8442	1184,65473730977	694,365123968066	1	815,345262690234	694,365123968066
8460	1173,99875049612	571,807858302505	1	826,001249503881	571,807858302505
8493	1125,91935379602	684,725776653829	1	874,080646203975	684,725776653829
8504	1126,46378598062	679,642886211751	1	873,53621401938	679,642886211751
8549	1129,33775646259	792,779947303934	1	870,662243537406	792,779947303934
8599	1128,10962310923	829,98800293752	1	871,890376890773	829,98800293752
8639	1145,35228827625	808,152879814361	1	854,647711723753	808,152879814361
8645	1160,40221448929	785,879081461709	1	839,597785510714	785,879081461709
8724	1145,16756243101	549,00759703367	1	854,832437568991	549,00759703367
9025	1138,11129968143	293,418978668663	1	861,888700318568	293,418978668663
9079	1138,11129968143	293,418978668663	1	861,888700318568	293,418978668663
9096	1206,837971889	296,682466086316	1	793,162028111003	296,682466086316
9104	1219,37708426338	297,27788609063	1	780,622915736625	297,27788609063
9107	1254,9267554956	311,100123705655	1	745,073244504402	311,100123705655
9175	1265,66067297482	315,194832993732	1	734,339327025182	315,194832993732
9217	1265,66067297482	315,194832993732	1	734,339327025182	315,194832993732
9310	1293,79938119438	307,174310146399	1	706,200618805623	307,174310146399
9328	1293,79938119438	307,174310146399	1	706,200618805623	307,174310146399
9431	1373,53784258697	678,037137729013	1	626,462157413026	678,037137729013
9453	1362,81603964401	669,561790707172	1	637,183960355987	669,561790707172
9493	1362,58961830558	674,880626390484	1	637,410381694418	674,880626390484
9510	1362,64809118446	673,507047217976	1	637,35190881554	673,507047217976
9531	1361,69004511918	771,013586152573	1	638,309954880822	771,013586152573
9546	1356,95673441821	783,345413793904	1	643,043265581788	783,345413793904
9588	1316,65453585689	630,827503837303	1	683,345464143111	630,827503837303
9602	1298,4451342386	619,376476557027	1	701,5548657614	619,376476557027
9626	1257,91581587029	593,961719752562	1	742,084184129714	593,961719752562
9628	1255,3394534534	548,230433380704	1	744,660546546598	548,230433380704
9646	1248,92635597583	545,107453495261	1	751,073644024174	545,107453495261
9671	1238,98201998101	539,516648533376	1	761,01798001899	539,516648533376
9694	1237,1933273262	541,428339683824	1	762,806672673796	541,428339683824
9705	1237,37517145181	545,573906414504	1	762,624828548188	545,573906414504
9760	1210,98260386236	584,211838965993	1	789,017396137642	584,211838965993
9803	1207,98509715059	586,325866601136	1	792,014902849413	586,325866601136
9854	1207,98509715059	586,325866601136	1	792,014902849413	586,325866601136
9899	1208,84800389361	629,963364646527	1	791,151996106392	629,963364646527
9957	1300,5763787195	688,078020434026	1	699,423621280504	688,078020434026
9988	1347,68778286261	688,555202299801	1	652,312217137394	688,555202299801
