47	1116,74919251871	429,765021427706	1	883,25080748129	429,765021427706
92	1118,27993053449	613,661936134099	1	881,720069465514	613,661936134099
105	1168,99597677581	525,082661080348	1	831,004023224188	525,082661080348
133	1138,64599344038	614,778060663271	1	861,354006559625	614,778060663271
162	1138,91026518467	570,716224435912	1	861,089734815333	570,716224435912
202	1148,13792958797	497,781556338968	1	851,86207041203	497,781556338968
215	1177,68305283013	482,669613691473	1	822,316947169867	482,669613691473
235	1282,21586363425	464,938666487842	1	717,784136365749	464,938666487842
254	1340,22382676445	512,36828458434	1	659,776173235553	512,36828458434
257	1346,61803675987	574,135725078771	1	653,381963240133	574,135725078771
272	1356,95257661412	582,375727837517	1	643,047423385879	582,375727837517
289	1366,08366065076	589,054618137884	1	633,916339349237	589,054618137884
309	1375,07318694744	706,07666870997	1	624,926813052565	706,07666870997
323	1380,73478360295	678,137533194	1	619,265216397049	678,137533194
347	1397,95831456235	659,525616042057	1	602,041685437649	659,525616042057
377	1406,38543884411	643,476690309451	1	593,614561155888	643,476690309451
381	1434,25911532728	588,498574654848	1	565,740884672721	588,498574654848
394	1391,41778244282	692,977992027421	1	608,582217557178	692,977992027421
413	1395,32206679897	684,775964164652	1	604,677933201031	684,775964164652
426	1394,13833866184	685,662223010173	1	605,861661338158	685,662223010173
447	1397,88254596593	672,048561840534	1	602,117454034069	672,048561840534
452	1398,77369759666	664,254513130173	1	601,226302403337	664,254513130173
468	1397,66819773748	658,819077901716	1	602,331802262521	658,819077901716
498	1394,92632844263	660,799014632507	1	605,073671557368	660,799014632507
527	1390,04811008168	663,924076897803	1	609,951889918319	663,924076897803
531	1390,66954863721	664,636915036026	1	609,330451362792	664,636915036026
550	1390,86350243492	664,806887546823	1	609,136497565082	664,806887546823
564	1392,0024029529	666,192581607963	1	607,997597047098	666,192581607963
593	1395,37683693223	674,329934933619	1	604,623163067766	674,329934933619
595	1395,85794881923	676,59966245358	1	604,142051180774	676,59966245358
606	1399,15601561917	677,409612753524	1	600,843984380831	677,409612753524
621	1398,42762749653	668,822753917915	1	601,572372503467	668,822753917915
652	1396,24015628061	672,657595505063	1	603,759843719388	672,657595505063
664	1395,86835692191	665,697888228737	1	604,131643078088	665,697888228737
720	1392,22233221741	665,884609960371	1	607,777667782588	665,884609960371
726	1310,9045826119	684,657934050824	1	689,095417388097	684,657934050824
732	1292,09201963076	683,623923509773	1	707,907980369242	683,623923509773
734	1274,40251401662	682,910483872966	1	725,597485983379	682,910483872966
745	1276,56893534037	688,202012792869	1	723,43106465963	688,202012792869
748	1278,16711044932	678,322738213564	1	721,832889550677	678,322738213564
767	1267,34403145457	672,413233404359	1	732,655968545427	672,413233404359
809	1253,31716132516	684,62460156429	1	746,682838674844	684,62460156429
831	1254,68163222194	687,408670217406	1	745,318367778059	687,408670217406
845	1284,01497718982	626,113477651646	1	715,985022810175	626,113477651646
865	1290,00275286434	615,593788894402	1	709,997247135656	615,593788894402
893	1278,61905707594	643,061878395568	1	721,380942924063	643,061878395568
897	1250,22308561446	708,44462985188	1	749,776914385539	708,44462985188
903	1250,75191346429	704,099066639401	1	749,24808653571	704,099066639401
935	1254,83549088471	692,268427414348	1	745,164509115286	692,268427414348
949	1262,55947717785	678,113912692381	1	737,440522822148	678,113912692381
963	1258,64203629015	674,799287684359	1	741,357963709846	674,799287684359
982	1264,10599796845	642,982262136051	1	735,894002031554	642,982262136051
996	1255,32084248822	606,285180163481	1	744,67915751178	606,285180163481
1024	1147,06393548707	652,806010040554	1	852,936064512931	652,806010040554
1041	1081,24027149686	664,388482287605	1	918,75972850314	664,388482287605
1050	1055,71145685821	661,155442639205	1	944,288543141788	661,155442639205
1056	1026,43885810239	674,682007373387	1	973,561141897613	674,682007373387
1067	1011,66997819911	677,059021057347	1	988,330021800895	677,059021057347
1115	874,238261016738	693,375389032922	1	1125,76173898326	693,375389032922
1122	861,083945945182	729,807249320396	1	1138,91605405482	729,807249320396
1146	857,662685611922	728,59863034325	1	1142,33731438808	728,59863034325
1164	872,204199774551	681,313317316449	1	1127,79580022545	681,313317316449
1169	871,231330632339	686,252751894554	1	1128,76866936766	686,252751894554
1177	880,396891538372	644,37756238723	1	1119,60310846163	644,37756238723
1209	878,566101888133	593,359326128508	1	1121,43389811187	593,359326128508
1225	868,103608623534	641,988679347855	1	1131,89639137647	641,988679347855
1227	868,201215184585	646,429021138582	1	1131,79878481541	646,429021138582
1249	814,902887056941	771,467873886267	1	1185,09711294306	771,467873886267
1269	739,381534473664	812,721311029634	1	1260,61846552634	812,721311029634
1294	729,593608937102	815,318767678256	1	1270,4063910629	815,318767678256
1326	707,832262212948	741,30262882099	1	1292,16773778705	741,30262882099
1339	682,783233992853	747,434834119329	1	1317,21676600715	747,434834119329
1354	663,681060943595	737,655991576541	1	1336,3189390564	737,655991576541
1366	624,16378745578	740,118941370392	1	1375,83621254422	740,118941370392
1409	514,267546743682	821,571400660267	1	1485,73245325632	821,571400660267
1444	521,299902527906	812,458488481139	1	1478,70009747209	812,458488481139
1468	517,979384235901	803,609444403539	1	1482,0206157641	803,609444403539
1476	485,315334482208	775,54414316735	1	1514,68466551779	775,54414316735
1520	484,84029999163	778,30065051392	1	1515,15970000837	778,30065051392
1551	497,64500918005	823,334375664908	1	1502,35499081995	823,334375664908
1559	498,770091306842	823,608527275906	1	1501,22990869316	823,608527275906
1592	497,036806948123	816,275797751452	1	1502,96319305188	816,275797751452
1615	480,375600157268	781,011457827644	1	1519,62439984273	781,011457827644
1624	476,266099113684	772,667764263945	1	1523,73390088632	772,667764263945
1635	373,148489382574	577,034545119138	1	1626,85151061743	577,034545119138
1650	337,494492338242	490,058490671714	1	1662,50550766176	490,058490671714
1669	292,031134700448	389,348558145165	1	1707,96886529955	389,348558145165
1719	273,411909799001	354,70340715076	1	1726,588090201	354,70340715076
1725	277,347778579034	312,294415917461	1	1722,65222142097	312,294415917461
1728	286,615760577171	296,295105936238	1	1713,38423942283	296,295105936238
1742	376,913394584145	397,348721630272	1	1623,08660541586	397,348721630272
1759	382,646685769845	376,733804774937	1	1617,35331423016	376,733804774937
1784	387,757210720872	430,421416432899	1	1612,24278927913	430,421416432899
1802	402,363364787321	456,130309093502	1	1597,63663521268	456,130309093502
1815	409,216116439088	441,095843863854	1	1590,78388356091	441,095843863854
1855	372,785411143715	480,595930049882	1	1627,21458885628	480,595930049882
1872	333,305511893021	365,262623619281	1	1666,69448810698	365,262623619281
1887	332,973517742316	359,332194501744	1	1667,02648225768	359,332194501744
1917	324,277201592198	488,760076874261	1	1675,7227984078	488,760076874261
2271	1277,36445059668	64,2853248296723	0			722,635549403317	64,2853248296723
2301	1239,05582366252	592,512569463009	1	760,94417633748	592,512569463009
2320	1270,44859217594	462,857073329264	1	729,551407824059	462,857073329264
2345	1278,66280755853	418,832533324577	1	721,33719244147	418,832533324577
2362	1269,57742638164	367,960170373159	1	730,422573618356	367,960170373159
2370	1239,81011208717	319,517413290282	1	760,189887912831	319,517413290282
2390	1263,86012026931	328,869944890129	1	736,139879730691	328,869944890129
2405	1287,83887104781	338,181757296345	1	712,161128952191	338,181757296345
2417	1302,41303859996	359,725531566379	1	697,586961400036	359,725531566379
2443	1331,86201739768	376,487676355163	1	668,137982602323	376,487676355163
2472	1410,91559270338	410,587432575017	1	589,084407296625	410,587432575017
2480	1463,86301619089	473,948858827272	0			536,136983809114	473,948858827272
2495	1484,46977632083	505,390816592821	0			515,530223679166	505,390816592821
2504	1464,94335901009	533,942498046874	0			535,056640989915	533,942498046874
2523	1457,89797558134	542,789613685585	0			542,102024418663	542,789613685585
2552	1456,42582321966	548,551813485721	0			543,574176780336	548,551813485721
2558	1449,45112692442	532,698522555349	1	550,548873075581	532,698522555349
2594	1451,43964852726	547,0945685564	1	548,56035147274	547,0945685564
2620	1453,39848862944	531,73027959798	0			546,601511370561	531,73027959798
2652	1441,84226060487	538,709568311531	1	558,157739395126	538,709568311531
2655	1424,62386248261	566,65905126023	1	575,376137517392	566,65905126023
2663	1431,46969190011	548,624408295778	1	568,530308099888	548,624408295778
2685	1433,32902930374	550,114239843818	1	566,67097069626	550,114239843818
2686	1430,32474515402	555,389524767022	1	569,675254845978	555,389524767022
2688	1433,06034057209	568,697071642629	1	566,939659427913	568,697071642629
2711	1432,67549824278	586,092888099442	1	567,324501757221	586,092888099442
2726	1445,48578902098	601,225798886867	1	554,51421097902	601,225798886867
2749	1443,40041986174	606,227903135478	1	556,599580138261	606,227903135478
2766	1435,27541239437	607,768657102771	1	564,724587605634	607,768657102771
2784	1425,71162024783	612,355747393671	1	574,288379752166	612,355747393671
2798	1423,41345716952	613,661966712244	1	576,586542830479	613,661966712244
2812	1424,73536953102	612,406254465777	1	575,264630468978	612,406254465777
2826	1423,37673711631	612,198383194961	1	576,623262883686	612,198383194961
2842	1409,96158697153	611,347119663362	1	590,038413028473	611,347119663362
2856	1403,95235162494	612,753905359451	1	596,047648375065	612,753905359451
2868	1328,68090576188	633,038192347783	1	671,31909423812	633,038192347783
2900	1288,58596752298	638,188746837957	1	711,414032477025	638,188746837957
2920	1242,07411534273	673,177451640269	1	757,925884657273	673,177451640269
2927	1234,51961687499	652,217704204183	1	765,480383125007	652,217704204183
2957	1216,41158230874	682,068841679183	1	783,588417691259	682,068841679183
2969	1217,14466149621	691,74498948262	1	782,855338503791	691,74498948262
2974	1219,40512174448	668,311551267528	1	780,594878255524	668,311551267528
2992	1221,56509814767	654,601147047449	1	778,434901852327	654,601147047449
3018	1221,37906051637	670,085305453902	1	778,620939483635	670,085305453902
3024	1226,26051938463	613,893662551394	1	773,739480615373	613,893662551394
3051	1229,43077986094	601,269937361489	1	770,569220139064	601,269937361489
3065	1230,51103076014	599,680393871599	1	769,488969239862	599,680393871599
3086	1241,60948498095	639,806070122786	1	758,39051501905	639,806070122786
3095	1223,22619327744	680,271427460814	1	776,773806722557	680,271427460814
3129	1232,17629069846	662,521293006385	1	767,823709301539	662,521293006385
3135	1226,93609347896	657,939291565252	1	773,063906521036	657,939291565252
3153	1234,0908057527	650,249169665165	1	765,909194247301	650,249169665165
3157	1219,53329252465	655,383162214077	1	780,466707475346	655,383162214077
3172	1199,87622118004	620,984564612875	1	800,123778819956	620,984564612875
3206	1212,67279710509	657,230755923506	1	787,327202894908	657,230755923506
3212	1207,74867815362	634,479429989941	1	792,251321846379	634,479429989941
3237	1204,45141392485	633,158073665385	1	795,548586075148	633,158073665385
3254	1204,57641780703	620,961947893554	1	795,423582192971	620,961947893554
3258	1223,32353321128	606,174472848999	1	776,676466788723	606,174472848999
3277	1231,10503392447	583,04463940838	1	768,894966075526	583,04463940838
3291	1304,31997226016	590,571739615972	1	695,680027739841	590,571739615972
3307	1294,72233595723	620,73664392588	1	705,277664042767	620,73664392588
3328	1305,90474283271	617,167487166908	1	694,095257167286	617,167487166908
3348	1316,46299939803	611,494528183492	1	683,537000601968	611,494528183492
3357	1318,08925529297	603,747381555562	1	681,910744707028	603,747381555562
3378	1325,88509666651	553,186256364493	1	674,114903333488	553,186256364493
3767	1256,22376870955	286,237377528442	1	743,776231290453	286,237377528442
3812	1291,80050945591	335,878360804714	1	708,199490544094	335,878360804714
3845	1335,09634107632	334,130068150678	1	664,903658923685	334,130068150678
3851	1355,17165451073	342,386729882624	1	644,828345489271	342,386729882624
3869	1363,63954748418	359,481228555526	1	636,360452515817	359,481228555526
3887	1302,36668781891	544,941742264639	1	697,633312181086	544,941742264639
3921	1315,79351865459	508,968464719073	1	684,206481345412	508,968464719073
3923	1326,01005522899	487,748130949006	1	673,989944771009	487,748130949006
3944	1316,29498512647	511,935632526473	1	683,70501487353	511,935632526473
3964	1317,92851708059	503,947868542813	1	682,071482919411	503,947868542813
3978	1337,2868732717	529,638490970904	1	662,7131267283	529,638490970904
3993	1341,30297029288	531,321358561832	1	658,697029707123	531,321358561832
4007	1348,37345407833	544,900218289416	1	651,626545921669	544,900218289416
4021	1352,02405607865	534,076838016857	1	647,975943921354	534,076838016857
4038	1333,34711878487	524,256999398477	1	666,652881215127	524,256999398477
4058	1311,1988797324	526,619954924325	1	688,801120267601	526,619954924325
4083	1310,59418611672	518,284184579362	1	689,40581388328	518,284184579362
4118	1265,52987798586	524,406686118056	1	734,470122014137	524,406686118056
4120	1248,19273165364	528,592796930268	1	751,807268346358	528,592796930268
4123	1174,17489726391	532,740294321492	1	825,825102736088	532,740294321492
4152	1163,76200504353	520,785363167563	1	836,237994956467	520,785363167563
4167	1126,67153298177	521,828425928055	1	873,328467018232	521,828425928055
4181	1196,1540962889	524,514814590784	1	803,845903711097	524,514814590784
4210	1200,70874899582	552,481579419915	1	799,291251004184	552,481579419915
4218	1115,11953889807	543,275966405207	1	884,880461101933	543,275966405207
4232	1121,94002596804	549,535819135408	1	878,059974031963	549,535819135408
4246	1120,08383283407	541,159578114811	1	879,916167165931	541,159578114811
4262	1111,14712860467	558,548123756222	1	888,852871395326	558,548123756222
4277	1114,15548660797	552,099655818133	1	885,844513392029	552,099655818133
4293	1101,53673856759	521,127082194513	1	898,46326143241	521,127082194513
4308	1080,71522094398	559,27784438725	1	919,284779056019	559,27784438725
4337	1043,75147087793	537,862911676833	1	956,248529122075	537,862911676833
4354	1046,68794379939	572,21931109372	1	953,31205620061	572,21931109372
4370	1019,89424421387	563,799208266987	1	980,105755786127	563,799208266987
4395	976,082873083258	511,838895423102	1	1023,91712691674	511,838895423102
4421	973,220242470311	488,504239123621	1	1026,77975752969	488,504239123621
4439	953,227694535371	473,28172026515	1	1046,77230546463	473,28172026515
4447	952,166168094459	469,716526241186	1	1047,83383190554	469,716526241186
4483	950,811243347226	475,908712730849	1	1049,18875665277	475,908712730849
4518	954,300277103085	476,092543716656	1	1045,69972289692	476,092543716656
4574	948,706352337135	420,734043989636	1	1051,29364766286	420,734043989636
4630	948,167325609325	460,018328360972	1	1051,83267439068	460,018328360972
4640	948,167325609325	460,018328360972	1	1051,83267439068	460,018328360972
4667	895,239886445721	564,990973441657	1	1104,76011355428	564,990973441657
4712	963,808246589934	450,655167119053	1	1036,19175341007	450,655167119053
4752	907,187527062717	557,133578617322	1	1092,81247293728	557,133578617322
4770	786,160137974717	767,305067598022	1	1213,83986202528	767,305067598022
4799	683,600090628681	958,900617902552	1	1316,39990937132	958,900617902552
4802	679,048309890127	957,084580466232	1	1320,95169010987	957,084580466232
4818	675,148960098149	918,39131506664	1	1324,85103990185	918,39131506664
4850	656,04179232606	910,49915014573	1	1343,95820767394	910,49915014573
4865	663,367787341693	902,306601973335	1	1336,63221265831	902,306601973335
4888	663,084940882308	911,098249286074	1	1336,91505911769	911,098249286074
4920	690,02399352578	886,317077613603	1	1309,97600647422	886,317077613603
5006	658,904268826482	953,514599441612	1	1341,09573117352	953,514599441612
5045	660,392232851689	976,905607354706	0			1339,60776714831	976,905607354706
5056	660,392232851689	976,905607354706	0			1339,60776714831	976,905607354706
5061	1028,95705615418	660,147384044669	1	971,04294384582	660,147384044669
5070	1013,50119604054	673,269912650158	1	986,498803959456	673,269912650158
5094	1020,65468077518	672,230161481902	1	979,345319224823	672,230161481902
5109	994,215385816617	709,437314187272	1	1005,78461418338	709,437314187272
5147	963,208277482344	792,091793322317	1	1036,79172251766	792,091793322317
5161	962,731090110415	802,680750345118	1	1037,26890988958	802,680750345118
5179	1046,15556025697	693,736515054779	1	953,844439743034	693,736515054779
5207	1042,4989175778	700,135552877817	1	957,501082422201	700,135552877817
5210	1001,58378264358	773,70731255748	1	998,416217356424	773,70731255748
5225	1038,44935941491	746,712931053541	1	961,550640585092	746,712931053541
5272	1046,07201783227	699,796749105546	1	953,927982167726	699,796749105546
5289	1040,20986916626	735,667731788908	1	959,790130833744	735,667731788908
5293	1045,18351186494	733,571074631964	1	954,816488135059	733,571074631964
5296	1043,951713472	749,99009893372	1	956,048286528004	749,99009893372
5312	1049,65593767548	716,143462640332	1	950,344062324525	716,143462640332
5342	1050,2491883438	729,296620525263	1	949,7508116562	729,296620525263
5842	1344,73367339199	242,097092213501	1	655,26632660801	242,097092213501
5858	1260,27211803449	443,172180065241	1	739,727881965514	443,172180065241
5875	1223,59280305945	377,187620078468	1	776,40719694055	377,187620078468
5911	1198,22892903087	429,610054815559	1	801,771070969135	429,610054815559
5939	1220,3255019817	470,95866176708	1	779,674498018297	470,95866176708
5955	1223,17179777133	513,266455173247	1	776,828202228671	513,266455173247
5959	1199,70659444161	523,951981251518	1	800,293405558386	523,951981251518
5974	1199,7297061289	561,328537301025	1	800,270293871096	561,328537301025
5976	1200,92871846385	569,25684755088	1	799,071281536154	569,25684755088
5993	1170,33782514416	529,730280753462	1	829,662174855838	529,730280753462
6007	1163,99566675313	517,796887784094	1	836,004333246873	517,796887784094
6020	1173,63003319267	545,624353645622	1	826,36996680733	545,624353645622
6044	1191,41754195701	484,301152335726	1	808,582458042993	484,301152335726
6063	1185,19083871477	545,870662227911	1	814,809161285234	545,870662227911
6083	1189,9227612149	598,520472109217	1	810,077238785098	598,520472109217
6096	1188,08483097301	605,900753603751	1	811,915169026991	605,900753603751
6113	1176,21242287166	659,58908330178	1	823,787577128341	659,58908330178
6126	1173,56136421534	643,701677125968	1	826,438635784662	643,701677125968
6142	1175,41985228951	638,338289865429	1	824,580147710493	638,338289865429
6147	1155,79927979385	690,074586950416	1	844,200720206151	690,074586950416
6177	1163,32638402641	663,489781225979	1	836,673615973586	663,489781225979
6194	1150,94474550817	700,011848078877	1	849,05525449183	700,011848078877
6213	1147,09653253572	659,200281602979	1	852,903467464277	659,200281602979
6230	1145,26086400494	661,312043404536	1	854,739135995064	661,312043404536
6244	1134,20206928925	667,535844877505	1	865,797930710746	667,535844877505
6257	1134,64965075222	663,522553903786	1	865,350349247776	663,522553903786
6282	1131,98589402574	664,617913572519	1	868,014105974264	664,617913572519
6287	1103,32931989018	706,32287502795	1	896,670680109825	706,32287502795
6300	1101,71888530025	710,514816868787	1	898,28111469975	710,514816868787
6321	1101,87822427681	704,717297126229	1	898,121775723188	704,717297126229
6347	1115,70028328703	680,392083373659	1	884,299716712969	680,392083373659
6382	1124,26387636356	678,369620910545	1	875,73612363644	678,369620910545
6389	1114,4747963152	655,057047449589	1	885,525203684804	655,057047449589
6403	1112,64110457353	654,203526409808	1	887,358895426471	654,203526409808
6411	1106,10261427487	668,429609255392	1	893,897385725128	668,429609255392
6429	1086,11982939848	674,339876457065	1	913,880170601519	674,339876457065
6468	1083,11152308501	672,822292741967	1	916,888476914994	672,822292741967
6481	1051,64453305974	678,432113235224	1	948,355466940257	678,432113235224
6483	946,635663465043	703,690751577887	1	1053,36433653496	703,690751577887
6502	943,431172376172	701,393249854399	1	1056,56882762383	701,393249854399
6518	932,685496660926	706,660011510286	1	1067,31450333907	706,660011510286
6533	926,405415078367	710,147047913994	1	1073,59458492163	710,147047913994
6547	923,386539501857	703,862977750818	1	1076,61346049814	703,862977750818
6561	923,509801026924	695,118200455035	1	1076,49019897308	695,118200455035
6576	924,368188202891	691,42571734557	1	1075,63181179711	691,42571734557
6600	923,521718873473	688,608362236054	1	1076,47828112653	688,608362236054
6605	924,829072006087	687,379905185967	1	1075,17092799391	687,379905185967
6624	924,953110331285	685,88423556551	1	1075,04688966872	685,88423556551
6663	923,152990617248	671,044104388276	1	1076,84700938275	671,044104388276
6691	920,753650612558	665,416840917752	1	1079,24634938744	665,416840917752
6695	875,385965277368	740,632416323858	1	1124,61403472263	740,632416323858
6714	870,014875752971	739,127231574584	1	1129,98512424703	739,127231574584
6730	890,505802328921	683,955459722395	1	1109,49419767108	683,955459722395
6734	871,047630422858	737,757622407217	1	1128,95236957714	737,757622407217
6751	877,437127166539	728,23175528889	1	1122,56287283346	728,23175528889
6771	877,125708913452	705,615436334868	1	1122,87429108655	705,615436334868
6812	880,833929154769	538,483969384984	1	1119,16607084523	538,483969384984
6832	884,491695718058	651,290199919581	1	1115,50830428194	651,290199919581
6859	834,314329855005	620,097642142661	1	1165,685670145	620,097642142661
6878	773,28795436194	774,789259955839	1	1226,71204563806	774,789259955839
6896	766,64511942738	770,491630227545	1	1233,35488057262	770,491630227545
6958	782,177009915424	699,509973959642	1	1217,82299008458	699,509973959642
6965	741,89672650497	698,983257439859	1	1258,10327349503	698,983257439859
7003	744,911751076632	633,5343754647	1	1255,08824892337	633,5343754647
7005	660,457176735901	656,207487191521	1	1339,5428232641	656,207487191521
7007	632,825571476177	681,332537230539	1	1367,17442852382	681,332537230539
7043	614,706490789897	767,026121629846	1	1385,2935092101	767,026121629846
7459	1352,04841095267	170,069637622313	1	647,95158904733	170,069637622313
7491	1394,20794144417	177,813403766415	1	605,792058555825	177,813403766415
7497	1408,75403882607	213,662971947787	1	591,245961173926	213,662971947787
7517	1392,6015839684	272,188575475698	1	607,398416031601	272,188575475698
7559	1334,22372476826	358,260063588354	1	665,776275231739	358,260063588354
7604	1110,81944663362	493,681525527245	1	889,180553366385	493,681525527245
7622	1085,72252723116	484,016940408551	1	914,277472768844	484,016940408551
7641	1123,55423651105	517,72008565368	1	876,445763488954	517,72008565368
7655	1086,55982941828	588,192211739756	1	913,440170581723	588,192211739756
7670	1070,52189522537	589,164491100978	1	929,478104774632	589,164491100978
7696	1059,07243254728	556,518721644143	1	940,927567452715	556,518721644143
7722	1034,64084254915	565,313029998068	1	965,359157450855	565,313029998068
7725	1017,57094312164	590,825198074782	1	982,429056878356	590,825198074782
7751	1012,92386003014	644,551825055873	1	987,076139969862	644,551825055873
7767	1083,49252483335	599,902624429912	1	916,507475166653	599,902624429912
7776	1124,84216663024	581,868985235736	1	875,157833369755	581,868985235736
7789	1099,08498581093	588,058627051909	1	900,915014189074	588,058627051909
7806	1086,50391936713	593,258142643474	1	913,496080632865	593,258142643474
7816	1098,15929739326	606,981841078643	1	901,840702606739	606,981841078643
7845	1091,22723983568	610,229742223236	1	908,772760164319	610,229742223236
7860	1088,2556740887	626,646941453662	1	911,744325911298	626,646941453662
7932	1110,07492647371	635,701773143735	1	889,925073526285	635,701773143735
7939	1123,7520978491	764,945950065551	1	876,247902150903	764,945950065551
7945	1142,56537205098	692,18668887626	1	857,434627949022	692,18668887626
7952	1135,38478063732	720,863478776983	1	864,615219362681	720,863478776983
7954	1140,45898738435	713,196929416174	1	859,541012615653	713,196929416174
7971	1158,88429751977	612,478754024448	1	841,115702480225	612,478754024448
7999	1108,09438539559	731,333743660364	1	891,905614604411	731,333743660364
8017	1096,6298596172	749,073830241743	1	903,370140382801	749,073830241743
8032	1131,38950052415	674,100263561326	1	868,610499475851	674,100263561326
8050	1091,45875023293	795,445260837126	1	908,541249767074	795,445260837126
8063	1096,89115363103	781,665070517374	1	903,108846368973	781,665070517374
8079	1134,24351551049	645,948732944999	1	865,756484489509	645,948732944999
8088	1140,63334265248	630,249946276989	1	859,366657347516	630,249946276989
8108	1128,59551457286	670,057963835112	1	871,404485427136	670,057963835112
8122	1147,71174644669	630,438629158978	1	852,288253553311	630,438629158978
8152	1143,71433134657	638,810014262748	1	856,285668653429	638,810014262748
8168	1151,3267141713	627,130742282233	1	848,6732858287	627,130742282233
8176	1148,77378684095	646,417056178778	1	851,226213159052	646,417056178778
8194	1151,51997232883	642,326192686557	1	848,480027671166	642,326192686557
8212	1162,27103474899	610,107171657913	1	837,728965251008	610,107171657913
8219	1163,3306262075	592,359140177006	1	836,669373792496	592,359140177006
8246	1154,08802523007	624,193711553256	1	845,911974769931	624,193711553256
8253	1132,47144405121	696,811986858839	1	867,528555948792	696,811986858839
8268	1118,84533411541	729,459978369434	1	881,154665884589	729,459978369434
8298	1136,4273557552	680,887231339527	1	863,572644244804	680,887231339527
8328	1142,73560988509	658,609291675068	1	857,264390114906	658,609291675068
8360	1147,34759985508	652,505222371103	1	852,652400144918	652,505222371103
8369	1164,28020743756	617,013407770385	1	835,719792562444	617,013407770385
8375	1123,29499389941	691,960606435048	1	876,705006100588	691,960606435048
8393	1126,48009381536	636,97338047162	1	873,519906184638	636,97338047162
8401	1126,36233436241	658,509716196651	1	873,637665637586	658,509716196651
8418	1123,65879827441	670,310132885983	1	876,341201725586	670,310132885983
8452	1079,43435847061	770,081144937409	1	920,565641529385	770,081144937409
8462	1100,50652487784	711,609290831471	1	899,493475122165	711,609290831471
8488	1127,81172056107	664,340363531374	1	872,188279438928	664,340363531374
8489	1127,00831897242	688,099887253202	1	872,991681027581	688,099887253202
8513	1134,25431510472	673,398329025241	1	865,74568489528	673,398329025241
8526	1159,10202139017	625,741257523029	1	840,897978609834	625,741257523029
8541	1134,77455033032	686,028320458915	1	865,225449669678	686,028320458915
8564	1156,15452315078	640,489168520964	1	843,84547684922	640,489168520964
8583	1172,08182604227	605,453070005791	1	827,918173957732	605,453070005791
8598	1151,2403466103	665,456978290988	1	848,759653389702	665,456978290988
8612	1158,88502978322	639,261800401102	1	841,11497021678	639,261800401102
8625	1172,28413444136	592,224692013387	1	827,71586555864	592,224692013387
8645	1185,19521811961	557,565933723584	1	814,804781880391	557,565933723584
8660	1139,63028132199	641,220005034715	1	860,369718678012	641,220005034715
9091	1371,22925199737	115,850428715496	0			628,770748002629	115,850428715496
9135	1368,37359678398	166,098932133085	1	631,62640321602	166,098932133085
9152	1393,23652930059	213,966928773589	1	606,763470699413	213,966928773589
9210	1359,41024854085	375,0205310562	1	640,589751459155	375,0205310562
9228	1371,39853133211	353,219726982429	1	628,601468667894	353,219726982429
9246	1300,59195371861	508,991923756752	1	699,408046281393	508,991923756752
9258	1327,44487394905	536,517786682402	1	672,555126050946	536,517786682402
9275	1290,77071831581	549,221558738783	1	709,229281684186	549,221558738783
9284	1311,9543232567	547,335583917607	1	688,045676743305	547,335583917607
9304	1312,51793576026	566,928018525379	1	687,482064239739	566,928018525379
9323	1302,89598672369	583,509302274231	1	697,104013276315	583,509302274231
9359	1273,05212403309	628,862594284974	1	726,947875966909	628,862594284974
9366	1271,60829625324	640,640075536904	1	728,391703746759	640,640075536904
9380	1233,90028711772	684,796330650142	1	766,099712882278	684,796330650142
9393	1226,36837913018	698,400098008606	1	773,631620869825	698,400098008606
9408	1232,07334876967	691,687009617492	1	767,926651230331	691,687009617492
9424	1232,41372102446	684,285253833378	1	767,586278975537	684,285253833378
9440	1238,06296292103	668,516174730195	1	761,937037078972	668,516174730195
9455	1232,37511826027	697,52188306857	1	767,624881739734	697,52188306857
9467	1235,95619900908	667,006072912311	1	764,043800990924	667,006072912311
9503	1226,64257076651	688,825315355796	1	773,357429233493	688,825315355796
9513	1237,91158204769	669,800580125945	1	762,088417952307	669,800580125945
9539	1246,90696997125	676,443947394063	1	753,093030028746	676,443947394063
9542	1239,96971680267	691,318172339769	1	760,030283197334	691,318172339769
9572	1214,86778514671	718,478153447685	1	785,132214853287	718,478153447685
9581	1205,48277455354	725,975261147442	1	794,51722544646	725,975261147442
9587	1202,56597459064	729,548001465363	1	797,434025409362	729,548001465363
9606	1204,5562685669	705,52229594539	1	795,443731433099	705,52229594539
9613	1207,55020547306	723,848545387348	1	792,449794526942	723,848545387348
9666	1248,43664906742	706,21961812008	1	751,563350932583	706,21961812008
9671	1256,63656410165	707,223607688317	1	743,363435898349	707,223607688317
9690	1263,77383334308	708,8031533311	1	736,226166656916	708,8031533311
9693	1265,74576795723	710,551639088353	1	734,254232042775	710,551639088353
9716	1269,15965154917	709,498557750235	1	730,840348450834	709,498557750235
9719	1268,89061885781	711,226645587502	1	731,109381142193	711,226645587502
9739	1263,4063873092	711,673607638546	1	736,593612690804	711,673607638546
9755	1264,99305486609	713,076967812283	1	735,006945133906	713,076967812283
9768	1259,07124740157	720,171784520078	1	740,928752598433	720,171784520078
9800	1253,17523163076	734,331380736421	1	746,824768369239	734,331380736421
9839	1233,89801170049	803,944686815351	1	766,10198829951	803,944686815351
9844	1228,99279764296	769,459678132372	1	771,00720235704	769,459678132372
9846	1214,81507272956	727,447174473322	1	785,184927270441	727,447174473322
9860	1224,56767185321	706,08099437379	1	775,43232814679	706,08099437379
9881	1233,06152252646	680,919762886153	1	766,938477473542	680,919762886153
9913	1232,5963072696	670,600059343954	1	767,403692730395	670,600059343954
9927	1236,80236708377	665,014753974845	1	763,197632916233	665,014753974845
9956	1223,56958870571	684,798255188045	1	776,430411294293	684,798255188045
9966	1223,35969888698	685,137584453207	1	776,640301113021	685,137584453207
9980	1237,8737835834	638,33804742451	1	762,126216416601	638,33804742451
9997	1229,97827742831	673,263296873623	1	770,021722571687	673,263296873623
10018	1221,57039707223	691,469828657308	1	778,429602927769	691,469828657308
