116	731,395244907021	137,280320306796	1	1268,60475509298	137,280320306796
140	785,735130927324	171,076634984218	1	1214,26486907268	171,076634984218
175	942,493977385184	212,666097787455	1	1057,50602261482	212,666097787455
192	1050,2283485547	274,086357205568	1	949,771651445296	274,086357205568
217	1143,82496231324	334,40749900055	1	856,175037686755	334,40749900055
240	1178,93898589817	368,852711131855	1	821,061014101835	368,852711131855
265	1143,58627622452	363,149833065268	1	856,413723775479	363,149833065268
2820	802,470684051514	566,759488917583	1	1197,52931594849	566,759488917583
2841	806,00757598877	532,972078710406	1	1193,99242401123	532,972078710406
3638	1801,38109324434	521,678588542	0			198,618906755663	521,678588542
3668	1801,38109324434	521,678588542	0			198,618906755663	521,678588542
3694	1783,01289980602	513,084423304731	0			216,987100193984	513,084423304731
3711	1773,71924943067	508,736082394053	0			226,280750569325	508,736082394053
3877	650,701045064093	787,410653781866	1	1349,29895493591	787,410653781866
4229	1575,46536837581	513,095226363248	0			424,534631624191	513,095226363248
4250	674,41959319377	772,017132595611	1	1325,58040680623	772,017132595611
4266	686,887827289251	772,855868688635	1	1313,11217271075	772,855868688635
4312	694,807901958458	799,335860908699	1	1305,19209804154	799,335860908699
4401	709,957214157944	711,981363192357	1	1290,04278584206	711,981363192357
4995	1528,35515587075	254,602802309672	0			471,644844129248	254,602802309672
5003	1231,78311937449	364,330392394997	1	768,216880625506	364,330392394997
5035	1203,48062133533	386,29943354067	1	796,519378664672	386,29943354067
5051	1176,40521202801	416,32525841415	1	823,594787971992	416,32525841415
5070	1063,46275116035	403,386446365922	1	936,537248839648	403,386446365922
5093	1007,83988247468	397,34037719381	1	992,160117525322	397,34037719381
5118	956,822039857591	391,35692952332	1	1043,17796014241	391,35692952332
5133	937,743459186293	393,110604174603	1	1062,25654081371	393,110604174603
5135	894,220386124622	376,724869464828	1	1105,77961387538	376,724869464828
5158	924,31325791569	375,525278187943	1	1075,68674208431	375,525278187943
5170	1061,14439706059	361,160714978774	1	938,855602939413	361,160714978774
5217	1120,12179536069	350,70329891091	1	879,878204639308	350,70329891091
5269	1244,75753416193	373,031654949595	1	755,242465838068	373,031654949595
5296	1249,83875030409	373,061367664038	1	750,161249695909	373,061367664038
5304	1133,18541589788	278,058484537214	1	866,814584102125	278,058484537214
5321	844,658821722281	261,652259264437	1	1155,34117827772	261,652259264437
5323	811,525991426627	404,581048907653	1	1188,47400857337	404,581048907653
5346	790,128363889518	361,75984785338	1	1209,87163611048	361,75984785338
5350	787,858355706653	343,299084152983	1	1212,14164429335	343,299084152983
5365	781,865228009828	331,024213694354	1	1218,13477199017	331,024213694354
5384	856,033670583579	392,338635796855	1	1143,96632941642	392,338635796855
5426	827,906421862836	312,666953177519	1	1172,09357813716	312,666953177519
5448	827,833341972095	296,918200481648	1	1172,1666580279	296,918200481648
5472	911,570115591725	274,221394773558	1	1088,42988440828	274,221394773558
5488	901,175022659829	314,535453012162	1	1098,82497734017	314,535453012162
5504	859,590789574921	339,797696010815	1	1140,40921042508	339,797696010815
5527	806,20871131504	311,529780894225	1	1193,79128868496	311,529780894225
5536	810,378596690927	317,627893165275	1	1189,62140330907	317,627893165275
5562	882,518023849428	317,030922093084	1	1117,48197615057	317,030922093084
5575	972,462233977215	354,638626440378	1	1027,53776602278	354,638626440378
5620	858,011751302712	244,716577572837	1	1141,98824869729	244,716577572837
5647	1193,73004073691	409,5625445744	1	806,26995926309	409,5625445744
5665	1252,00820959873	438,599973874115	1	747,99179040127	438,599973874115
5712	1206,41780405583	401,495335249533	1	793,582195944174	401,495335249533
5776	1080,59678026085	362,969673481595	1	919,403219739153	362,969673481595
5798	1075,13883522799	376,209144903511	1	924,861164772009	376,209144903511
5800	1030,71879522625	413,736356863792	1	969,281204773753	413,736356863792
5830	1257,84545430765	410,759186336428	1	742,15454569235	410,759186336428
5872	1322,27678396681	409,801710689386	1	677,723216033188	409,801710689386
5892	1300,98687938257	410,186791099678	1	699,013120617431	410,186791099678
5918	816,21683203739	298,213029109365	1	1183,78316796261	298,213029109365
5939	918,503116863987	330,453123673164	1	1081,49688313601	330,453123673164
5979	851,156594058268	307,777550801147	1	1148,84340594173	307,777550801147
6013	771,017993949273	293,088786302048	1	1228,98200605073	293,088786302048
6029	827,666672571661	304,556845465586	1	1172,33332742834	304,556845465586
6035	851,799479851269	295,712206717468	1	1148,20052014873	295,712206717468
6066	919,301603923783	313,48218112331	1	1080,69839607622	313,48218112331
6116	1039,33284195291	348,111253582829	1	960,667158047095	348,111253582829
6131	1099,94546933953	367,19844410687	1	900,054530660472	367,19844410687
6165	1063,82913769213	334,385940831844	1	936,170862307869	334,385940831844
6187	864,256420852733	286,810220615445	1	1135,74357914727	286,810220615445
6223	953,39126176018	296,625154460178	1	1046,60873823982	296,625154460178
6250	801,791604744347	265,568734263199	1	1198,20839525565	265,568734263199
6274	1013,08797789032	310,195872068519	1	986,912022109684	310,195872068519
6281	1292,70560722335	370,375606431494	1	707,294392776647	370,375606431494
6324	1153,65561261585	283,402314774236	1	846,344387384148	283,402314774236
6338	1154,25985212971	308,843879506464	1	845,740147870294	308,843879506464
6391	1052,08361910897	253,683373116971	1	947,916380891025	253,683373116971
6428	1039,79521449768	175,079390847123	1	960,204785502322	175,079390847123
6461	917,07548939174	160,032676469003	1	1082,92451060826	160,032676469003
6486	878,993458688885	140,845323168023	1	1121,00654131112	140,845323168023
6504	1152,25632874796	473,908617496168	1	847,743671252043	473,908617496168
6520	1132,97861667204	468,24489883197	1	867,021383327965	468,24489883197
6554	1265,86521015132	369,223717463993	1	734,134789848683	369,223717463993
6565	1300,40646924995	367,69610706412	1	699,593530750052	367,69610706412
6613	1403,28584335352	233,29008664963	1	596,714156646478	233,29008664963
6639	1353,17690258297	227,688135892157	1	646,823097417034	227,688135892157
6667	1216,32277666909	227,411478014658	1	783,677223330915	227,411478014658
6745	1181,42228914309	244,218166678815	1	818,577710856911	244,218166678815
6748	1252,82456286091	288,120116083958	1	747,175437139088	288,120116083958
6809	1147,46792545895	304,304257075102	1	852,532074541049	304,304257075102
6828	887,249848966284	235,253563834054	1	1112,75015103372	235,253563834054
6834	901,222641860458	240,040931854783	1	1098,77735813954	240,040931854783
6863	948,652782728913	282,232562579946	1	1051,34721727109	282,232562579946
6880	958,365134341249	299,489849477722	1	1041,63486565875	299,489849477722
6925	1090,99640208405	420,242545559572	1	909,00359791595	420,242545559572
6957	1037,32643598219	378,665751995812	1	962,673564017812	378,665751995812
6977	895,776012581497	222,599462113434	1	1104,2239874185	222,599462113434
7013	914,425934505888	237,40230168499	1	1085,57406549411	237,40230168499
7034	1122,76636779378	576,238054704026	1	877,233632206222	576,238054704026
7070	980,819450162085	410,377915863166	1	1019,18054983792	410,377915863166
7089	1070,57194068586	248,23285126571	1	929,428059314143	248,23285126571
7116	1054,76727326519	355,610810951175	1	945,232726734809	355,610810951175
7155	1167,55179859959	203,814527587339	1	832,448201400405	203,814527587339
7171	1227,95684367177	270,359498969978	1	772,043156328231	270,359498969978
7173	1163,85201284697	340,948953041536	1	836,147987153028	340,948953041536
7201	1204,2318840315	267,514125000954	1	795,768115968498	267,514125000954
7237	1112,46331996612	373,044321702676	1	887,536680033878	373,044321702676
7255	1172,18056570715	285,648147425424	1	827,819434292848	285,648147425424
7273	1207,12578524562	232,31956455887	1	792,874214754375	232,31956455887
7296	1158,82278062019	196,209730656431	1	841,177219379812	196,209730656431
7961	1555,65497636023	-90,3859606040033	0			444,345023639765	-90,3859606040033
8003	1470,41900536003	-10,2135717849661	0			529,580994639968	-10,2135717849661
8054	1501,03276291815	-2,25023106717714	0			498,967237081848	-2,25023106717714
8143	1739,54580362561	45,4394084028669	0			260,454196374393	45,4394084028669
8190	1386,62022464098	-62,3773756328036	0			613,379775359021	-62,3773756328036
8195	1342,85936129148	-5,99480023731971	0			657,140638708519	-5,99480023731971
8235	1353,11569554411	52,7744856478847	0			646,884304455894	52,7744856478847
8274	1384,7220574944	156,555827950105	1	615,277942505604	156,555827950105
8323	1455,92520897208	130,283501886026	0			544,074791027918	130,283501886026
8335	1456,28128792476	130,363722379545	0			543,718712075243	130,363722379545
8373	1481,64660820739	101,532582888931	0			518,353391792607	101,532582888931
8378	1435,04323873676	110,414726135257	0			564,956761263242	110,414726135257
8423	1443,99924931671	119,678353531951	0			556,000750683293	119,678353531951
8434	1391,29165360281	122,828868621921	0			608,708346397195	122,828868621921
8472	1450,71077509158	127,173183907668	1	549,289224908415	127,173183907668
8489	1582,13123116282	83,3010024429177	0			417,868768837184	83,3010024429177
8500	1589,86998107392	76,8482232178401	0			410,130018926077	76,8482232178401
8593	1574,65591183758	67,8475710859342	0			425,344088162419	67,8475710859342
8607	1440,23265653444	361,168785725538	1	559,767343465564	361,168785725538
8624	1431,04562277893	454,672380784185	1	568,954377221073	454,672380784185
8629	1375,54087460808	439,737005142853	1	624,459125391917	439,737005142853
8648	1408,05871958995	442,470807978773	1	591,941280410048	442,470807978773
8668	1424,06121330898	428,095625725357	1	575,938786691015	428,095625725357
8684	1431,09999521702	438,88461841872	1	568,900004782977	438,88461841872
8710	1500,42290785783	342,110188647774	0			499,577092142174	342,110188647774
8725	1509,01230010664	329,42103197839	0			490,987699893357	329,42103197839
8749	1509,81364000214	300,132218047408	0			490,186359997856	300,132218047408
8755	1491,19901836534	335,32253812406	0			508,800981634664	335,32253812406
8776	1537,37667325179	296,082069387832	0			462,623326748212	296,082069387832
8783	1503,10438829651	363,474617835163	0			496,895611703494	363,474617835163
8817	1525,44110055866	353,522606878481	0			474,558899441337	353,522606878481
8842	1493,8611706429	467,616203932248	0			506,1388293571	467,616203932248
8866	1484,39982663202	459,66408273808	0			515,600173367978	459,66408273808
8878	1489,27593781317	344,966905767298	0			510,724062186833	344,966905767298
8908	1430,26494809275	496,590889067998	1	569,735051907255	496,590889067998
8970	1509,58982513028	463,743714918674	0			490,410174869724	463,743714918674
8973	1476,92396123921	478,476429868661	0			523,07603876079	478,476429868661
9043	1382,84117703742	448,264132628834	1	617,158822962576	448,264132628834
9218	1302,95524720621	693,539618127274	1	697,04475279379	693,539618127274
9246	1434,46025169397	327,580868839592	1	565,539748306028	327,580868839592
9270	1465,88956355436	197,034475762833	0			534,110436445636	197,034475762833
9309	1490,43376724005	238,006188125831	0			509,566232759949	238,006188125831
9346	1490,45183055635	158,971982913958	0			509,548169443647	158,971982913958
9362	1488,32951232125	251,148649620936	0			511,670487678753	251,148649620936
9371	1389,85744466425	446,779481026265	1	610,142555335752	446,779481026265
9402	1407,93504052055	430,619248281083	1	592,064959479449	430,619248281083
9429	1416,05517382167	391,528465856548	1	583,944826178327	391,528465856548
9519	1430,00521487554	366,71789322965	1	569,994785124461	366,71789322965
9521	1422,60053534441	374,011870833085	1	577,39946465559	374,011870833085
9524	1398,53754227233	415,611580407869	1	601,46245772767	415,611580407869
9539	1373,45563489916	611,303101862532	1	626,544365100836	611,303101862532
9551	1372,0456852244	614,739931780683	1	627,954314775602	614,739931780683
9581	1376,18847173143	617,14436384635	1	623,811528268571	617,14436384635
9634	1371,08640984621	617,455451684712	1	628,913590153792	617,455451684712
9679	1520,70599540268	569,989498944456	0			479,294004597323	569,989498944456
9682	1547,1098178133	561,961633280179	0			452,890182186699	561,961633280179
9718	1519,66550736719	554,071465736486	0			480,334492632806	554,071465736486
9728	1480,94406369865	572,431081531535	0			519,05593630135	572,431081531535
9766	1464,75269196618	558,789761873817	0			535,24730803382	558,789761873817
9773	1449,81287327256	549,281544208945	1	550,187126727437	549,281544208945
9807	1382,84183108688	603,346228263293	1	617,158168913125	603,346228263293
9823	1367,07441091343	640,866955204362	1	632,925589086573	640,866955204362
9857	1343,2670873436	628,799839876779	1	656,732912656395	628,799839876779
9871	1339,62393414412	636,466362117208	1	660,376065855876	636,466362117208
9889	1328,17790963718	667,981197952622	1	671,822090362815	667,981197952622
9908	1238,54360624356	893,058790871041	1	761,45639375644	893,058790871041
9951	1237,82854049993	901,64523673792	1	762,171459500068	901,64523673792
10003	1258,01282412565	860,338343055166	1	741,987175874354	860,338343055166
10012	1371,51246229013	688,495890045491	1	628,487537709874	688,495890045491
10018	1354,94514926876	741,657920781724	1	645,054850731235	741,657920781724
