3	1300,32631939884	641,00310641951	1	699,673680601163	641,00310641951
6	1298,39055748283	641,187214146358	1	701,60944251717	641,187214146358
29	1295,4844434865	640,800067208406	1	704,515556513499	640,800067208406
55	1293,43436183601	643,15859795303	1	706,565638163993	643,15859795303
97	1292,11253048686	641,686141683399	1	707,887469513142	641,686141683399
113	1294,61722439747	612,999056852461	1	705,382775602534	612,999056852461
124	1295,82729418818	615,262173476416	1	704,17270581182	615,262173476416
139	1296,36197560261	612,234152167837	1	703,63802439739	612,234152167837
164	1295,56820235846	622,601930996995	1	704,431797641541	622,601930996995
184	1292,35841649589	623,567656825453	1	707,641583504108	623,567656825453
195	1271,75506688482	631,934974353496	1	728,244933115185	631,934974353496
217	1255,5208853404	633,554231321124	1	744,479114659596	633,554231321124
230	1252,48374579462	633,677935210124	1	747,516254205382	633,677935210124
242	1241,57776435191	640,949168162461	1	758,422235648092	640,949168162461
255	1241,69644254551	645,868633629929	1	758,30355745449	645,868633629929
273	1239,74552571096	652,504205276398	1	760,254474289037	652,504205276398
288	1238,98063753201	655,542203148275	1	761,019362467991	655,542203148275
309	1240,39989822076	655,341867357541	1	759,600101779242	655,341867357541
329	1243,36352875825	653,729864656343	1	756,636471241754	653,729864656343
378	1245,59360198495	653,349194427932	1	754,406398015048	653,349194427932
387	1245,23567419723	653,455719291828	1	754,764325802767	653,455719291828
390	1245,00395069487	658,409022831448	1	754,996049305127	658,409022831448
399	1257,54179133998	658,047558634321	1	742,45820866002	658,047558634321
411	1257,70476885494	654,429550266986	1	742,295231145062	654,429550266986
426	1256,21467511059	649,573612128732	1	743,785324889409	649,573612128732
440	1254,48057718325	645,192577437446	1	745,519422816746	645,192577437446
453	1263,42682848258	577,268870400768	1	736,573171517417	577,268870400768
481	1255,28059641156	632,186261653246	1	744,719403588441	632,186261653246
497	1256,41953657311	625,675485446309	1	743,580463426894	625,675485446309
511	1260,77838926871	595,393968014604	1	739,221610731291	595,393968014604
550	1255,30433907702	613,71458695492	1	744,695660922981	613,71458695492
554	1246,74197234404	617,034941770711	1	753,258027655962	617,034941770711
571	1227,30764929066	635,41398045768	1	772,692350709339	635,41398045768
587	1222,59687919458	603,2131716659	1	777,403120805418	603,2131716659
606	1215,51565849178	627,806544449947	1	784,484341508224	627,806544449947
640	1141,87137709122	649,3669772152	1	858,128622908781	649,3669772152
682	1133,75893553634	658,161906914095	1	866,241064463663	658,161906914095
686	1118,36907127461	668,807697990673	1	881,630928725391	668,807697990673
716	1124,67310755857	640,581041759422	1	875,326892441425	640,581041759422
733	1139,99908378008	532,399105324901	1	860,000916219921	532,399105324901
782	1030,68282313913	735,251265594761	1	969,317176860867	735,251265594761
798	1033,15555785452	720,143138541101	1	966,844442145485	720,143138541101
816	1020,20882769766	748,321494246191	1	979,79117230234	748,321494246191
826	1021,81769952151	798,357669917493	1	978,182300478495	798,357669917493
842	1017,00999132865	756,808632158696	1	982,990008671349	756,808632158696
862	1029,48996571399	729,848931336099	1	970,510034286011	729,848931336099
870	1035,50288993157	711,574169443138	1	964,497110068435	711,574169443138
894	1030,47451259327	700,984167494404	1	969,525487406732	700,984167494404
906	1031,58670238914	693,479087416959	1	968,413297610856	693,479087416959
933	1025,09304826469	692,204681132848	1	974,906951735313	692,204681132848
947	1033,10966490104	693,508351612568	1	966,890335098961	693,508351612568
965	1023,37498798084	702,195392198172	1	976,625012019163	702,195392198172
985	1022,61705002303	700,347586110942	1	977,382949976973	700,347586110942
1000	1026,69595973399	697,993853240724	1	973,30404026601	697,993853240724
1036	1033,73263204203	683,750912976569	1	966,267367957966	683,750912976569
1043	1028,61826354243	721,537172919649	1	971,381736457567	721,537172919649
1049	1029,10764024995	711,93422958323	1	970,892359750049	711,93422958323
1060	1026,50994308514	723,09983339489	1	973,490056914857	723,09983339489
1117	1025,32731404061	733,773458127316	1	974,672685959393	733,773458127316
1145	1024,8069100199	731,235325055242	1	975,1930899801	731,235325055242
1169	1030,51510047187	722,072346463672	1	969,484899528133	722,072346463672
1172	1030,15459677063	719,751564681998	1	969,845403229366	719,751564681998
1174	1024,13660686371	719,107028548085	1	975,863393136287	719,107028548085
1178	1018,57728090338	716,432077365232	1	981,422719096624	716,432077365232
1186	1011,03604169911	713,252121760631	1	988,963958300887	713,252121760631
1201	1005,66571389091	714,873805959608	1	994,334286109092	714,873805959608
1232	985,794730672979	707,730819714277	1	1014,20526932702	707,730819714277
1246	988,822095766048	711,150879531552	1	1011,17790423395	711,150879531552
1275	802,06730715136	727,126502449318	1	1197,93269284864	727,126502449318
1282	784,470395286726	730,084420736454	1	1215,52960471327	730,084420736454
1318	761,993468577996	730,931253064435	1	1238,006531422	730,931253064435
1326	765,742396771056	731,899790500198	1	1234,25760322894	731,899790500198
1349	736,996277003866	815,945632477602	1	1263,00372299613	815,945632477602
1367	753,415427350433	769,533547995201	1	1246,58457264957	769,533547995201
1388	725,040601106615	857,316739140202	1	1274,95939889338	857,316739140202
1410	738,332386741542	820,818589295854	1	1261,66761325846	820,818589295854
1415	741,763368224168	827,014027737903	1	1258,23663177583	827,014027737903
1425	739,908997700953	845,422106726381	1	1260,09100229905	845,422106726381
1443	748,516036835592	802,868392290967	1	1251,48396316441	802,868392290967
1449	755,794510049178	763,79690408304	1	1244,20548995082	763,79690408304
1478	751,471542033475	829,979144146746	1	1248,52845796653	829,979144146746
1495	771,198636519425	764,016360890973	1	1228,80136348058	764,016360890973
1531	805,849557199353	718,082028046053	1	1194,15044280065	718,082028046053
1546	890,407764925821	692,317718262907	1	1109,59223507418	692,317718262907
1564	921,571679541399	704,711761513873	1	1078,4283204586	704,711761513873
1581	997,965579943253	659,121961995069	1	1002,03442005675	659,121961995069
1597	1021,89143666342	574,366872782138	1	978,108563336583	574,366872782138
1633	1012,42137675765	593,395875144827	1	987,578623242346	593,395875144827
1636	994,894977053551	629,209902559552	1	1005,10502294645	629,209902559552
1638	1013,51288363185	590,895281327791	1	986,487116368152	590,895281327791
1663	993,983461071987	626,783797543063	1	1006,01653892801	626,783797543063
1694	957,963451432419	674,470227877815	1	1042,03654856758	674,470227877815
1715	954,670289472469	677,757031161748	1	1045,32971052753	677,757031161748
1739	952,023886629702	672,247241057768	1	1047,9761133703	672,247241057768
1754	947,751023163698	673,378771344424	1	1052,2489768363	673,378771344424
1798	944,898463096455	675,654258170583	1	1055,10153690354	675,654258170583
1819	947,065541124386	672,655565791873	1	1052,93445887561	672,655565791873
1852	976,530828653914	647,309965123587	1	1023,46917134609	647,309965123587
1858	1006,0706325655	510,418599810498	1	993,929367434496	510,418599810498
1878	1004,38251456319	520,816262772566	1	995,617485436807	520,816262772566
1879	1002,3854146384	524,789846046343	1	997,614585361599	524,789846046343
1894	995,592188456134	551,683749352586	1	1004,40781154387	551,683749352586
1912	999,043146933875	543,195005332669	1	1000,95685306612	543,195005332669
1926	998,378390410726	553,280257286154	1	1001,62160958927	553,280257286154
1943	993,282335237688	572,673302397205	1	1006,71766476231	572,673302397205
1949	955,229768319147	597,443097846812	1	1044,77023168085	597,443097846812
1984	899,584159180841	646,901942233577	1	1100,41584081916	646,901942233577
2026	920,797125531768	679,827105319184	1	1079,20287446823	679,827105319184
2042	874,445877302022	659,693533969841	1	1125,55412269798	659,693533969841
2069	904,79415953093	662,561850865896	1	1095,20584046907	662,561850865896
2092	894,155694626449	657,978779855859	1	1105,84430537355	657,978779855859
2147	871,233514049232	697,870581682241	1	1128,76648595077	697,870581682241
2175	836,269596055675	756,494921883191	1	1163,73040394432	756,494921883191
2178	833,03733753677	717,57739057416	1	1166,96266246323	717,57739057416
2205	853,916620712761	619,390081393695	1	1146,08337928724	619,390081393695
2233	796,571856553542	584,685061951918	1	1203,42814344646	584,685061951918
2256	748,315915957331	548,543100940719	1	1251,68408404267	548,543100940719
2289	731,220933745812	524,600367933892	1	1268,77906625419	524,600367933892
2297	714,264042881184	533,888516778741	1	1285,73595711882	533,888516778741
2318	717,619775827906	532,282215245748	1	1282,38022417209	532,282215245748
2344	648,863065141287	637,42949180173	1	1351,13693485871	637,42949180173
2352	635,17640944507	657,049208042992	1	1364,82359055493	657,049208042992
2353	621,542900148234	676,482728637013	1	1378,45709985177	676,482728637013
2374	618,339206115255	613,278990969288	1	1381,66079388475	613,278990969288
2395	613,804457957172	689,699110268141	1	1386,19554204283	689,699110268141
2433	619,988397407883	829,806445834502	1	1380,01160259212	829,806445834502
2446	619,461405747367	833,886466867512	1	1380,53859425263	833,886466867512
2464	620,454039531766	726,372749481015	1	1379,54596046823	726,372749481015
2703	1294,12031945287	200,340665830723	1	705,879680547128	200,340665830723
2729	1310,75838453176	213,205759427838	1	689,241615468244	213,205759427838
2757	1310,75838453176	213,205759427838	1	689,241615468244	213,205759427838
2902	754,405163021149	924,139153570127	1	1245,59483697885	924,139153570127
2916	900,687912135448	715,329586408583	1	1099,31208786455	715,329586408583
2928	851,351292875373	770,602883946404	1	1148,64870712463	770,602883946404
2953	809,077014697381	808,484284423429	1	1190,92298530262	808,484284423429
2981	819,514503835154	759,184924627268	1	1180,48549616485	759,184924627268
3012	824,810941606341	641,384717881338	1	1175,18905839366	641,384717881338
3026	793,858006439981	780,812224033567	1	1206,14199356002	780,812224033567
3048	795,525750452574	765,763214446612	1	1204,47424954743	765,763214446612
3060	801,028542865358	750,266002992566	1	1198,97145713464	750,266002992566
3079	805,992334126677	737,302412369878	1	1194,00766587332	737,302412369878
3093	825,500683312656	714,003350012748	1	1174,49931668734	714,003350012748
3115	846,057195872868	699,460756423916	1	1153,94280412713	699,460756423916
3120	848,859071561363	699,045658828359	1	1151,14092843864	699,045658828359
3136	845,95748681684	702,14121972215	1	1154,04251318316	702,14121972215
3164	846,613193668532	706,576721724187	1	1153,38680633147	706,576721724187
3182	809,310715388699	817,276755767715	1	1190,6892846113	817,276755767715
3211	832,533998824192	750,059473355031	1	1167,46600117581	750,059473355031
3216	812,776273249947	789,401628431813	1	1187,22372675005	789,401628431813
3235	821,387186350038	761,878300876055	1	1178,61281364996	761,878300876055
3257	801,008146012408	806,525823847323	1	1198,99185398759	806,525823847323
3270	808,027921413165	777,847338830785	1	1191,97207858684	777,847338830785
3274	818,904929353787	738,390390778919	1	1181,09507064621	738,390390778919
3285	823,565607651376	712,993126953142	1	1176,43439234862	712,993126953142
3309	821,594076374912	711,337050941867	1	1178,40592362509	711,337050941867
3346	820,66697207685	711,735312086289	1	1179,33302792315	711,735312086289
3348	821,913981840571	710,016809875839	1	1178,08601815943	710,016809875839
3368	820,770123064279	710,699898078452	1	1179,22987693572	710,699898078452
3378	819,92920998179	707,628768847424	1	1180,07079001821	707,628768847424
3391	826,081854673598	709,483871755108	1	1173,9181453264	709,483871755108
3412	835,54785485168	726,305788495875	1	1164,45214514832	726,305788495875
3439	824,323529851264	730,27801509767	1	1175,67647014874	730,27801509767
3466	817,923332113033	728,49249486829	1	1182,07666788697	728,49249486829
3475	809,799724147114	742,769101124099	1	1190,20027585289	742,769101124099
3495	806,929791834049	748,913123711367	1	1193,07020816595	748,913123711367
3517	733,301354299838	840,556321685625	1	1266,69864570016	840,556321685625
3531	734,614495625606	819,881353576521	1	1265,38550437439	819,881353576521
3549	744,601314258294	780,313258102973	1	1255,39868574171	780,313258102973
3556	777,326680858212	711,482037737835	1	1222,67331914179	711,482037737835
3586	778,14141845107	710,397690006445	1	1221,85858154893	710,397690006445
3589	774,584599320179	719,105833935206	1	1225,41540067982	719,105833935206
3610	773,949925679958	718,770798853637	1	1226,05007432004	718,770798853637
3636	744,555932501889	857,961027645139	1	1255,44406749811	857,961027645139
3670	747,034883013663	768,617384935836	1	1252,96511698634	768,617384935836
3682	743,140345865683	784,195184278739	1	1256,85965413432	784,195184278739
3701	737,903470225092	751,115267700637	1	1262,09652977491	751,115267700637
3704	737,987394739733	732,348503722506	1	1262,01260526027	732,348503722506
3720	740,086046972462	733,634476253483	1	1259,91395302754	733,634476253483
3759	742,143629376103	741,940892386962	1	1257,8563706239	741,940892386962
3765	738,713318043652	738,089958902104	1	1261,28668195635	738,089958902104
3795	734,484791273634	743,369380254192	1	1265,51520872637	743,369380254192
3810	735,208834078861	812,207709116317	1	1264,79116592114	812,207709116317
3820	785,814517504699	858,414015769933	1	1214,1854824953	858,414015769933
3825	836,091215363073	872,831550442494	1	1163,90878463693	872,831550442494
3839	823,352045356928	854,265844129846	1	1176,64795464307	854,265844129846
3855	834,191339521298	840,679138211481	1	1165,8086604787	840,679138211481
3871	862,230933468342	839,719825503473	1	1137,76906653166	839,719825503473
3885	856,630037280807	780,455058793078	1	1143,36996271919	780,455058793078
3908	867,755350355607	786,012508997592	1	1132,24464964439	786,012508997592
3930	884,216402244536	769,705896993105	1	1115,78359775546	769,705896993105
3948	898,462739994368	761,355250223593	1	1101,53726000563	761,355250223593
3976	898,094776797569	822,402739727356	1	1101,90522320243	822,402739727356
3979	905,109581336337	842,145538849118	1	1094,89041866366	842,145538849118
4304	1188,23336999393	175,027764797571	1	811,766630006068	175,027764797571
4422	869,240854010227	570,478210735439	1	1130,75914598977	570,478210735439
4443	844,024658203125	550,1641273653	1	1155,97534179688	550,1641273653
4463	866,280373519092	541,15394681299	1	1133,71962648091	541,15394681299
4481	876,536539273093	550,216938106245	1	1123,46346072691	550,216938106245
4505	894,544755235638	556,174366521404	1	1105,45524476436	556,174366521404
4553	968,666379966257	639,637697085408	1	1031,33362003374	639,637697085408
4556	1035,21224123307	715,979621293409	1	964,787758766932	715,979621293409
4574	1034,16961949456	715,636403982085	1	965,830380505439	715,636403982085
4588	1057,76030659763	754,004219523412	1	942,239693402367	754,004219523412
4607	1066,71538809162	755,882583369397	1	933,284611908379	755,882583369397
4626	1057,84601445124	750,763534096644	1	942,153985548761	750,763534096644
4648	1060,81441744532	748,524667269417	1	939,185582554678	748,524667269417
4653	1062,12412638926	748,302125344725	1	937,875873610741	748,302125344725
4684	1060,68222520201	751,454807964152	1	939,31777479799	751,454807964152
4716	1057,59491454395	750,322418841805	1	942,405085456046	750,322418841805
4740	1056,41666391592	752,568994681002	1	943,583336084079	752,568994681002
4745	1056,39206636803	753,496973332139	1	943,607933631974	753,496973332139
4749	1053,88231886797	761,39704681508	1	946,117681132029	761,39704681508
4756	1051,62348299647	763,598515461894	1	948,376517003531	763,598515461894
4780	1051,61493341347	763,72284196982	1	948,385066586528	763,72284196982
4783	1050,76984355565	764,900697910067	1	949,230156444345	764,900697910067
4807	1047,41983718575	767,053568132556	1	952,580162814246	767,053568132556
4836	1031,39133889957	764,159625025176	1	968,608661100426	764,159625025176
4853	1014,24775304176	852,956824900421	1	985,752246958243	852,956824900421
4863	994,711873379866	781,074551466572	1	1005,28812662013	781,074551466572
4871	988,478010542194	775,563452014774	1	1011,52198945781	775,563452014774
4892	987,044034884807	787,544987082243	1	1012,95596511519	787,544987082243
4910	978,287305305657	744,500896309903	1	1021,71269469434	744,500896309903
4917	978,749104521539	745,27050654487	1	1021,25089547846	745,27050654487
4942	978,221435649351	744,11637981814	1	1021,77856435065	744,11637981814
4951	978,15429359255	742,567327808471	1	1021,84570640745	742,567327808471
4984	977,720237525074	743,353978018882	1	1022,27976247493	743,353978018882
4998	974,629275945515	742,360576456821	1	1025,37072405448	742,360576456821
5013	975,083629397644	738,42959000509	1	1024,91637060236	738,42959000509
5027	973,349478844913	732,94454162115	1	1026,65052115509	732,94454162115
5043	966,623149384945	728,466368991297	1	1033,37685061506	728,466368991297
5058	966,263687584198	727,967025188044	1	1033,7363124158	727,967025188044
5074	965,863832812805	726,570034283304	1	1034,13616718719	726,570034283304
5089	965,140656874991	728,123971283577	1	1034,85934312501	728,123971283577
5107	961,104190667785	729,122901633281	1	1038,89580933222	729,122901633281
5143	965,473962351014	725,515986544038	1	1034,52603764899	725,515986544038
5145	964,725483108259	726,597548679072	1	1035,27451689174	726,597548679072
5172	964,225242910534	725,676656776685	1	1035,77475708947	725,676656776685
5210	979,972965184707	717,063900852637	1	1020,02703481529	717,063900852637
5226	1011,10234900366	696,406235615821	1	988,897650996337	696,406235615821
5229	1014,11997330354	696,322423108297	1	985,880026696459	696,322423108297
5234	1017,75038179509	696,098637437263	1	982,249618204912	696,098637437263
5237	1019,68300644677	698,639039105589	1	980,316993553227	698,639039105589
5251	1022,35044675003	700,599661188445	1	977,649553249968	700,599661188445
5281	1036,28849715383	696,943059803843	1	963,711502846168	696,943059803843
5297	1044,69730081962	689,194928862962	1	955,30269918038	689,194928862962
5317	1044,71335952586	689,239063744363	1	955,286640474145	689,239063744363
5325	1049,7605963526	681,164869929245	1	950,239403647402	681,164869929245
5343	1063,32803329074	665,689999040432	1	936,671966709256	665,689999040432
5358	1059,61630589754	670,662067021659	1	940,383694102465	670,662067021659
5882	934,450908771996	511,952288338246	1	1065,549091228	511,952288338246
5911	1027,25792548417	489,26090217022	1	972,742074515827	489,26090217022
5913	1015,24166357278	602,696772361908	1	984,758336427219	602,696772361908
5928	993,511903392223	569,341871152338	1	1006,48809660778	569,341871152338
5949	1011,00242817444	520,587463027319	1	988,997571825555	520,587463027319
5960	1009,06447694249	594,609278260036	1	990,935523057507	594,609278260036
5982	1017,56307197608	565,083512639511	1	982,436928023917	565,083512639511
5987	1053,63776425856	566,204891522576	1	946,362235741435	566,204891522576
6005	1057,99014766064	556,429369126964	1	942,009852339355	556,429369126964
6033	1058,03538887707	573,120307753746	1	941,964611122934	573,120307753746
6049	1008,36422169509	704,096162970594	1	991,635778304906	704,096162970594
6064	1004,35394915049	643,249623512087	1	995,646050849506	643,249623512087
6076	933,750328267191	696,39357566956	1	1066,24967173281	696,39357566956
6091	932,387187296211	708,476756628714	1	1067,61281270379	708,476756628714
6110	933,406810435364	607,692438252954	1	1066,59318956464	607,692438252954
6129	932,329357823117	650,720802573575	1	1067,67064217688	650,720802573575
6142	926,59185814585	744,587814174365	1	1073,40814185415	744,587814174365
6162	923,159554233116	739,015191401196	1	1076,84044576688	739,015191401196
6216	925,010735476006	707,146841252739	1	1074,98926452399	707,146841252739
6218	919,497019129589	726,644459688274	1	1080,50298087041	726,644459688274
6223	916,974764360183	724,135179138808	1	1083,02523563982	724,135179138808
6227	907,718485192032	735,372067725428	1	1092,28151480797	735,372067725428
6242	915,181503430219	694,190277909848	1	1084,81849656978	694,190277909848
6258	916,316312062242	698,040169792929	1	1083,68368793776	698,040169792929
6273	928,451100353703	792,489365428865	1	1071,5488996463	792,489365428865
6294	939,775352550772	769,364165086598	1	1060,22464744923	769,364165086598
6303	958,36935340007	776,835052228883	1	1041,63064659993	776,835052228883
6329	976,496028211437	770,967771449044	1	1023,50397178856	770,967771449044
6349	1047,59164669644	711,7308362547	1	952,408353303557	711,7308362547
6357	1070,3601559172	710,792342712037	1	929,6398440828	710,792342712037
6374	1087,26141360933	712,003305686951	1	912,738586390668	712,003305686951
6390	1084,23663138139	722,483175320532	1	915,763368618605	722,483175320532
6405	1083,62760159904	721,964483134777	1	916,372398400956	721,964483134777
6443	1082,71643332206	722,948995997394	1	917,283566677938	722,948995997394
6447	1086,00912863953	719,67418571525	1	913,990871360475	719,67418571525
6479	1087,61385249612	718,713748799715	1	912,386147503882	718,713748799715
6481	1077,15365205766	718,878913023222	1	922,846347942342	718,878913023222
6496	1078,2718871891	718,453357761784	1	921,728112810901	718,453357761784
6518	1083,27016274255	715,033698427706	1	916,729837257452	715,033698427706
6523	1085,71736410843	715,176705470599	1	914,282635891566	715,176705470599
6542	1083,72724059436	718,239712340118	1	916,272759405637	718,239712340118
6557	1082,41152044786	720,952908202821	1	917,588479552141	720,952908202821
6569	1081,24518075632	720,685497862029	1	918,754819243677	720,685497862029
6590	1076,28806173132	718,630877517671	1	923,71193826868	718,630877517671
6610	1052,30252931566	722,922976594511	1	947,697470684338	722,922976594511
6646	994,0831711111	718,873325155227	1	1005,9168288889	718,873325155227
6699	949,512342976096	713,331044361088	1	1050,4876570239	713,331044361088
6717	917,177998622932	706,154083486133	1	1082,82200137707	706,154083486133
6748	947,080114077811	703,627527783604	1	1052,91988592219	703,627527783604
6750	945,459935370036	700,317250432019	1	1054,54006462996	700,317250432019
6756	942,523978991273	700,535927724627	1	1057,47602100873	700,535927724627
6774	930,635497102189	694,640018345785	1	1069,36450289781	694,640018345785
6812	903,97354569025	687,088507074929	1	1096,02645430975	687,088507074929
6814	876,630001933239	719,558236115649	1	1123,36999806676	719,558236115649
6833	851,850210111024	747,566656379588	1	1148,14978988898	747,566656379588
6846	807,647663181195	722,70292221047	1	1192,3523368188	722,70292221047
6871	799,141387974292	724,12375290453	1	1200,85861202571	724,12375290453
6880	788,933867866161	687,834045439048	1	1211,06613213384	687,834045439048
6883	788,26434880204	675,7808351437	1	1211,73565119796	675,7808351437
6901	781,365942061912	666,580963376794	1	1218,63405793809	666,580963376794
6934	776,89196091015	667,737364456623	1	1223,10803908985	667,737364456623
6946	774,412114980703	665,075805582155	1	1225,5878850193	665,075805582155
6958	776,26917827508	656,329636474888	1	1223,73082172492	656,329636474888
6977	769,432513318747	658,418615925784	1	1230,56748668125	658,418615925784
6998	767,432780223623	653,707673203189	1	1232,56721977638	653,707673203189
7010	765,740013608016	645,781409671597	1	1234,25998639198	645,781409671597
7028	765,543254931162	643,372296957149	1	1234,45674506884	643,372296957149
7032	762,236885791808	637,174874371928	1	1237,76311420819	637,174874371928
7076	749,367065420963	643,329357273495	1	1250,63293457904	643,329357273495
7131	737,445827486908	641,581319468511	1	1262,55417251309	641,581319468511
7150	684,179541459023	555,106889135117	1	1315,82045854098	555,106889135117
7154	695,545805003858	623,382612128623	1	1304,45419499614	623,382612128623
7170	655,109733942762	657,072368255563	1	1344,89026605724	657,072368255563
7215	665,337508162545	602,683764377938	1	1334,66249183746	602,683764377938
7253	685,476980420265	535,121706579229	1	1314,52301957974	535,121706579229
7256	681,365077335049	538,886470833187	1	1318,63492266495	538,886470833187
7590	1034,52387442481	564,537953644293	1	965,476125575192	564,537953644293
7623	1085,73017799353	725,085342313964	1	914,269822006472	725,085342313964
7638	1092,28216611679	732,543521446971	1	907,717833883212	732,543521446971
7653	1089,87484597316	711,222618727715	1	910,125154026841	711,222618727715
7684	1099,2755743853	688,704996557983	1	900,724425614702	688,704996557983
7712	1114,00659781771	652,98750783627	1	885,993402182286	652,98750783627
7716	1109,40366958217	658,376204298453	1	890,596330417834	658,376204298453
7764	1057,39264194401	648,235635685155	1	942,607358055993	648,235635685155
7768	1058,14822987428	714,1823017736	1	941,851770125716	714,1823017736
7800	1039,68557563017	725,78040755465	1	960,314424369829	725,78040755465
7802	1021,16209776454	776,482285741485	1	978,837902235461	776,482285741485
7805	1010,30812747436	800,442387616244	1	989,69187252564	800,442387616244
7832	974,079471383887	923,278515881908	1	1025,92052861611	923,278515881908
7854	976,708991179209	917,371338087911	1	1023,29100882079	917,371338087911
7866	972,630631069668	939,810960992834	1	1027,36936893033	939,810960992834
7881	971,148747717891	955,0560654074	1	1028,85125228211	955,0560654074
7885	968,878236509141	973,587947245081	0			1031,12176349086	973,587947245081
7914	967,919592631057	989,03844866771	0			1032,08040736894	989,03844866771
7930	967,458687886119	998,63456446207	0			1032,54131211388	998,63456446207
7937	966,238177716568	1004,40250613158	0			1033,76182228343	1004,40250613158
7948	965,153620290254	1007,51982109088	0			1034,84637970975	1007,51982109088
7978	957,587241786295	1019,99955674163	0			1042,41275821371	1019,99955674163
7993	957,003994011402	1021,46424281179	0			1042,9960059886	1021,46424281179
8008	951,89687607458	1023,44437266379	0			1048,10312392542	1023,44437266379
8019	938,723783023612	1028,95576761414	0			1061,27621697639	1028,95576761414
8041	954,953346444783	1021,88914647284	0			1045,04665355522	1021,88914647284
8054	977,56990238364	1008,7928592939	0			1022,43009761636	1008,7928592939
8071	1075,81697679287	949,788470952211	1	924,183023207132	949,788470952211
8089	1054,81705091549	961,450339121299	1	945,182949084507	961,450339121299
8107	1107,86315150313	929,903630512935	1	892,136848496869	929,903630512935
8135	1179,60207427712	890,892661436627	1	820,397925722876	890,892661436627
8157	1176,11740943493	891,85882954039	1	823,882590565072	891,85882954039
8162	1177,39497356496	893,650746068653	1	822,605026435045	893,650746068653
8183	1167,73232478831	887,92038639318	1	832,267675211695	887,92038639318
8190	1174,13433558284	891,606415042314	1	825,865664417165	891,606415042314
8214	1164,2666603544	889,761932210531	1	835,733339645598	889,761932210531
8219	1154,31990709736	885,047125510314	1	845,680092902642	885,047125510314
8254	1151,85204792118	884,042962447226	1	848,147952078815	884,042962447226
8256	1151,65166779612	882,979608871118	1	848,348332203878	882,979608871118
8279	1152,06406757892	870,679951559121	1	847,93593242108	870,679951559121
8311	1153,64959313618	872,743377965683	1	846,350406863821	872,743377965683
8327	1104,5621606055	803,463952020486	1	895,437839394505	803,463952020486
8340	1111,55223614901	828,700254181334	1	888,447763850993	828,700254181334
8347	1107,10071445279	815,367905821719	1	892,899285547212	815,367905821719
8362	1101,15466412525	792,085304360471	1	898,845335874753	792,085304360471
8377	1100,56428314949	792,286593054914	1	899,435716850509	792,286593054914
8391	1099,86965073575	790,295854144988	1	900,130349264245	790,295854144988
8406	1093,92166844342	757,198482909626	1	906,078331556579	757,198482909626
8429	1091,56098073082	750,311255086249	1	908,439019269176	750,311255086249
8446	1092,78044912847	751,780026781878	1	907,219550871529	751,780026781878
8466	1092,29314341381	749,401737159591	1	907,706856586192	749,401737159591
8478	1093,22091161376	744,37191614571	1	906,779088386241	744,37191614571
8506	1093,92720427275	738,66356775744	1	906,072795727251	738,66356775744
8510	1098,42275666204	729,464941142053	1	901,577243337957	729,464941142053
8516	1098,20990123831	731,226471972025	1	901,790098761693	731,226471972025
8551	1098,66472274673	731,88161991931	1	901,33527725327	731,88161991931
8771	1065,4180532906	193,773146027702	1	934,581946709395	193,773146027702
8838	1084,26160102523	262,090348336242	1	915,738398974767	262,090348336242
8853	1084,26160102523	262,090348336242	1	915,738398974767	262,090348336242
8893	1088,64813252174	383,09277674006	1	911,351867478257	383,09277674006
8912	1106,10320725263	464,545217235936	1	893,896792747375	464,545217235936
8929	1104,56444929709	489,663766040908	1	895,435550702909	489,663766040908
8943	1106,95443046331	551,853557093515	1	893,045569536691	551,853557093515
8956	1109,7103324411	567,162309495805	1	890,289667558902	567,162309495805
8972	1104,32228108369	603,595856681337	1	895,67771891631	603,595856681337
8990	1103,37561962255	575,248597362876	1	896,624380377451	575,248597362876
9006	1100,41376674555	561,387634749321	1	899,58623325445	561,387634749321
9041	1091,5936490905	554,229658791932	1	908,406350909501	554,229658791932
9077	1085,50897144863	535,118484147214	1	914,491028551368	535,118484147214
9081	1080,79202620301	542,694380988994	1	919,20797379699	542,694380988994
9083	1034,07466408239	563,094158258746	1	965,925335917611	563,094158258746
9107	1024,62392836273	564,360456904217	1	975,376071637271	564,360456904217
9109	995,566850245459	655,034821055452	1	1004,43314975454	655,034821055452
9128	995,467581035336	653,611654872123	1	1004,53241896466	653,611654872123
9146	994,472441498804	657,028451599936	1	1005,5275585012	657,028451599936
9150	1015,06806999046	661,957799031504	1	984,931930009541	661,957799031504
9186	1016,05283475398	669,708907679205	1	983,947165246016	669,708907679205
9191	1008,37030173554	676,276367934787	1	991,629698264457	676,276367934787
9212	989,79852406332	685,716605045214	1	1010,20147593668	685,716605045214
9228	1011,74061905249	673,181708866897	1	988,259380947508	673,181708866897
9247	995,101411590936	668,613938443089	1	1004,89858840906	668,613938443089
9263	1005,29286803419	670,205849214686	1	994,707131965814	670,205849214686
9279	1008,32076397545	618,958716392026	1	991,679236024553	618,958716392026
9282	1008,95268057103	613,115148528553	1	991,047319428971	613,115148528553
9550	1286,37248906503	112,948212344872	0			713,627510934972	112,948212344872
9553	1218,51052095975	169,276576798291	1	781,489479040251	169,276576798291
9578	1224,89332836052	191,782434899054	1	775,106671639484	191,782434899054
9588	1218,34344488261	243,098962336181	1	781,656555117394	243,098962336181
9604	1197,32296102304	345,964810583635	1	802,677038976958	345,964810583635
9634	1194,64787761343	352,343162926938	1	805,352122386575	352,343162926938
9646	1192,56446551874	353,895089456155	1	807,435534481262	353,895089456155
9665	1129,5718625288	582,017885498378	1	870,428137471197	582,017885498378
9677	1122,93988506084	491,031759361023	1	877,060114939158	491,031759361023
9695	1123,80149498835	517,416739373544	1	876,198505011649	517,416739373544
9705	1059,90161525822	534,285594570738	1	940,098384741782	534,285594570738
9723	1069,50866357883	526,800763645925	1	930,491336421172	526,800763645925
9736	1094,65744668491	588,112619029822	1	905,342553315089	588,112619029822
9754	1092,34570520241	608,781315881004	1	907,654294797589	608,781315881004
9784	1085,29555829039	613,327117666381	1	914,704441709607	613,327117666381
9794	1088,20078801585	644,582228190935	1	911,799211984155	644,582228190935
9821	1052,88962925991	683,600846977553	1	947,110370740091	683,600846977553
9842	996,189255151089	650,615134095536	1	1003,81074484891	650,615134095536
9869	975,943655494326	634,979816678377	1	1024,05634450567	634,979816678377
9905	988,037293635666	614,330274690269	1	1011,96270636433	614,330274690269
9957	1021,48077339052	571,934841178205	1	978,519226609476	571,934841178205
9963	997,641644931166	487,651210900042	1	1002,35835506883	487,651210900042
9971	998,439166827092	583,199532259835	1	1001,56083317291	583,199532259835
9987	993,793733379288	542,521716499591	1	1006,20626662071	542,521716499591
10008	990,635272383985	535,103338567884	1	1009,36472761601	535,103338567884
10010	992,547385472737	505,531019509927	1	1007,45261452726	505,531019509927
