11	1151,31696950209	774,968707092034	1	848,683030497908	774,968707092034
28	1156,9811174301	769,159798443893	1	843,0188825699	769,159798443893
37	1162,11986036179	793,245618196478	1	837,880139638208	793,245618196478
117	1217,66981638034	612,248121767117	1	782,330183619655	612,248121767117
127	1230,11741630821	570,494885686075	1	769,882583691794	570,494885686075
131	1205,08365392732	648,255515672106	1	794,916346072678	648,255515672106
133	1198,62420839697	667,898017183976	1	801,375791603033	667,898017183976
136	1154,91231554846	800,823452742251	1	845,087684451544	800,823452742251
152	1097,0591732297	889,855887444239	1	902,940826770302	889,855887444239
176	1036,69301203705	820,902419282534	1	963,306987962952	820,902419282534
203	1029,87803841525	812,433036254173	1	970,121961584754	812,433036254173
220	1021,29566683964	825,626596308524	1	978,704333160365	825,626596308524
247	1054,47489372315	782,096224230779	1	945,525106276853	782,096224230779
263	1046,05804013694	715,356428895785	1	953,941959863058	715,356428895785
282	1045,90411427398	683,036091960495	1	954,095885726023	683,036091960495
287	1038,41743653511	666,811442731386	1	961,582563464893	666,811442731386
453	1193,82020030593	829,874576872888	1	806,179799694074	829,874576872888
475	1128,61290595292	861,686600237139	1	871,387094047077	861,686600237139
502	1130,44753456416	863,373532134395	1	869,55246543584	863,373532134395
520	1111,10249418767	835,279639652215	1	888,89750581233	835,279639652215
564	1180,82231377106	895,998701101294	1	819,177686228936	895,998701101294
876	1017,08889563107	178,553219848468	1	982,911104368932	178,553219848468
903	1133,61073713087	913,913821670593	1	866,389262869134	913,913821670593
925	1133,61073713087	913,913821670593	1	866,389262869134	913,913821670593
963	1147,18660184681	411,392684433957	1	852,813398153192	411,392684433957
965	1153,1216919338	409,315205471106	1	846,878308066203	409,315205471106
1046	1140,63900538619	733,957557961215	1	859,360994613805	733,957557961215
1050	1180,97548409871	568,397209337737	1	819,024515901289	568,397209337737
1055	1171,81938395787	758,32362270198	1	828,180616042125	758,32362270198
1101	1123,40631030249	859,993247034351	1	876,593689697512	859,993247034351
1152	1165,62505333118	701,846628395737	1	834,37494666882	701,846628395737
1170	1140,95815400953	633,259879101916	1	859,041845990471	633,259879101916
1202	1141,3856493024	646,160922807913	1	858,614350697604	646,160922807913
1254	1199,10484234086	862,243425850419	1	800,895157659142	862,243425850419
1273	1206,40963952518	923,395967759292	1	793,590360474818	923,395967759292
1278	1204,26487462876	909,668212316827	1	795,735125371243	909,668212316827
1301	1206,34236998853	860,041885519325	1	793,657630011473	860,041885519325
1316	1222,2412260082	839,891699334281	1	777,758773991804	839,891699334281
1323	1196,20568748518	760,645345766117	1	803,794312514819	760,645345766117
1353	1226,49207339143	831,951973236208	1	773,507926608567	831,951973236208
1368	1191,5264024174	764,327097185498	1	808,473597582604	764,327097185498
1407	1165,40326815978	820,799564218124	1	834,596731840224	820,799564218124
1419	1177,5895940034	810,898176675922	1	822,410405996604	810,898176675922
1429	1179,85839628667	752,352027058232	1	820,141603713327	752,352027058232
1444	1159,31973093957	604,767130332317	1	840,680269060435	604,767130332317
1460	1153,70803795801	689,626877795769	1	846,291962041986	689,626877795769
1495	1154,07706309393	696,006829567452	1	845,922936906067	696,006829567452
1537	1144,7859538618	711,701808787335	1	855,2140461382	711,701808787335
1539	1145,67445674309	721,838623139016	1	854,325543256909	721,838623139016
1542	1144,97745987583	669,545452970562	1	855,022540124168	669,545452970562
1546	1157,30293990169	761,6915105522	1	842,697060098307	761,6915105522
1566	1155,34366048944	681,855656983394	1	844,656339510557	681,855656983394
1582	1179,93547828558	671,883040807581	1	820,064521714418	671,883040807581
1597	1182,69190951949	669,75686320289	1	817,308090480507	669,75686320289
1612	1188,70180494699	692,399283731031	1	811,29819505301	692,399283731031
1627	1188,69535035032	712,330040725056	1	811,304649649677	712,330040725056
1643	1174,85650242397	707,941545320295	1	825,143497576033	707,941545320295
1657	1181,74115616774	672,532656682943	1	818,258843832262	672,532656682943
1690	1181,61414870728	673,258366884345	1	818,385851292721	673,258366884345
1715	1189,05490271586	623,077775434375	1	810,945097284142	623,077775434375
1723	1197,38605638583	623,644545080949	1	802,613943614167	623,644545080949
1729	1211,75727568951	685,125484403438	1	788,242724310487	685,125484403438
1761	1215,81700580553	695,105029563484	1	784,18299419447	695,105029563484
1778	1220,80902553504	663,645245381126	1	779,190974464959	663,645245381126
1790	1222,61588802689	672,113465945305	1	777,38411197311	672,113465945305
1806	1219,64851699318	674,786611333402	1	780,351483006823	674,786611333402
1825	1202,66987987943	707,264061276954	1	797,330120120567	707,264061276954
1852	1202,53728826111	706,900479826174	1	797,462711738889	706,900479826174
1865	1223,76948252357	709,786736084953	1	776,23051747643	709,786736084953
1884	1229,42534195111	684,68235725826	1	770,574658048894	684,68235725826
1899	1229,36044268946	681,295791218539	1	770,639557310538	681,295791218539
1918	1214,95856012376	712,078953747935	1	785,041439876244	712,078953747935
1932	1211,43346420206	724,419289947125	1	788,566535797939	724,419289947125
1964	1212,25720741229	743,712685892146	1	787,742792587711	743,712685892146
1981	1211,54423016492	750,032339268358	1	788,455769835081	750,032339268358
1987	1209,93792294563	725,160312028896	1	790,062077054374	725,160312028896
2008	1277,93867458907	699,77491582756	1	722,061325410933	699,77491582756
2022	1282,31406627737	696,058288894642	1	717,685933722632	696,058288894642
2037	1296,63980005818	689,743483143599	1	703,360199941818	689,743483143599
2039	1301,98646478927	689,84027186417	1	698,013535210731	689,84027186417
2060	1303,3544334449	689,991619663228	1	696,645566555099	689,991619663228
2085	1309,06483471967	691,216710483034	1	690,935165280331	691,216710483034
2100	1298,15973894038	696,307417990631	1	701,840261059619	696,307417990631
2108	1294,32304435031	702,037741584844	1	705,676955649694	702,037741584844
2121	1292,07971836851	707,866372596311	1	707,920281631491	707,866372596311
2390	1370,1233107681	280,912830263051	1	629,876689231897	280,912830263051
2410	1224,56647261833	456,42089242725	1	775,433527381675	456,42089242725
2426	1373,25547705779	305,208400787222	1	626,744522942209	305,208400787222
2459	1239,84379698008	461,30641254695	1	760,156203019916	461,30641254695
2490	1458,36982285194	267,485985673472	0			541,630177148055	267,485985673472
2512	1365,33473870802	374,870532228684	1	634,665261291981	374,870532228684
2534	1515,86389003797	227,564051602532	0			484,136109962026	227,564051602532
2564	1503,0496166535	239,454657249485	0			496,950383346503	239,454657249485
2613	1518,67820000568	141,932353732886	0			481,321799994317	141,932353732886
2648	1507,99363964868	133,20485677136	0			492,006360351319	133,20485677136
2661	1506,99348417962	134,830950450504	0			493,006515820384	134,830950450504
2671	1361,95100858993	308,344712738157	1	638,048991410069	308,344712738157
2698	1382,2658635752	276,176528544166	1	617,734136424799	276,176528544166
2714	1393,34073554576	261,829070495558	1	606,659264454238	261,829070495558
2750	1410,54878441755	259,854847700788	1	589,451215582452	259,854847700788
2772	1426,55089544604	274,134084317969	1	573,449104553956	274,134084317969
2784	1436,73197698537	310,467605580909	1	563,268023014631	310,467605580909
2812	1429,68602455544	340,585406273568	1	570,313975444563	340,585406273568
2814	1377,19647510701	364,665928256478	1	622,803524892985	364,665928256478
2834	1368,35547087462	335,287109813768	1	631,644529125381	335,287109813768
2839	1385,1142776993	328,857849158348	1	614,885722300698	328,857849158348
2872	1355,23959458874	321,776953256896	1	644,760405411261	321,776953256896
2901	1328,99194902566	293,293256185799	1	671,008050974335	293,293256185799
2934	1322,86882890291	285,590352782947	1	677,131171097088	285,590352782947
2942	1318,74767007438	289,454722382704	1	681,252329925624	289,454722382704
2978	1310,67472973668	282,308828531601	1	689,325270263317	282,308828531601
2986	1326,16242261927	305,653580660134	1	673,837577380728	305,653580660134
3003	1323,1360578275	294,696590249782	1	676,863942172497	294,696590249782
3016	1334,11492453224	307,864145601218	1	665,885075467765	307,864145601218
3058	1363,88476979491	243,022203107059	1	636,115230205092	243,022203107059
3076	1371,77024641615	233,59737759835	1	628,229753583852	233,59737759835
3107	1393,75739226959	236,04251017123	1	606,242607730413	236,04251017123
3123	1422,39857708173	245,970606961152	1	577,601422918267	245,970606961152
3142	1386,79646040882	327,235473344145	1	613,203539591184	327,235473344145
3155	1363,45947943053	379,030538775403	1	636,54052056947	379,030538775403
3174	1355,34066232648	351,7823636395	1	644,65933767352	351,7823636395
3200	1333,44617579621	326,604839171159	1	666,553824203789	326,604839171159
3235	1311,13647029597	272,487889146292	1	688,863529704027	272,487889146292
3254	1241,2091687023	232,186092263388	1	758,7908312977	232,186092263388
3276	1238,25432031711	291,553384633587	1	761,745679682891	291,553384633587
3292	1191,8061108089	338,71997659592	1	808,1938891911	338,71997659592
3307	1223,10273132437	319,934703467593	1	776,897268675631	319,934703467593
3330	1235,68153822447	386,571808036958	1	764,318461775533	386,571808036958
3349	1192,19062896537	358,912103401517	1	807,809371034632	358,912103401517
3386	1255,27251704066	412,197268586195	1	744,727482959335	412,197268586195
3413	1268,70808494503	416,825358663206	1	731,291915054966	416,825358663206
3431	1287,69380164146	429,576883299282	1	712,306198358544	429,576883299282
3445	1301,17272048157	427,427209018973	1	698,827279518428	427,427209018973
3448	1301,19347926673	422,560395894802	1	698,806520733273	422,560395894802
3463	1301,38742717625	422,473812004161	1	698,612572823747	422,473812004161
3469	1317,92164879539	440,866945880145	1	682,078351204607	440,866945880145
3499	1218,90366991549	217,856254297155	1	781,096330084514	217,856254297155
3517	1222,07669649084	222,942605662321	1	777,923303509158	222,942605662321
3529	1304,06308282548	362,782166378361	1	695,936917174517	362,782166378361
3546	1385,95596876341	431,732097930374	1	614,044031236592	431,732097930374
3562	1365,91004525452	394,431996117399	1	634,089954745484	394,431996117399
3572	1396,27446426614	422,983919355725	1	603,725535733858	422,983919355725
3594	1376,1777378612	394,265793945605	1	623,822262138799	394,265793945605
3605	1348,20239477037	389,338825718068	1	651,797605229625	389,338825718068
3620	1350,71057251425	409,105758888291	1	649,289427485754	409,105758888291
3653	1335,68383477546	429,541347193741	1	664,316165224536	429,541347193741
3666	1339,66612593474	455,938868653244	1	660,333874065257	455,938868653244
3683	1327,64327942449	487,877990177903	1	672,356720575513	487,877990177903
3693	1307,69583767715	569,008470132363	1	692,304162322851	569,008470132363
3714	1285,02215744277	604,212592088995	1	714,977842557233	604,212592088995
3729	1286,10358822827	649,753374944376	1	713,896411771725	649,753374944376
3751	1284,81410369051	635,678005983488	1	715,18589630949	635,678005983488
3752	1268,42875481045	630,399736599297	1	731,571245189553	630,399736599297
3776	1274,6105748846	637,697654763587	1	725,3894251154	637,697654763587
3811	1293,88147809867	622,356957145929	1	706,11852190133	622,356957145929
3842	1363,40980605297	549,344660536883	1	636,59019394703	549,344660536883
3902	1350,23155288315	618,757242744786	1	649,768447116852	618,757242744786
3911	1292,36646032763	658,135781295886	1	707,633539672373	658,135781295886
3921	1147,11524272401	617,860683031521	1	852,88475727599	617,860683031521
4175	1036,25259152508	127,547091408335	1	963,747408474919	127,547091408335
4214	1317,22107921218	235,358757317356	1	682,778920787824	235,358757317356
4246	1221,31532420633	407,546269653836	1	778,684675793668	407,546269653836
4264	1224,26044218441	424,899651528718	1	775,739557815594	424,899651528718
4279	1250,94667759199	414,132982075554	1	749,053322408012	414,132982075554
4294	1323,73863654876	427,81160654252	1	676,261363451244	427,81160654252
4312	1392,69502016656	365,904269337151	1	607,304979833442	365,904269337151
4329	1397,90473089603	375,030365154571	1	602,095269103967	375,030365154571
4338	1366,84498314114	397,736687143823	1	633,155016858858	397,736687143823
4382	1366,72714657914	446,973421907121	1	633,272853420865	446,973421907121
4423	1248,9377712657	519,943986039354	1	751,062228734305	519,943986039354
4475	1371,16221208788	531,227709703776	1	628,837787912116	531,227709703776
4517	1413,75902120538	448,891760945017	1	586,240978794617	448,891760945017
4562	1415,33816784655	491,290057491212	1	584,661832153451	491,290057491212
4579	1353,63552462114	508,820987655191	1	646,364475378863	508,820987655191
4652	997,659073749584	583,983099448857	1	1002,34092625042	583,983099448857
4670	1001,39521525103	580,824380538631	1	998,60478474897	580,824380538631
4697	1001,86451150669	586,398403472633	1	998,135488493312	586,398403472633
4717	1001,77812403612	587,044626331696	1	998,221875963883	587,044626331696
4739	993,716401083185	599,660360634359	1	1006,28359891681	599,660360634359
4758	985,131951413778	604,214390458724	1	1014,86804858622	604,214390458724
4777	982,868403663645	611,434082960016	1	1017,13159633636	611,434082960016
4798	995,046032886045	725,720720657611	1	1004,95396711396	725,720720657611
4856	994,330204572647	733,490347182749	1	1005,66979542735	733,490347182749
4882	1048,7855563277	680,245828567501	1	951,214443672299	680,245828567501
4886	1121,5497135861	617,9669401838	1	878,450286413896	617,9669401838
4901	979,897266208319	654,212009704375	1	1020,10273379168	654,212009704375
4924	927,425371367746	670,500171596793	1	1072,57462863225	670,500171596793
4945	956,259066566921	668,360356615461	1	1043,74093343308	668,360356615461
4980	728,116003682874	754,472624442636	1	1271,88399631713	754,472624442636
5017	700,781882424233	713,455916577394	1	1299,21811757577	713,455916577394
5020	677,156097016868	627,375190807835	1	1322,84390298313	627,375190807835
5044	689,031562679465	680,68608277374	1	1310,96843732053	680,68608277374
5061	687,646696848488	812,422234036596	1	1312,35330315151	812,422234036596
5078	684,716077578943	880,724163801799	1	1315,28392242106	880,724163801799
5100	683,756645439433	923,371175346349	1	1316,24335456057	923,371175346349
5125	693,584929567431	803,445871722106	1	1306,41507043257	803,445871722106
5160	702,5871811001	775,485288535558	1	1297,4128188999	775,485288535558
5209	725,278652253502	690,953461587649	1	1274,7213477465	690,953461587649
5245	842,157288951683	723,806367698521	1	1157,84271104832	723,806367698521
5263	874,687830587696	714,497575582571	1	1125,3121694123	714,497575582571
5321	878,625986332706	718,91952788794	1	1121,37401366729	718,91952788794
5333	886,605023316642	641,05015294103	1	1113,39497668336	641,05015294103
5354	897,146920818044	591,031585868169	1	1102,85307918196	591,031585868169
5379	887,44046400975	697,248894633634	1	1112,55953599025	697,248894633634
5391	892,125712036202	698,77088064779	1	1107,8742879638	698,77088064779
5415	881,418933265126	783,527883606952	1	1118,58106673487	783,527883606952
5481	861,987877509355	873,807552375293	1	1138,01212249065	873,807552375293
5502	865,84671832354	874,453731514916	1	1134,15328167646	874,453731514916
5539	870,293330220343	875,198335396774	1	1129,70666977966	875,198335396774
5549	892,795805804532	603,67368548375	1	1107,20419419547	603,67368548375
5551	890,8191865181	616,498898623704	1	1109,1808134819	616,498898623704
5576	887,118117528443	648,244675514472	1	1112,88188247156	648,244675514472
5602	887,255627322497	660,918163998665	1	1112,7443726775	660,918163998665
5617	896,254315227544	804,012918348073	1	1103,74568477246	804,012918348073
5635	890,025920813519	798,946620066979	1	1109,97407918648	798,946620066979
5648	878,758194957366	826,666922604178	1	1121,24180504263	826,666922604178
5686	877,338948164048	848,097434746127	1	1122,66105183595	848,097434746127
5780	1026,48830969357	785,474471385683	1	973,511690306432	785,474471385683
5820	1007,41671960331	856,835449758188	1	992,583280396693	856,835449758188
5963	984,839440009355	707,866362751157	1	1015,16055999065	707,866362751157
5983	1103,63749778772	827,520831637008	1	896,362502212278	827,520831637008
5997	1124,98259818933	701,342705863613	1	875,017401810672	701,342705863613
6004	1110,76377249041	712,241428762623	1	889,236227509589	712,241428762623
6027	1103,32991069971	633,048849600393	1	896,670089300285	633,048849600393
6286	1275,3224394468	182,139478830906	1	724,677560553196	182,139478830906
6310	1291,57560774424	179,027446055359	1	708,424392255765	179,027446055359
6351	1382,08962944518	230,340909438353	1	617,910370554823	230,340909438353
6401	1378,08465330602	326,823706052034	1	621,915346693976	326,823706052034
6450	1354,71965385873	348,184678257418	1	645,280346141265	348,184678257418
6476	1350,90264872826	346,429647784033	1	649,097351271743	346,429647784033
6497	1466,80017704915	325,655086890852	0			533,199822950847	325,655086890852
6531	1351,79580169829	452,129634038811	1	648,204198301705	452,129634038811
6540	1335,1926623567	506,490299593787	1	664,807337643304	506,490299593787
6559	1306,54326258309	557,63508553857	1	693,456737416909	557,63508553857
6576	1337,87409841525	587,657694947983	1	662,125901584755	587,657694947983
6587	1337,60482331054	615,435051314875	1	662,395176689457	615,435051314875
6662	1304,78491111715	622,041623420704	1	695,215088882845	622,041623420704
6680	1338,18144140603	649,104923300877	1	661,818558593965	649,104923300877
6702	1215,58295670776	661,666069365099	1	784,417043292235	661,666069365099
6736	1213,40370628789	679,737222144902	1	786,59629371211	679,737222144902
6760	1215,45692701705	648,895843481004	1	784,543072982952	648,895843481004
6772	1249,55474632541	572,741262731801	1	750,44525367459	572,741262731801
6810	1263,68384695174	564,736043902038	1	736,31615304826	564,736043902038
6812	1265,30302343408	626,945847329408	1	734,69697656592	626,945847329408
6860	1259,31298725267	708,743856431365	1	740,68701274733	708,743856431365
6881	1230,26484613514	807,233591593949	1	769,735153864862	807,233591593949
6896	1266,18734920323	629,716301955578	1	733,812650796772	629,716301955578
6914	1286,19063878128	616,159829413878	1	713,809361218716	616,159829413878
6947	1342,9739687399	590,767600961753	1	657,026031260095	590,767600961753
6979	1340,92538001703	583,409003236785	1	659,074619982973	583,409003236785
6999	1352,68815484228	567,752829974562	1	647,31184515772	567,752829974562
7013	1366,64594589262	591,985307960505	1	633,354054107381	591,985307960505
7040	1321,80874099372	580,619202466697	1	678,191259006276	580,619202466697
7042	1218,02481956938	522,319612801965	1	781,975180430618	522,319612801965
7057	1186,99821051365	512,47183302172	1	813,001789486348	512,47183302172
7234	848,023892992137	563,413785469607	1	1151,97610700786	563,413785469607
7277	673,496767309491	324,594533725034	1	1326,50323269051	324,594533725034
7774	508,39334136074	18,0502723939394	0			1491,60665863926	18,0502723939394
7793	885,749147779347	412,439365010208	1	1114,25085222065	412,439365010208
7818	792,084271841167	461,486508734	1	1207,91572815883	461,486508734
7870	742,185456445476	487,615773795694	1	1257,81454355452	487,615773795694
7896	687,953765701847	545,169862427564	1	1312,04623429815	545,169862427564
7915	674,907488258545	559,573833973063	1	1325,09251174145	559,573833973063
7933	680,568806239095	465,39818612529	1	1319,4311937609	465,39818612529
7949	720,538238768869	407,521035207844	1	1279,46176123113	407,521035207844
7975	749,476346053766	394,622714464113	1	1250,52365394623	394,622714464113
8032	715,964412851333	442,063125839954	1	1284,03558714867	442,063125839954
8048	692,730560675653	466,436753216362	1	1307,26943932435	466,436753216362
8068	643,408440566699	528,226991776729	1	1356,5915594333	528,226991776729
8091	638,03942228356	541,113835095061	1	1361,96057771644	541,113835095061
8093	661,570813996483	505,591837994414	1	1338,42918600352	505,591837994414
8108	660,782089487538	510,439319384512	1	1339,21791051246	510,439319384512
8119	667,489021023905	534,431642756968	1	1332,5109789761	534,431642756968
8186	744,220374877355	492,324551212145	1	1255,77962512264	492,324551212145
8188	852,841789565821	466,023048666995	1	1147,15821043418	466,023048666995
8204	940,823544863401	461,193992953851	1	1059,1764551366	461,193992953851
8208	991,106993186507	463,065365890223	1	1008,89300681349	463,065365890223
8230	994,352041469543	463,87841328895	1	1005,64795853046	463,87841328895
8249	987,580883406209	469,814271694799	1	1012,41911659379	469,814271694799
8258	998,073900143343	486,675395882899	1	1001,92609985666	486,675395882899
8280	1003,21889131396	486,819442257833	1	996,781108686038	486,819442257833
8299	1009,30930286788	491,949885534712	1	990,690697132125	491,949885534712
8314	1014,10799033663	486,908731850839	1	985,892009663371	486,908731850839
8329	1017,14729835818	472,06301905522	1	982,85270164182	472,06301905522
8342	1015,79346328353	497,566578840957	1	984,206536716472	497,566578840957
8366	936,878671837753	616,06951019912	1	1063,12132816225	616,06951019912
8394	865,61044467774	661,755164084212	1	1134,38955532226	661,755164084212
8403	808,205440862733	680,515996498695	1	1191,79455913727	680,515996498695
8417	819,211636898363	676,152638700163	1	1180,78836310164	676,152638700163
8453	637,25297833851	541,683155913925	1	1362,74702166149	541,683155913925
8465	619,978732050128	539,184339341269	1	1380,02126794987	539,184339341269
8491	585,956934559084	549,458104858453	1	1414,04306544092	549,458104858453
8509	628,268305792266	513,334523287193	1	1371,73169420773	513,334523287193
8522	623,630528950677	517,135720535345	1	1376,36947104932	517,135720535345
8552	625,704896892615	513,676896569917	1	1374,29510310738	513,676896569917
8568	457,846714545414	540,127446401224	1	1542,15328545459	540,127446401224
8629	485,801519469616	550,567702513287	1	1514,19848053038	550,567702513287
8654	534,984007447027	621,870348780533	1	1465,01599255297	621,870348780533
8661	612,200835197367	639,05171001094	1	1387,79916480263	639,05171001094
8665	600,166208942885	601,676405141843	1	1399,83379105711	601,676405141843
8692	846,489580414654	714,779996171126	1	1153,51041958535	714,779996171126
8707	846,341013680417	663,602310854044	1	1153,65898631958	663,602310854044
8721	848,392936928378	677,807601299849	1	1151,60706307162	677,807601299849
8748	873,272234010735	673,997270350194	1	1126,72776598926	673,997270350194
8768	908,912915300893	780,749002180572	1	1091,08708469911	780,749002180572
8786	902,734829296298	829,130882784065	1	1097,2651707037	829,130882784065
8796	888,243499573646	766,620248246607	1	1111,75650042635	766,620248246607
8818	854,410879245389	786,675763133336	1	1145,58912075461	786,675763133336
8828	857,688871144198	740,43218160663	1	1142,3111288558	740,43218160663
8839	864,349413179697	683,629865409071	1	1135,6505868203	683,629865409071
8853	872,546196618992	644,462975056593	1	1127,45380338101	644,462975056593
8900	918,870915134045	481,450975049299	1	1081,12908486596	481,450975049299
8916	916,876689959207	447,869783826699	1	1083,12331004079	447,869783826699
8927	876,870174802204	518,776905130026	1	1123,1298251978	518,776905130026
8944	880,721598371691	494,154743415624	1	1119,27840162831	494,154743415624
8960	891,000832708059	446,602986236385	1	1108,99916729194	446,602986236385
8972	874,922273152148	514,223877855022	1	1125,07772684785	514,223877855022
9004	827,89942783558	622,004404158307	1	1172,10057216442	622,004404158307
9032	737,847067521081	565,701585139218	1	1262,15293247892	565,701585139218
9051	546,956250821935	455,267625895677	1	1453,04374917806	455,267625895677
9069	557,305834699499	440,260848161982	1	1442,6941653005	440,260848161982
9109	605,222409881119	514,043963110431	1	1394,77759011888	514,043963110431
9138	482,56762367551	373,542745504319	1	1517,43237632449	373,542745504319
9155	494,076830381563	457,962827655048	1	1505,92316961844	457,962827655048
9205	492,164173005421	416,925015142989	1	1507,83582699458	416,925015142989
9216	471,107951734607	512,341078326292	1	1528,89204826539	512,341078326292
9256	263,953163113549	241,311905446821	0			1736,04683688645	241,311905446821
9276	490,740977627679	381,974489587109	1	1509,25902237232	381,974489587109
9314	692,26604941411	393,604217286742	1	1307,73395058589	393,604217286742
9364	753,712307457138	562,42985404175	1	1246,28769254286	562,42985404175
9376	743,997950377555	595,595558524232	1	1256,00204962244	595,595558524232
9393	744,581257226121	595,701923587958	1	1255,41874277388	595,701923587958
9413	753,551498125124	586,168871483289	1	1246,44850187488	586,168871483289
9427	723,075301849695	569,817989871174	1	1276,92469815031	569,817989871174
9510	775,015090444016	607,882533319604	1	1224,98490955598	607,882533319604
9555	889,311025675061	434,575275744507	1	1110,68897432494	434,575275744507
9582	687,61539204576	294,410437843705	1	1312,38460795424	294,410437843705
9605	688,047364940325	289,563979132214	1	1311,95263505967	289,563979132214
9617	900,503402836779	295,225488022512	1	1099,49659716322	295,225488022512
9646	961,359755491871	353,649009107005	1	1038,64024450813	353,649009107005
9665	904,658457025745	299,518451322915	1	1095,34154297425	299,518451322915
9692	898,741415644757	311,096841852084	1	1101,25858435524	311,096841852084
9722	889,464800222432	300,219804713233	1	1110,53519977757	300,219804713233
9731	956,835076293246	354,766120873128	1	1043,16492370675	354,766120873128
9743	998,786050530649	338,920398586771	1	1001,21394946935	338,920398586771
9756	962,728745376466	319,731948423993	1	1037,27125462353	319,731948423993
9772	963,502827857249	332,678332579313	1	1036,49717214275	332,678332579313
9804	987,7013301081	343,077183548039	1	1012,2986698919	343,077183548039
9840	1003,79605638615	476,140913303314	1	996,203943613852	476,140913303314
9843	978,883952161003	435,91429508987	1	1021,116047839	435,91429508987
9860	1038,53735764391	414,284801855263	1	961,462642356086	414,284801855263
9878	1120,50053472306	423,781796116102	1	879,499465276935	423,781796116102
9891	1114,60532988593	381,670469620591	1	885,394670114073	381,670469620591
9921	1128,30122873919	387,089690706322	1	871,698771260806	387,089690706322
9952	1160,21844193905	367,880113446561	1	839,781558060947	367,880113446561
9969	1153,00384035833	362,277054650079	1	846,996159641667	362,277054650079
9985	1151,85732629193	361,089672324337	1	848,14267370807	361,089672324337
10001	1157,9981726176	345,369412770856	1	842,001827382403	345,369412770856
10008	1173,62642213529	340,263666051956	1	826,373577864711	340,263666051956
