2	768,192647532794	605,159764291952	1	1231,80735246721	605,159764291952
16	772,387460952226	603,193286182262	1	1227,61253904777	603,193286182262
45	805,19755344555	597,309717367414	1	1194,80244655445	597,309717367414
63	832,703516551162	594,223245067522	1	1167,29648344884	594,223245067522
78	900,682390774245	629,784482247755	1	1099,31760922575	629,784482247755
81	901,303262321569	627,928562575852	1	1098,69673767843	627,928562575852
85	901,830153604372	627,171831184029	1	1098,16984639563	627,171831184029
109	909,271209564652	625,847883956584	1	1090,72879043535	625,847883956584
112	891,699924744121	611,694990428917	1	1108,30007525588	611,694990428917
134	876,109213928321	600,952695341415	1	1123,89078607168	600,952695341415
149	880,097879475101	608,519031180369	1	1119,9021205249	608,519031180369
164	877,803291123926	613,82621309	1	1122,19670887607	613,82621309
179	876,792172142581	615,295085464562	1	1123,20782785742	615,295085464562
199	887,561308279381	617,880573827151	1	1112,43869172062	617,880573827151
215	889,440475081633	619,201040463616	1	1110,55952491837	619,201040463616
223	892,738526726401	620,055663698694	1	1107,2614732736	620,055663698694
253	891,342593599478	621,476811313715	1	1108,65740640052	621,476811313715
272	896,351376837391	620,672021670624	1	1103,64862316261	620,672021670624
290	897,353396414249	620,343219569486	1	1102,64660358575	620,343219569486
301	898,712824893588	619,750681406772	1	1101,28717510641	619,750681406772
316	897,218617068748	610,68217253437	1	1102,78138293125	610,68217253437
334	897,892147018849	605,159228096734	1	1102,10785298115	605,159228096734
340	899,248212804184	602,782987147398	1	1100,75178719582	602,782987147398
363	902,913751287031	603,669844359253	1	1097,08624871297	603,669844359253
380	899,704424522641	604,027710214402	1	1100,29557547736	604,027710214402
409	897,518378041353	604,840325853502	1	1102,48162195865	604,840325853502
427	892,959361882274	606,753761382884	1	1107,04063811773	606,753761382884
440	883,163817571097	609,313170258161	1	1116,8361824289	609,313170258161
455	872,048973575439	600,905440215133	1	1127,95102642456	600,905440215133
476	810,83736876156	576,711963447133	1	1189,16263123844	576,711963447133
486	805,291828115839	573,905789654035	1	1194,70817188416	573,905789654035
498	802,114325609824	571,828191571985	1	1197,88567439018	571,828191571985
574	800,874476894842	568,03029426795	1	1199,12552310516	568,03029426795
593	799,903034092088	564,455006271025	1	1200,09696590791	564,455006271025
599	805,531417224541	565,328972735683	1	1194,46858277546	565,328972735683
601	805,390811590007	564,347976002352	1	1194,60918840999	564,347976002352
604	806,708095571661	565,771906928092	1	1193,29190442834	565,771906928092
612	804,468967181251	567,603926097419	1	1195,53103281875	567,603926097419
632	797,119573395334	570,48394052101	1	1202,88042660467	570,48394052101
650	800,671399078095	572,189685786864	1	1199,32860092191	572,189685786864
665	815,64988703797	547,528180856193	1	1184,35011296203	547,528180856193
683	817,000050309323	545,756655871579	1	1182,99994969068	545,756655871579
702	819,446915708689	536,153099835198	1	1180,55308429131	536,153099835198
721	824,294372708486	536,72770296568	1	1175,70562729151	536,72770296568
736	821,381194980574	549,777580162728	1	1178,61880501943	549,777580162728
743	822,488367202609	551,671576463931	1	1177,51163279739	551,671576463931
775	808,613557329393	575,840107144728	1	1191,38644267061	575,840107144728
811	821,806570780047	593,081615708947	1	1178,19342921995	593,081615708947
833	826,452183674605	650,580441085972	1	1173,54781632539	650,580441085972
868	822,291378388714	669,253544438946	1	1177,70862161129	669,253544438946
889	800,944482275794	655,495765673274	1	1199,05551772421	655,495765673274
912	748,885128129337	601,211358559163	1	1251,11487187066	601,211358559163
1012	786,21273102498	292,633345536193	1	1213,78726897502	292,633345536193
1034	844,465256971834	379,638469785779	1	1155,53474302817	379,638469785779
1060	839,112452501557	333,236606109654	1	1160,88754749844	333,236606109654
1097	877,290602150718	321,407368297679	1	1122,70939784928	321,407368297679
1103	908,185035089964	323,342020517591	1	1091,81496491004	323,342020517591
1106	907,648530948959	322,861427290626	1	1092,35146905104	322,861427290626
1148	937,605075366489	314,655261028821	1	1062,39492463351	314,655261028821
1165	931,512422204704	320,094588626849	1	1068,4875777953	320,094588626849
1181	914,092276393724	325,030225742049	1	1085,90772360628	325,030225742049
1196	918,879837405977	370,472229168351	1	1081,12016259402	370,472229168351
1226	913,63249144331	365,279241989759	1	1086,36750855669	365,279241989759
1241	966,897623864727	359,87233406034	1	1033,10237613527	359,87233406034
1259	974,583340625161	376,363646198136	1	1025,41665937484	376,363646198136
1278	973,038527933297	393,371298698047	1	1026,9614720667	393,371298698047
1302	978,55346050024	428,050119265474	1	1021,44653949976	428,050119265474
1316	957,742329756084	540,64386970498	1	1042,25767024392	540,64386970498
1347	940,400763079529	586,005002769539	1	1059,59923692047	586,005002769539
1367	964,763497829687	481,158710460691	1	1035,23650217031	481,158710460691
1380	850,793116789224	384,263888600343	1	1149,20688321078	384,263888600343
1397	879,63296348736	456,854787544094	1	1120,36703651264	456,854787544094
1419	902,334230491514	433,574035061242	1	1097,66576950849	433,574035061242
1420	904,561407438189	402,842085089167	1	1095,43859256181	402,842085089167
1453	941,258572861825	353,676837181066	1	1058,74142713818	353,676837181066
1472	944,889821894287	362,995174718346	1	1055,11017810571	362,995174718346
1492	879,669290925849	313,724098249613	1	1120,33070907415	313,724098249613
1513	837,872830067734	242,229657639111	1	1162,12716993227	242,229657639111
1516	682,61873693478	170,03669145951	1	1317,38126306522	170,03669145951
1539	571,32431674716	113,764200290322	1	1428,67568325284	113,764200290322
1555	570,365205171015	119,039247521334	1	1429,63479482898	119,039247521334
1651	584,079883301921	137,99512052937	1	1415,92011669808	137,99512052937
1912	988,235285984274	223,696357101612	1	1011,76471401573	223,696357101612
1947	968,870450609325	296,921998900454	1	1031,12954939068	296,921998900454
1962	968,870450609325	296,921998900454	1	1031,12954939068	296,921998900454
1992	953,199980847484	230,775391115716	1	1046,80001915252	230,775391115716
2001	995,463000475738	261,307634543871	1	1004,53699952426	261,307634543871
2004	1006,7396953417	251,998056225093	1	993,260304658299	251,998056225093
2019	996,50769969883	283,023984986832	1	1003,49230030117	283,023984986832
2049	1006,80282425464	283,940770348644	1	993,197175745363	283,940770348644
2067	999,033807014592	253,979669025566	1	1000,96619298541	253,979669025566
2081	982,605884326936	247,504425629348	1	1017,39411567306	247,504425629348
2097	928,31547200868	234,041946061754	1	1071,68452799132	234,041946061754
2113	914,562003670144	238,494236870504	1	1085,43799632986	238,494236870504
2126	931,942783902418	250,782049830682	1	1068,05721609758	250,782049830682
2138	961,727914263933	255,465137153749	1	1038,27208573607	255,465137153749
2155	966,020932013785	243,279667528287	1	1033,97906798622	243,279667528287
2173	970,639134941417	250,007420262196	1	1029,36086505858	250,007420262196
2200	995,622939665204	256,106585912163	1	1004,3770603348	256,106585912163
2218	995,239778359567	256,733722233425	1	1004,76022164043	256,733722233425
2232	986,193379570119	251,587930896934	1	1013,80662042988	251,587930896934
2247	957,961486588767	263,074987297981	1	1042,03851341123	263,074987297981
2265	974,126596765986	257,168145258043	1	1025,87340323401	257,168145258043
2272	959,108658121009	261,85193847206	1	1040,89134187899	261,85193847206
2289	933,588094405661	245,460325841831	1	1066,41190559434	245,460325841831
2316	928,32942360521	298,345970582706	1	1071,67057639479	298,345970582706
2321	911,330449914091	323,594691148679	1	1088,66955008591	323,594691148679
3269	-99,2125872269418	154,438055903113	0			2099,21258722694	154,438055903113
3272	-113,39225892496	164,782513744354	0			2113,39225892496	164,782513744354
3307	-187,981191933022	71,1415341858823	0			2187,98119193302	71,1415341858823
3325	-218,700576814772	31,6620188827983	0			2218,70057681477	31,6620188827983
3343	-209,872992162039	41,287962756508	0			2209,87299216204	41,287962756508
3358	-159,719621201714	72,8449671713022	0			2159,71962120171	72,8449671713022
3375	-99,9695463802253	138,896930262882	0			2099,96954638023	138,896930262882
3399	-118,050550477071	115,763386995295	0			2118,05055047707	115,763386995295
3423	-3,75398776985338	264,623188110941	0			2003,75398776985	264,623188110941
3444	-5,27702109882498	267,24461900222	0			2005,27702109882	267,24461900222
3467	22,8457067570291	313,634327224156	0			1977,15429324297	313,634327224156
3474	15,507210888132	321,839768784291	0			1984,49278911187	321,839768784291
3493	-14,496399129494	309,252242757092	0			2014,49639912949	309,252242757092
3495	-9,67622394198941	300,185122881713	0			2009,67622394199	300,185122881713
3508	-14,9183633906058	305,56439867121	0			2014,91836339061	305,56439867121
3529	-19,5883528240402	310,4504673538	0			2019,58835282404	310,4504673538
3567	-38,9934003699592	279,09223605805	0			2038,99340036996	279,09223605805
3577	-37,2742210883995	278,130999075341	0			2037,2742210884	278,130999075341
3583	-32,7607280143406	290,42614757837	0			2032,76072801434	290,42614757837
3609	-35,5794362919623	306,193239765359	0			2035,57943629196	306,193239765359
3615	-35,946944496418	303,184778698749	0			2035,94694449642	303,184778698749
3638	-33,7875756695168	314,300745658577	0			2033,78757566952	314,300745658577
3660	-31,7915471735316	323,267207763435	0			2031,79154717353	323,267207763435
3675	-31,3330157969538	324,003024820658	0			2031,33301579695	324,003024820658
3697	-27,4662631748608	312,159075975039	0			2027,46626317486	312,159075975039
3714	-29,7232486782557	324,919167276702	0			2029,72324867826	324,919167276702
3721	-29,7082399768647	321,587750185099	0			2029,70823997686	321,587750185099
3735	-41,8445823955458	320,886582095115	0			2041,84458239555	320,886582095115
3762	-42,5556941819225	321,27018341551	0			2042,55569418192	321,27018341551
3764	-40,453206758199	325,517962430469	0			2040,4532067582	325,517962430469
3789	-39,4956733124759	326,228250545807	0			2039,49567331248	326,228250545807
3825	-38,2100656816297	325,6915723331	0			2038,21006568163	325,6915723331
3835	-36,1408258783895	324,233468178847	0			2036,14082587839	324,233468178847
3856	-28,5558422397308	319,443701144916	0			2028,55584223973	319,443701144916
3860	-23,1707998209885	315,906662056507	0			2023,17079982099	315,906662056507
3876	-18,1611804335722	299,429934886686	0			2018,16118043357	299,429934886686
3889	-17,8406550606125	298,076022612163	0			2017,84065506061	298,076022612163
3895	-19,0165105364151	299,653064731142	0			2019,01651053642	299,653064731142
3915	-19,1937662815969	297,121401377223	0			2019,1937662816	297,121401377223
3931	-12,7246906443979	309,949242531823	0			2012,7246906444	309,949242531823
3949	-17,7364588601364	303,162628028502	0			2017,73645886014	303,162628028502
3965	-17,6558309807884	299,433124329843	0			2017,65583098079	299,433124329843
3984	-17,9535600536434	296,978324089492	0			2017,95356005364	296,978324089492
4005	-18,0620025105489	294,004442199246	0			2018,06200251055	294,004442199246
4020	-18,149119753348	293,627783881759	0			2018,14911975335	293,627783881759
4032	-19,7641597273726	297,912399652762	0			2019,76415972737	297,912399652762
4052	-27,3595342905057	287,516488809249	0			2027,35953429051	287,516488809249
4082	-28,6813809341736	286,812630241586	0			2028,68138093417	286,812630241586
4083	-31,385582864937	285,185006476025	0			2031,38558286494	285,185006476025
4099	24,0262447147042	400,892105130088	0			1975,9737552853	400,892105130088
4109	27,3408586680457	407,070780940778	0			1972,65914133195	407,070780940778
4120	13,5614964945444	396,020751532066	0			1986,43850350546	396,020751532066
4157	-0,93530710903797	395,516382461867	0			2000,93530710904	395,516382461867
4165	2,37151102395652	401,939360212982	0			1997,62848897604	401,939360212982
4188	-5,52619610376955	398,026358415818	0			2005,52619610377	398,026358415818
4203	-4,24776602890086	373,122015553228	0			2004,2477660289	373,122015553228
4211	-3,42264691547322	375,605719141714	0			2003,42264691547	375,605719141714
4233	-6,27293528482222	363,280194207796	0			2006,27293528482	363,280194207796
4249	-12,6307522137706	350,569543619439	0			2012,63075221377	350,569543619439
4255	-6,95131984687469	351,418159945938	0			2006,95131984687	351,418159945938
4276	-16,3151990266483	335,29715960095	0			2016,31519902665	335,29715960095
4309	-25,8050922414288	304,293093872193	0			2025,80509224143	304,293093872193
4352	5,04786671456884	320,599029071933	0			1994,95213328543	320,599029071933
4355	-4,05814315475778	317,195351980722	0			2004,05814315476	317,195351980722
4366	-2,78569013047537	331,017878909344	0			2002,78569013048	331,017878909344
4387	-5,71092832249406	326,011004806625	0			2005,71092832249	326,011004806625
4394	-9,55382478102827	310,612614226448	0			2009,55382478103	310,612614226448
4410	-8,30958677461299	280,457164919537	0			2008,30958677461	280,457164919537
4433	-8,62981790235617	270,736397611889	0			2008,62981790236	270,736397611889
4461	-9,66885238179755	279,729401548359	0			2009,6688523818	279,729401548359
4476	-10,0604213790887	315,201203908527	0			2010,06042137909	315,201203908527
4487	-12,6044511924587	317,720152135591	0			2012,60445119246	317,720152135591
4506	-19,6237832204182	345,810817483099	0			2019,62378322042	345,810817483099
4514	-24,1777200076349	345,392199671804	0			2024,17772000763	345,392199671804
4524	-24,982495619349	324,430802631333	0			2024,98249561935	324,430802631333
4544	-24,8734530331734	284,107036124578	0			2024,87345303317	284,107036124578
4569	-24,3277527280814	273,26459460273	0			2024,32775272808	273,26459460273
4577	-11,3293786945166	308,49027758963	0			2011,32937869452	308,49027758963
4604	-2,30944851609202	318,300732464268	0			2002,30944851609	318,300732464268
4614	-15,3546205836142	297,802942993956	0			2015,35462058361	297,802942993956
4632	-12,2216200842528	308,529855981389	0			2012,22162008425	308,529855981389
4651	-20,0124203867721	297,664168149932	0			2020,01242038677	297,664168149932
4664	-7,06647424214833	310,964034472064	0			2007,06647424215	310,964034472064
4693	-17,2964605044949	293,745904452737	0			2017,29646050449	293,745904452737
4702	-4,46164837807105	265,004158860705	0			2004,46164837807	265,004158860705
4726	29,143971619029	271,220721549984	0			1970,85602838097	271,220721549984
4732	43,1290108371446	277,851926916437	0			1956,87098916286	277,851926916437
4758	34,8853613457199	303,906466130509	0			1965,11463865428	303,906466130509
4795	31,1181970823103	380,226292925585	0			1968,88180291769	380,226292925585
4833	14,4616920957506	396,276911869757	0			1985,53830790425	396,276911869757
4838	-3,93586004330911	386,588796429401	0			2003,93586004331	386,588796429401
4845	-20,6499536441662	395,885690193855	0			2020,64995364417	395,885690193855
4848	-32,779605330324	393,425033187892	0			2032,77960533032	393,425033187892
4862	-49,7988199685088	378,564256408358	0			2049,79881996851	378,564256408358
4867	-56,6898275945174	374,648117925428	0			2056,68982759452	374,648117925428
4871	-64,0127127764004	373,843116622482	0			2064,0127127764	373,843116622482
4908	-63,3228948400513	363,866400346201	0			2063,32289484005	363,866400346201
4922	-62,0338931275633	369,319431603965	0			2062,03389312756	369,319431603965
4933	-63,362146466752	359,895403859096	0			2063,36214646675	359,895403859096
4948	-51,1951133277244	350,42506611029	0			2051,19511332772	350,42506611029
4967	-10,5323047210247	299,229222034006	0			2010,53230472102	299,229222034006
4978	-5,46561981545568	290,442144654797	0			2005,46561981546	290,442144654797
4995	8,55302341197508	316,231462931932	0			1991,44697658802	316,231462931932
5006	7,59033450002713	312,088642810392	0			1992,40966549997	312,088642810392
5031	13,3585024681602	295,410731015528	0			1986,64149753184	295,410731015528
5054	22,913994901609	254,663962825543	0			1977,08600509839	254,663962825543
5070	16,4587951643715	279,577797527019	0			1983,54120483563	279,577797527019
5083	2,87554818347611	329,841170959531	0			1997,12445181652	329,841170959531
5104	-1,5483872798732	332,886374027022	0			2001,54838727987	332,886374027022
5110	-7,52780605813508	334,271055179265	0			2007,52780605814	334,271055179265
5140	-11,1131962432886	355,036294236065	0			2011,11319624329	355,036294236065
5158	-11,5193782187504	311,481748848807	0			2011,51937821875	311,481748848807
5174	-74,3685485941442	216,053313700932	0			2074,36854859414	216,053313700932
5202	-14,4426715967093	294,157141146819	0			2014,44267159671	294,157141146819
5219	-134,753373726357	74,7466055513064	0			2134,75337372636	74,7466055513064
5236	-114,826725480851	111,022447926294	0			2114,82672548085	111,022447926294
5268	-63,2697359302911	222,786419393684	0			2063,26973593029	222,786419393684
5274	-12,6267752075092	333,352648828701	0			2012,62677520751	333,352648828701
5291	-3,44507286213111	358,147589083449	0			2003,44507286213	358,147589083449
5297	-24,0596556802159	334,819955532075	0			2024,05965568022	334,819955532075
5323	-28,203700658062	332,307761938466	0			2028,20370065806	332,307761938466
5372	-44,0498138138899	303,600208262187	0			2044,04981381389	303,600208262187
5427	-56,5978016282362	294,805115582395	0			2056,59780162824	294,805115582395
5433	-54,2060213242408	299,622025998284	0			2054,20602132424	299,622025998284
5459	-37,2491457218677	343,869583689701	0			2037,24914572187	343,869583689701
5466	-32,0872106487344	331,490963023528	0			2032,08721064873	331,490963023528
5499	-48,2590506702819	284,552563942992	0			2048,25905067028	284,552563942992
5523	-63,3082074681851	277,037584931435	0			2063,30820746819	277,037584931435
5531	-63,0400773861495	263,30505509599	0			2063,04007738615	263,30505509599
5549	-65,4103726043681	267,750690222906	0			2065,41037260437	267,750690222906
5558	-67,1408043449489	247,558565713966	0			2067,14080434495	247,558565713966
5582	-70,6840858427114	233,426097223317	0			2070,68408584271	233,426097223317
5607	-65,8976752034213	244,511435445231	0			2065,89767520342	244,511435445231
5610	-68,7520357658812	250,040012408836	0			2068,75203576588	250,040012408836
5626	-62,378046948397	272,144637672829	0			2062,3780469484	272,144637672829
5648	-50,964677105558	288,057787978225	0			2050,96467710556	288,057787978225
5668	-26,8370766372481	241,694842323181	0			2026,83707663725	241,694842323181
5682	-55,0565923013931	300,322490248615	0			2055,05659230139	300,322490248615
5697	-21,8778325559125	275,643352354532	0			2021,87783255591	275,643352354532
5733	-18,0417500182823	283,022382695446	0			2018,04175001828	283,022382695446
5740	-25,4358767522391	283,004023987964	0			2025,43587675224	283,004023987964
5782	-46,0018779475705	300,532971080372	0			2046,00187794757	300,532971080372
5817	-49,3789954690896	339,394315161898	0			2049,37899546909	339,394315161898
5831	-13,1742759488781	365,018957722945	0			2013,17427594888	365,018957722945
5863	-12,4945620983172	350,258510616758	0			2012,49456209832	350,258510616758
5870	-10,3951054077053	345,61280206279	0			2010,39510540771	345,61280206279
5905	-18,237102282741	339,240476054481	0			2018,23710228274	339,240476054481
5918	-38,3992121069635	316,595018517064	0			2038,39921210696	316,595018517064
5953	-56,2172012344421	298,038752730462	0			2056,21720123444	298,038752730462
5966	-80,4841693994039	295,740204116766	0			2080,4841693994	295,740204116766
5996	-17,4651503823019	385,89563091385	0			2017,4651503823	385,89563091385
6006	24,2009662987349	397,92226531056	0			1975,79903370127	397,92226531056
6041	40,5756045175121	361,513991649887	0			1959,42439548249	361,513991649887
6067	26,94187629228	371,883619353916	0			1973,05812370772	371,883619353916
6101	63,2185996720314	358,541380773876	0			1936,78140032797	358,541380773876
6121	28,0612825988024	356,01090994427	0			1971,9387174012	356,01090994427
6137	-9,79946030147962	338,89224753512	0			2009,79946030148	338,89224753512
6143	-10,0667205684747	347,901614345328	0			2010,06672056847	347,901614345328
6160	-171,202140710434	235,914165086068	0			2171,20214071043	235,914165086068
6186	-144,139920965658	258,655326838156	0			2144,13992096566	258,655326838156
6191	-113,698542057445	292,932165819407	0			2113,69854205745	292,932165819407
6213	-92,5333029024369	315,112782636808	0			2092,53330290244	315,112782636808
6231	25,0005544746697	403,96428755059	0			1974,99944552533	403,96428755059
6257	-0,340226454135986	385,153418804126	0			2000,34022645414	385,153418804126
6281	-55,1409969454889	327,649532830611	0			2055,14099694549	327,649532830611
6283	-60,2637287235803	325,83521724968	0			2060,26372872358	325,83521724968
6299	-54,8699042935486	329,165486407288	0			2054,86990429355	329,165486407288
6315	-49,8895422870995	330,572806049065	0			2049,8895422871	330,572806049065
6325	-43,2236098292867	337,80657765667	0			2043,22360982929	337,80657765667
6342	-40,9246265390011	346,703757486991	0			2040,924626539	346,703757486991
6357	-35,0816016641884	350,623272376688	0			2035,08160166419	350,623272376688
6365	-25,9349209399735	352,762268029979	0			2025,93492093997	352,762268029979
6404	-22,9490565866689	356,233751690567	0			2022,94905658667	356,233751690567
6412	-32,8271729039658	345,490026781005	0			2032,82717290397	345,490026781005
6433	-44,0420910125754	332,092096915702	0			2044,04209101258	332,092096915702
6457	-38,3586234375178	338,798069175877	0			2038,35862343752	338,798069175877
6462	-28,3607396788456	361,295369488549	0			2028,36073967885	361,295369488549
6479	-34,5748166296283	362,371553893679	0			2034,57481662963	362,371553893679
6507	34,2710699876354	407,899647809714	0			1965,72893001236	407,899647809714
6514	52,2144611445592	418,204969920375	0			1947,78553885544	418,204969920375
6524	33,6220108059065	400,11600360849	0			1966,37798919409	400,11600360849
6559	-30,5510069199024	330,387127972641	0			2030,5510069199	330,387127972641
6568	-33,57754804264	320,328552219264	0			2033,57754804264	320,328552219264
6586	-50,4991871186591	300,855214434858	0			2050,49918711866	300,855214434858
6595	-57,1166919092882	294,851020654136	0			2057,11669190929	294,851020654136
6613	-51,8040175206946	306,549978517527	0			2051,80401752069	306,549978517527
6630	-44,860303320713	327,660163317955	0			2044,86030332071	327,660163317955
6640	-49,4528579167875	323,79462963141	0			2049,45285791679	323,79462963141
6689	-52,7052059213464	320,458900276157	0			2052,70520592135	320,458900276157
6693	-55,2904295993341	320,306203524077	0			2055,29042959933	320,306203524077
6703	-65,896437383616	315,13508101577	0			2065,89643738362	315,13508101577
6718	-61,3898138185901	300,82983802205	0			2061,38981381859	300,82983802205
6728	-59,6562231547689	295,333143639192	0			2059,65622315477	295,333143639192
6746	-59,3702793768819	294,857203522575	0			2059,37027937688	294,857203522575
6767	-62,308180543605	296,368373221699	0			2062,30818054361	296,368373221699
6773	-69,2635740343856	305,973611835116	0			2069,26357403439	305,973611835116
6789	-65,4838702740089	311,31818247885	0			2065,48387027401	311,31818247885
6808	-66,1140816897535	309,897186998513	0			2066,11408168975	309,897186998513
6822	-67,381208996668	312,773972219981	0			2067,38120899667	312,773972219981
6854	-62,9023738415026	308,648293362109	0			2062,9023738415	308,648293362109
6868	-66,78061546846	317,187326073599	0			2066,78061546846	317,187326073599
6885	-69,8043671843794	315,938621312676	0			2069,80436718438	315,938621312676
6899	-70,7540686622354	318,169105661496	0			2070,75406866224	318,169105661496
6909	-67,081191698761	320,43907412357	0			2067,08119169876	320,43907412357
6927	-63,0619700899803	321,862581764072	0			2063,06197008998	321,862581764072
6941	-51,6894320708201	335,594329316069	0			2051,68943207082	335,594329316069
6956	-47,0488202765801	332,880377517319	0			2047,04882027658	332,880377517319
6972	-48,6447288689679	332,454404108484	0			2048,64472886897	332,454404108484
7002	-67,4106736106496	304,054735972364	0			2067,41067361065	304,054735972364
7022	-54,7440689230468	324,592884871781	0			2054,74406892305	324,592884871781
7058	-53,5113782576631	327,003225315259	0			2053,51137825766	327,003225315259
7072	-61,8181511068826	317,515472544204	0			2061,81815110688	317,515472544204
7080	-91,5615261105257	307,476865436876	0			2091,56152611053	307,476865436876
7093	-92,1693054243768	308,602893055723	0			2092,16930542438	308,602893055723
7117	-89,3116333861606	313,010157794496	0			2089,31163338616	313,010157794496
7127	-82,8993871472165	320,164323673777	0			2082,89938714722	320,164323673777
7131	-61,2943008549393	324,977011653648	0			2061,29430085494	324,977011653648
7160	-44,1905475284	332,783643479918	0			2044,1905475284	332,783643479918
7176	-48,9738041484075	330,827421138964	0			2048,97380414841	330,827421138964
7192	-52,9998526387527	285,47490800882	0			2052,99985263875	285,47490800882
7209	-53,353365993913	289,387418774874	0			2053,35336599391	289,387418774874
7227	-48,7015183663023	302,980213612058	0			2048,7015183663	302,980213612058
7231	-45,4262842919861	309,760800890398	0			2045,42628429199	309,760800890398
7245	-56,0238975511873	296,488359064853	0			2056,02389755119	296,488359064853
7259	-58,8282124172723	296,255832851888	0			2058,82821241727	296,255832851888
7276	-74,1574345292374	284,953177130728	0			2074,15743452924	284,953177130728
7305	-82,3508407670261	282,925488766168	0			2082,35084076703	282,925488766168
7329	-80,0500154992107	302,342030989331	0			2080,05001549921	302,342030989331
7339	-85,431690681485	299,950355264971	0			2085,43169068149	299,950355264971
7350	-80,3848706165578	303,580820037558	0			2080,38487061656	303,580820037558
7359	-68,1139944538766	312,400223105234	0			2068,11399445388	312,400223105234
7380	-56,7114897417543	335,727223400116	0			2056,71148974175	335,727223400116
7395	-61,7744320066139	341,816966877469	0			2061,77443200661	341,816966877469
7412	-63,340861411572	343,492973206261	0			2063,34086141157	343,492973206261
7421	-57,59691748696	350,961435491627	0			2057,59691748696	350,961435491627
7449	-57,0529804426335	352,937234243695	0			2057,05298044263	352,937234243695
7466	-35,5133101910668	378,876997334816	0			2035,51331019107	378,876997334816
7481	-35,507239977664	378,044706896956	0			2035,50723997766	378,044706896956
7497	-36,0240441701083	379,195631936678	0			2036,02404417011	379,195631936678
7515	-60,4066936824731	366,911174674744	0			2060,40669368247	366,911174674744
7529	-67,0416068717628	363,979421402053	0			2067,04160687176	363,979421402053
7538	-88,3452455863555	348,312452201805	0			2088,34524558636	348,312452201805
7556	-84,0702451895808	338,778366812189	0			2084,07024518958	338,778366812189
7579	-88,5883241329506	336,881412965981	0			2088,58832413295	336,881412965981
7607	-91,2786899532531	330,282112346893	0			2091,27868995325	330,282112346893
7621	-87,0731523981174	330,043090038216	0			2087,07315239812	330,043090038216
7632	-87,3470435107952	329,105814404563	0			2087,3470435108	329,105814404563
7651	-71,2006354181198	345,000877623825	0			2071,20063541812	345,000877623825
7666	52,6595269670593	427,868953477412	0			1947,34047303294	427,868953477412
7684	35,7610090522717	417,702761397279	0			1964,23899094773	417,702761397279
7691	4,07048585542472	394,203884802788	0			1995,92951414458	394,203884802788
7706	40,159747665377	417,412075531155	0			1959,84025233462	417,412075531155
7719	21,7039368763107	398,357292370355	0			1978,29606312369	398,357292370355
7752	-28,2307017108251	357,228307291191	0			2028,23070171083	357,228307291191
7765	-38,146970032707	340,239009360993	0			2038,14697003271	340,239009360993
7786	-44,942166167863	328,010085963153	0			2044,94216616786	328,010085963153
7799	-38,7871744017395	328,429857213515	0			2038,78717440174	328,429857213515
7808	-43,8436364102055	330,128877603749	0			2043,84363641021	330,128877603749
7823	-52,2453241781253	327,741943473721	0			2052,24532417813	327,741943473721
7849	-53,882476685859	327,612484278774	0			2053,88247668586	327,612484278774
7855	-55,0739189302208	331,89669539188	0			2055,07391893022	331,89669539188
7873	-55,4808250534392	333,952403596377	0			2055,48082505344	333,952403596377
7903	-64,2147146629012	341,460953477248	0			2064,2147146629	341,460953477248
7918	-65,4441344958687	341,778450092154	0			2065,44413449587	341,778450092154
7943	-67,2091581773985	342,65538169619	0			2067,2091581774	342,65538169619
7945	-69,7722092962591	341,007801779213	0			2069,77220929626	341,007801779213
7961	-68,2274563055605	343,406660641983	0			2068,22745630556	343,406660641983
7977	-65,2413171632695	353,180293327698	0			2065,24131716327	353,180293327698
7993	-65,9570071559613	349,635969108136	0			2065,95700715596	349,635969108136
8011	-59,1253465787681	358,934190799765	0			2059,12534657877	358,934190799765
8027	-60,1146679235542	363,257140864962	0			2060,11466792355	363,257140864962
8057	-58,3506776589947	367,124696739887	0			2058,35067765899	367,124696739887
8074	-57,393948709387	363,442288738024	0			2057,39394870939	363,442288738024
8155	-57,3463339894411	363,996094930444	0			2057,34633398944	363,996094930444
8158	-56,2463780139934	361,927738627442	0			2056,24637801399	361,927738627442
8161	-52,0455763086899	359,445423885316	0			2052,04557630869	359,445423885316
8164	-51,603875504667	359,708314945399	0			2051,60387550467	359,708314945399
8166	-56,5997890349135	334,852765116981	0			2056,59978903491	334,852765116981
8176	-52,4293153961758	345,606429188794	0			2052,42931539618	345,606429188794
8185	-49,8369881141665	347,195548431931	0			2049,83698811417	347,195548431931
8203	-50,1921415237744	347,489099943416	0			2050,19214152377	347,489099943416
8218	1,80147939868868	382,888541590409	0			1998,19852060131	382,888541590409
8231	1,13273828896432	376,57798063144	0			1998,86726171104	376,57798063144
8249	-20,2357602464789	357,164705264979	0			2020,23576024648	357,164705264979
8259	9,66118200934911	408,268907459293	0			1990,33881799065	408,268907459293
8277	-7,89293267638859	398,157554547735	0			2007,89293267639	398,157554547735
8291	23,6148852891326	424,6214885891	0			1976,38511471087	424,6214885891
8304	26,3923044890371	425,44035069904	0			1973,60769551096	425,44035069904
8320	-26,3887317328942	374,414831706924	0			2026,38873173289	374,414831706924
8347	-37,0905275262249	379,419606448728	0			2037,09052752622	379,419606448728
8369	-63,0085601600501	321,503805367589	0			2063,00856016005	321,503805367589
8393	-45,2524828734347	310,844838839682	0			2045,25248287343	310,844838839682
8396	-49,6463618660787	316,895956987521	0			2049,64636186608	316,895956987521
8412	119,25854196399	344,757097590144	0			1880,74145803601	344,757097590144
8431	367,058662857052	366,614258660296	1	1632,94133714295	366,614258660296
8446	652,095567046221	347,1992516324	1	1347,90443295378	347,1992516324
8460	822,222666154271	320,321764878843	1	1177,77733384573	320,321764878843
8475	957,310497201529	325,723444242883	1	1042,68950279847	325,723444242883
8504	1141,00742322729	306,033314923482	1	858,992576772708	306,033314923482
8521	1201,68376039159	345,390777187187	1	798,316239608413	345,390777187187
8535	1284,40154441631	350,616813255615	1	715,598455583686	350,616813255615
8554	1340,93551576313	391,454183180979	1	659,064484236871	391,454183180979
8588	1388,77252293021	384,25897902528	1	611,227477069792	384,25897902528
8614	1393,4459070313	379,578064102081	1	606,5540929687	379,578064102081
8619	1394,63590961295	382,362618477301	1	605,364090387051	382,362618477301
8621	1410,86423851316	371,033746403079	1	589,135761486837	371,033746403079
8622	1398,0041744684	381,439411299742	1	601,995825531595	381,439411299742
8661	1381,18047620915	382,635332612073	1	618,819523790855	382,635332612073
8678	1380,10438596484	375,886163795992	1	619,895614035163	375,886163795992
8996	1407,89909486246	367,837866549113	1	592,10090513754	367,837866549113
9047	1437,64304744387	392,067679327789	1	562,356952556129	392,067679327789
9076	1437,64304744387	392,067679327789	1	562,356952556129	392,067679327789
9085	1436,9671012959	388,216089758748	1	563,032898704102	388,216089758748
9130	1431,42280499643	357,901531225285	1	568,577195003571	357,901531225285
9149	1429,9471334099	355,619958349328	1	570,052866590096	355,619958349328
9163	1411,99583805207	376,595033039313	1	588,004161947933	376,595033039313
9190	1412,4319013118	399,691261542174	1	587,5680986882	399,691261542174
9226	1433,66155629078	402,900526868492	1	566,338443709223	402,900526868492
9229	1387,06910182744	391,452087031366	1	612,93089817256	391,452087031366
9232	1393,2141108521	408,481475629967	1	606,785889147899	408,481475629967
9268	1434,09754962263	410,12256572407	1	565,90245037737	410,12256572407
9279	1437,0142003115	405,515733767226	1	562,985799688496	405,515733767226
9285	1443,68698392475	402,856457324033	1	556,31301607525	402,856457324033
9294	1431,65687272763	419,593722132238	1	568,343127272367	419,593722132238
9323	1440,24971359152	413,134034044428	1	559,750286408482	413,134034044428
9329	1447,52444293485	407,901084415092	1	552,475557065149	407,901084415092
9340	1444,49565357742	431,542346567552	1	555,504346422582	431,542346567552
9363	1454,01112460913	430,415775418531	1	545,988875390874	430,415775418531
9413	1347,23908940742	343,03989855833	1	652,760910592579	343,03989855833
9431	1377,15107590711	393,37637832537	1	622,848924092889	393,37637832537
9437	1122,36611947725	426,927351384402	1	877,633880522746	426,927351384402
9455	459,73839321142	551,232528296107	1	1540,26160678858	551,232528296107
9480	517,452695216361	542,224815524961	1	1482,54730478364	542,224815524961
9482	472,472708349901	540,361941952785	1	1527,5272916501	540,361941952785
9500	385,621292858665	553,94569377335	1	1614,37870714134	553,94569377335
9510	393,538874663167	537,438407567109	1	1606,46112533683	537,438407567109
9531	238,769087792767	550,462405990425	1	1761,23091220723	550,462405990425
9576	35,5574930567778	520,576857561961	0			1964,44250694322	520,576857561961
9586	122,026757355376	519,023824340057	0			1877,97324264462	519,023824340057
9599	50,7039431481626	528,911401924763	0			1949,29605685184	528,911401924763
9604	65,4171004876649	537,9980314886	0			1934,58289951233	537,9980314886
9611	80,1547483757413	550,408112585399	0			1919,84525162426	550,408112585399
9630	127,29172241669	577,550150315054	0			1872,70827758331	577,550150315054
9642	120,579328744131	566,614617018287	0			1879,42067125587	566,614617018287
9659	123,95974135982	563,750946792652	0			1876,04025864018	563,750946792652
9674	126,748301857286	561,541270681491	0			1873,25169814271	561,541270681491
9697	118,296178361357	567,38974503218	0			1881,70382163864	567,38974503218
9721	125,605066866834	560,510712686327	0			1874,39493313317	560,510712686327
