9	-169,674203443967	304,384782727124	0			2169,67420344397	304,384782727124
28	-136,509285136681	352,147245457382	0			2136,50928513668	352,147245457382
55	-132,207302032389	356,149608181636	0			2132,20730203239	356,149608181636
65	-151,452797160329	324,980756251819	0			2151,45279716033	324,980756251819
76	-155,184027248281	318,988575776405	0			2155,18402724828	318,988575776405
91	-144,369908622657	336,554422787346	0			2144,36990862266	336,554422787346
108	-142,492775480475	339,382511367095	0			2142,49277548048	339,382511367095
124	-163,820386722776	311,526712650623	0			2163,82038672278	311,526712650623
144	-172,407014179494	303,900805860392	0			2172,40701417949	303,900805860392
158	-173,374340319835	302,812208566147	0			2173,37434031984	302,812208566147
163	-141,444672196012	361,863238759578	0			2141,44467219601	361,863238759578
209	-157,029721118631	357,659563597443	0			2157,02972111863	357,659563597443
216	-162,663098632595	375,339477105274	0			2162,66309863259	375,339477105274
229	-156,118055681937	383,515300020843	0			2156,11805568194	383,515300020843
244	-185,140489410727	373,504189227662	0			2185,14048941073	373,504189227662
261	-165,818726975869	376,324990633184	0			2165,81872697587	376,324990633184
270	-166,546775547751	376,284183778849	0			2166,54677554775	376,284183778849
294	-150,236427492115	376,227113507049	0			2150,23642749211	376,227113507049
299	-154,458798638813	381,158656911953	0			2154,45879863881	381,158656911953
319	-158,372549169422	373,731594161458	0			2158,37254916942	373,731594161458
347	-148,075950260627	371,811117089975	0			2148,07595026063	371,811117089975
364	-143,947894602958	374,068428684371	0			2143,94789460296	374,068428684371
385	-145,883350096432	421,197023869552	0			2145,88335009643	421,197023869552
396	-150,483950361373	396,724263515574	0			2150,48395036137	396,724263515574
412	-150,744951736622	384,230095324611	0			2150,74495173662	384,230095324611
423	-152,679132630892	380,262442106601	0			2152,67913263089	380,262442106601
441	-147,970709482565	334,071073028415	0			2147,97070948256	334,071073028415
476	-147,113894198198	336,034696422045	0			2147,1138941982	336,034696422045
486	-152,061689554758	370,817907622626	0			2152,06168955476	370,817907622626
520	-148,875123528015	361,197975374855	0			2148,87512352801	361,197975374855
528	-140,133956175613	258,322418074386	0			2140,13395617561	258,322418074386
546	-140,483366761057	265,692482178985	0			2140,48336676106	265,692482178985
557	-140,143445649792	311,304790858439	0			2140,14344564979	311,304790858439
568	-141,733359582616	267,335429964432	0			2141,73335958262	267,335429964432
587	-157,772226448792	293,026025236759	0			2157,77222644879	293,026025236759
604	-141,301267017565	319,690671304258	0			2141,30126701756	319,690671304258
619	-107,512158117676	400,735000966805	0			2107,51215811768	400,735000966805
652	-78,8509298772774	455,485351605507	0			2078,85092987728	455,485351605507
666	-63,9454105843327	490,800483257183	0			2063,94541058433	490,800483257183
677	-57,5923202258511	507,641120690433	0			2057,59232022585	507,641120690433
696	-60,3747679899063	510,602587888238	0			2060,37476798991	510,602587888238
707	-62,0847920306347	509,993137690191	0			2062,08479203063	509,993137690191
736	-64,9204956661783	501,374825784962	0			2064,92049566618	501,374825784962
756	-68,786744197203	494,618898491305	0			2068,7867441972	494,618898491305
766	-65,6028849357957	500,161691394904	0			2065,6028849358	500,161691394904
776	-74,4655984491137	479,269880934229	0			2074,46559844911	479,269880934229
798	-90,1729240081978	445,197731652868	0			2090,1729240082	445,197731652868
818	-96,9266051714481	427,54527743956	0			2096,92660517145	427,54527743956
847	-67,6645592557191	466,336470005798	0			2067,66455925572	466,336470005798
850	-62,0397680272806	476,878826711454	0			2062,03976802728	476,878826711454
869	-75,0811191290811	460,61883285191	0			2075,08111912908	460,61883285191
881	-71,6690359560414	461,4564217992	0			2071,66903595604	461,4564217992
889	-69,787938737774	462,984600759927	0			2069,78793873777	462,984600759927
913	-68,2764801614149	463,858970764339	0			2068,27648016141	463,858970764339
922	-78,2046651404667	450,540085374503	0			2078,20466514047	450,540085374503
974	-30,3520602958044	443,943956407764	0			2030,3520602958	443,943956407764
987	-30,4172296364924	450,004394926463	0			2030,41722963649	450,004394926463
996	-15,7112740258091	450,661404726446	0			2015,71127402581	450,661404726446
1017	-52,0168805956873	477,289439684971	0			2052,01688059569	477,289439684971
1040	-48,2546610734334	455,749750109561	0			2048,25466107343	455,749750109561
1045	-33,5051531544203	422,10497253493	0			2033,50515315442	422,10497253493
1062	-46,4326035329589	448,603088844461	0			2046,43260353296	448,603088844461
1078	-44,0697365332141	442,24712121862	0			2044,06973653321	442,24712121862
1084	-15,0408729907825	438,645217014326	0			2015,04087299078	438,645217014326
1108	-25,7477182042703	448,958656522739	0			2025,74771820427	448,958656522739
1111	-13,7420825339948	449,274989629059	0			2013,74208253399	449,274989629059
1131	-39,8553526809284	471,448680439188	0			2039,85535268093	471,448680439188
1147	-54,1952129518217	480,537438054926	0			2054,19521295182	480,537438054926
1156	-27,7929269814742	464,158742491951	0			2027,79292698147	464,158742491951
1181	-43,4753133589741	482,816961442876	0			2043,47531335897	482,816961442876
1197	-47,6310587092797	484,9711684308	0			2047,63105870928	484,9711684308
1203	-56,957389161977	483,616804670131	0			2056,95738916198	483,616804670131
1219	-68,4374391810473	483,294708543893	0			2068,43743918105	483,294708543893
1248	-53,833085530195	499,592467329002	0			2053,8330855302	499,592467329002
1267	-54,8862167627589	498,443570727985	0			2054,88621676276	498,443570727985
1283	-63,8587914552352	484,848880197806	0			2063,85879145524	484,848880197806
1294	-72,5490331424282	475,956344327657	0			2072,54903314243	475,956344327657
1314	-69,0665759829241	492,425707888629	0			2069,06657598292	492,425707888629
1328	-68,8678988429702	485,035677592449	0			2068,86789884297	485,035677592449
1336	-69,9157328640073	481,141981550452	0			2069,91573286401	481,141981550452
1361	-71,9056043710197	464,40377768158	0			2071,90560437102	464,40377768158
1379	-71,7793603707519	464,694264861908	0			2071,77936037075	464,694264861908
1403	-73,1890944047681	474,397223264678	0			2073,18909440477	474,397223264678
1437	-70,225675159242	488,495927984081	0			2070,22567515924	488,495927984081
1448	-71,9778721742899	479,818151868768	0			2071,97787217429	479,818151868768
1459	-52,8664214745511	518,029981874573	0			2052,86642147455	518,029981874573
1467	-58,726588700309	505,963731600894	0			2058,72658870031	505,963731600894
1482	-53,2973597502742	513,692219033707	0			2053,29735975027	513,692219033707
1491	-51,2322786123939	512,070225736132	0			2051,23227861239	512,070225736132
1521	-51,0396801493826	505,933412725405	0			2051,03968014938	505,933412725405
1525	-54,7474467818788	503,404998386954	0			2054,74744678188	503,404998386954
1553	-57,8595011516409	490,887562226688	0			2057,85950115164	490,887562226688
1568	-57,229359840747	491,634558463016	0			2057,22935984075	491,634558463016
1585	-56,4680809613434	491,647996391107	0			2056,46808096134	491,647996391107
1605	-60,9230376562312	501,148583673241	0			2060,92303765623	501,148583673241
1611	-61,4820706268601	497,443252999237	0			2061,48207062686	497,443252999237
1628	-63,0953291579348	492,542675415887	0			2063,09532915793	492,542675415887
1645	-52,3125637383914	467,65442902576	0			2052,31256373839	467,65442902576
1654	-42,5086952199723	473,190020304017	0			2042,50869521997	473,190020304017
1673	-72,9052400689609	455,074944476246	0			2072,90524006896	455,074944476246
1707	-67,5599015872311	465,260017774915	0			2067,55990158723	465,260017774915
1726	-42,3104083797003	493,569339509965	0			2042,3104083797	493,569339509965
1747	-42,6902453783191	494,76930627182	0			2042,69024537832	494,76930627182
1752	-44,8600708796614	500,357659067792	0			2044,86007087966	500,357659067792
1768	-53,8418873699861	503,541980563197	0			2053,84188736999	503,541980563197
1780	-57,4654702157019	500,079596629893	0			2057,4654702157	500,079596629893
1804	-58,7221073171619	496,306108291247	0			2058,72210731716	496,306108291247
1810	-58,9270769002431	492,797532969429	0			2058,92707690024	492,797532969429
1829	-63,0949606717471	493,077810986253	0			2063,09496067175	493,077810986253
1858	-64,5200409949806	495,010136510505	0			2064,52004099498	495,010136510505
1909	-67,2988028790192	510,568126356394	0			2067,29880287902	510,568126356394
1933	-64,6530633242932	519,760955194973	0			2064,65306332429	519,760955194973
1941	-63,5538988986698	522,845892861624	0			2063,55389889867	522,845892861624
1945	-53,2041105996553	483,16249687812	0			2053,20411059966	483,16249687812
1949	-46,1522359238655	463,533818869716	0			2046,15223592387	463,533818869716
1953	-47,6251363009564	451,06130442475	0			2047,62513630096	451,06130442475
1962	-49,6609719431881	454,22424018019	0			2049,66097194319	454,22424018019
1972	-42,9596564774807	421,937823467748	0			2042,95965647748	421,937823467748
2002	-77,5950833203168	385,274496795506	0			2077,59508332032	385,274496795506
2225	896,555612311008	353,981190674739	1	1103,44438768899	353,981190674739
2265	771,399022074579	372,412019253776	1	1228,60097792542	372,412019253776
2282	811,47671628951	384,072521662107	1	1188,52328371049	384,072521662107
2300	789,102770253896	376,762011601521	1	1210,8972297461	376,762011601521
2328	753,243643432839	387,844223530259	1	1246,75635656716	387,844223530259
2346	756,918965347477	402,788260959532	1	1243,08103465252	402,788260959532
2360	899,584361348137	462,844177027274	1	1100,41563865186	462,844177027274
2394	884,664461919103	461,935530868311	1	1115,3355380809	461,935530868311
2401	882,045854039491	464,586134952845	1	1117,95414596051	464,586134952845
2406	883,116343686765	486,102587383653	1	1116,88365631324	486,102587383653
2454	884,302933364351	482,661099874073	1	1115,69706663565	482,661099874073
2483	850,929223765709	464,629903880859	1	1149,07077623429	464,629903880859
2506	871,895228551351	466,136061913416	1	1128,10477144865	466,136061913416
2522	911,15016189497	456,640050986787	1	1088,84983810503	456,640050986787
2544	920,734930484738	461,25357534762	1	1079,26506951526	461,25357534762
2641	969,109485218826	539,414683918059	1	1030,89051478117	539,414683918059
2666	1005,13248381877	629,82099597277	1	994,86751618123	629,82099597277
2678	994,770289866831	619,750918780012	1	1005,22971013317	619,750918780012
2709	996,798020317678	636,174767995071	1	1003,20197968232	636,174767995071
2723	1014,14858348825	627,157540967449	1	985,851416511752	627,157540967449
3065	1135,28088813461	709,123542516999	1	864,719111865392	709,123542516999
3085	1155,50726733161	681,059985050413	1	844,492732668386	681,059985050413
3108	1150,54640783269	701,262967265688	1	849,453592167306	701,262967265688
3134	1153,45502346107	709,706771167184	1	846,54497653893	709,706771167184
3155	1154,28785615256	706,165494412878	1	845,712143847441	706,165494412878
3168	1149,76185276251	763,032147048364	1	850,238147237485	763,032147048364
3209	1145,73227529517	757,1655601226	1	854,267724704833	757,1655601226
3217	1141,62518989664	775,652270225809	1	858,374810103357	775,652270225809
3227	1136,22254982385	784,502393073667	1	863,777450176151	784,502393073667
3247	1127,51696727566	772,101469104067	1	872,483032724341	772,101469104067
3259	1083,7339938381	753,324391713409	1	916,266006161902	753,324391713409
3275	1085,44243755	735,311149737102	1	914,557562449999	735,311149737102
3292	1074,61967584755	751,526651547611	1	925,380324152446	751,526651547611
3334	1076,37371230008	741,840556297379	1	923,62628769992	741,840556297379
3353	1068,71941247037	742,815636029809	1	931,280587529629	742,815636029809
3374	1026,77867988488	753,835574202253	1	973,22132011512	753,835574202253
3377	1016,60029547136	766,119019380346	1	983,399704528642	766,119019380346
3383	1014,91444012492	766,206937123732	1	985,085559875077	766,206937123732
3410	926,359448797733	804,53513801152	1	1073,64055120227	804,53513801152
3416	920,949711683146	811,24039048662	1	1079,05028831685	811,24039048662
3435	914,196209593152	830,599198175723	1	1085,80379040685	830,599198175723
3443	913,309518278789	822,706302879733	1	1086,69048172121	822,706302879733
3470	915,809652660885	829,922396770487	1	1084,19034733911	829,922396770487
3476	913,805282942923	844,664224493006	1	1086,19471705708	844,664224493006
3506	909,466366810645	825,556535072174	1	1090,53363318936	825,556535072174
3519	903,56496085307	799,765461180335	1	1096,43503914693	799,765461180335
3542	893,803221209813	775,606499733462	1	1106,19677879019	775,606499733462
3546	894,260289430527	776,105674490326	1	1105,73971056947	776,105674490326
3568	903,777870773316	779,929971159574	1	1096,22212922668	779,929971159574
3585	906,766641155818	777,517824909407	1	1093,23335884418	777,517824909407
3595	915,567696441643	760,911674395141	1	1084,43230355836	760,911674395141
3609	939,543410524599	735,901957649255	1	1060,4565894754	735,901957649255
3624	935,68761856853	730,424270916738	1	1064,31238143147	730,424270916738
3656	955,580166927441	683,64810750571	1	1044,41983307256	683,64810750571
3683	964,790387064793	685,152099413375	1	1035,20961293521	685,152099413375
3702	953,656234528263	675,019580164955	1	1046,34376547174	675,019580164955
3704	939,838008955228	663,408396716725	1	1060,16199104477	663,408396716725
4024	1181,02541432797	390,841037264755	1	818,974585672027	390,841037264755
4032	1068,15337640954	451,555451302403	1	931,846623590463	451,555451302403
4055	1000,82947621752	468,916601422294	1	999,170523782484	468,916601422294
4072	1035,73557612945	504,164568161734	1	964,264423870549	504,164568161734
4116	1017,6117787783	564,670319599504	1	982,388221221698	564,670319599504
4130	1000,05178790609	573,024766103945	1	999,948212093912	573,024766103945
4153	1024,78224756253	582,277386948015	1	975,217752437467	582,277386948015
4174	1046,51818341714	573,804815608889	1	953,481816582855	573,804815608889
4191	1057,29824905836	545,883254514523	1	942,701750941644	545,883254514523
4213	1036,62451469798	530,439767969782	1	963,375485302015	530,439767969782
4271	1075,80789314833	480,551142793898	1	924,192106851669	480,551142793898
4306	1064,28899961206	491,474773373362	1	935,711000387944	491,474773373362
4319	1065,36526684855	479,43957200473	1	934,634733151447	479,43957200473
4338	1048,65307151746	434,71489649541	1	951,346928482537	434,71489649541
4340	1051,99843663798	473,298593689577	1	948,001563362022	473,298593689577
4355	1054,52210113993	485,672788631368	1	945,47789886007	485,672788631368
4373	1067,33552143448	461,699091676678	1	932,664478565524	461,699091676678
4393	1083,58198347686	440,216010863608	1	916,418016523139	440,216010863608
4412	1071,43849234946	437,371396804532	1	928,561507650542	437,371396804532
4429	1069,24637486224	431,44439591324	1	930,753625137762	431,44439591324
4443	1052,93603792185	414,373160995165	1	947,063962078149	414,373160995165
4462	1066,46600183039	426,30845885201	1	933,53399816961	426,30845885201
4481	1063,62427366018	426,933072203654	1	936,375726339822	426,933072203654
4503	1034,70795852783	415,856287301978	1	965,292041472174	415,856287301978
4508	1032,9228717442	416,097288035291	1	967,077128255803	416,097288035291
4522	1032,47222675609	417,206442034338	1	967,527773243911	417,206442034338
4554	1028,85316133687	417,754285721855	1	971,146838663126	417,754285721855
4577	1055,41177010274	460,455453306984	1	944,588229897258	460,455453306984
4581	1039,78845798018	469,189800282215	1	960,211542019824	469,189800282215
4596	1003,27627630342	463,709652227201	1	996,723723696578	463,709652227201
4613	1005,95462040128	486,087068961145	1	994,045379598716	486,087068961145
4641	1007,06841737171	505,806306170068	1	992,931582628286	505,806306170068
4699	975,503579559529	593,908242817303	1	1024,49642044047	593,908242817303
4740	969,542882225977	583,120563689436	1	1030,45711777402	583,120563689436
4801	961,910479852278	574,35532379993	1	1038,08952014772	574,35532379993
4828	939,230346594095	624,317110656518	1	1060,7696534059	624,317110656518
4869	930,766613426898	611,911413573477	1	1069,2333865731	611,911413573477
4893	928,599757418348	535,959714733171	1	1071,40024258165	535,959714733171
4909	927,495454513035	534,328452919572	1	1072,50454548697	534,328452919572
4935	921,859656651246	527,9857040523	1	1078,14034334875	527,9857040523
4955	931,964598097027	557,839173978653	1	1068,03540190297	557,839173978653
4975	982,995339879736	646,572366094342	1	1017,00466012026	646,572366094342
5003	971,545056153243	637,837618340567	1	1028,45494384676	637,837618340567
5015	988,931113891258	661,192452471052	1	1011,06888610874	661,192452471052
5031	984,818485473465	666,641488258544	1	1015,18151452654	666,641488258544
5044	959,903301575947	653,307232153375	1	1040,09669842405	653,307232153375
5062	975,420135013036	663,805828713154	1	1024,57986498696	663,805828713154
5081	979,22271558876	679,480319647959	1	1020,77728441124	679,480319647959
5093	980,315233398144	679,675046788801	1	1019,68476660186	679,675046788801
5109	959,353754001514	642,591929955444	1	1040,64624599849	642,591929955444
5123	961,573767183724	649,944196576128	1	1038,42623281628	649,944196576128
5157	963,661788824126	657,338972115559	1	1036,33821117587	657,338972115559
5164	963,317338043335	644,103670436024	1	1036,68266195666	644,103670436024
5181	971,787837549512	660,368261588723	1	1028,21216245049	660,368261588723
5221	974,512509195557	658,830102236135	1	1025,48749080444	658,830102236135
5403	1040,06539255284	455,817691335833	1	959,934607447158	455,817691335833
5497	938,637016814889	680,104349803694	1	1061,36298318511	680,104349803694
5513	942,509697478952	628,610063169079	1	1057,49030252105	628,610063169079
5527	926,585201323319	560,663522779525	1	1073,41479867668	560,663522779525
5542	929,304133312387	575,650513584773	1	1070,69586668761	575,650513584773
5564	928,774788557523	572,039944375139	1	1071,22521144248	572,039944375139
5598	924,871026023181	556,921643146677	1	1075,12897397682	556,921643146677
5634	958,021011875634	526,782487071665	1	1041,97898812437	526,782487071665
5649	959,122784076047	526,985260700587	1	1040,87721592395	526,985260700587
5692	869,911647687474	629,083358010537	1	1130,08835231253	629,083358010537
5727	884,867522152629	567,726128336918	1	1115,13247784737	567,726128336918
5902	986,474411850223	252,113569887662	1	1013,52558814978	252,113569887662
5942	963,192650261049	478,465866723845	1	1036,80734973895	478,465866723845
5966	968,297221452466	409,434502063109	1	1031,70277854753	409,434502063109
5991	977,312438448373	181,594521284312	1	1022,68756155163	181,594521284312
6007	977,114504892915	159,197491276104	1	1022,88549510708	159,197491276104
6076	955,66387497955	136,011137470648	1	1044,33612502045	136,011137470648
6092	953,494295484582	126,695860729087	1	1046,50570451542	126,695860729087
6121	950,160880156996	119,056593023982	1	1049,839119843	119,056593023982
6139	954,060144770635	120,351355269544	1	1045,93985522937	120,351355269544
6170	975,964026155	154,852160120375	1	1024,035973845	154,852160120375
6213	979,688876470664	153,366971739713	1	1020,31112352934	153,366971739713
6239	973,255579338914	120,712775705103	1	1026,74442066109	120,712775705103
6265	982,937017484537	139,783556801771	1	1017,06298251546	139,783556801771
6290	985,045794096176	144,130678095982	1	1014,95420590382	144,130678095982
6320	988,159085524613	143,864508934046	1	1011,84091447539	143,864508934046
6327	988,453486781646	149,112225509554	1	1011,54651321835	149,112225509554
6352	990,206149497639	165,586217178111	1	1009,79385050236	165,586217178111
6364	1000,56643171622	327,584585621675	1	999,433568283783	327,584585621675
6411	1055,14963374383	226,176951997231	1	944,850366256175	226,176951997231
6436	1062,17891948724	199,315914533215	1	937,821080512756	199,315914533215
6440	1058,60915846616	208,948301663502	1	941,390841533842	208,948301663502
6456	1059,11443885863	208,041233260693	1	940,885561141373	208,041233260693
6499	1076,76076615243	166,678317432637	1	923,239233847566	166,678317432637
6533	1081,83620212689	172,885577566996	1	918,163797873106	172,885577566996
6546	1081,70956320092	196,844274699367	1	918,290436799082	196,844274699367
6577	1053,74290779659	195,758409414939	1	946,257092203405	195,758409414939
6593	1053,15550107513	188,812947852754	1	946,844498924871	188,812947852754
6679	1046,7301905898	216,95320617544	1	953,269809410204	216,95320617544
6691	1049,89347875446	261,620281766478	1	950,106521245542	261,620281766478
6726	1054,01456369004	295,024485298491	1	945,985436309959	295,024485298491
6733	1062,10821023982	309,116212322701	1	937,891789760176	309,116212322701
6738	1081,2339640113	347,518904903122	1	918,7660359887	347,518904903122
6767	1076,37106475333	331,882476239049	1	923,628935246671	331,882476239049
6771	1069,32313854402	351,027395719462	1	930,676861455979	351,027395719462
6803	1076,08311096724	360,44198190893	1	923,916889032763	360,44198190893
6821	1090,24504777364	348,312972475091	1	909,754952226359	348,312972475091
6838	1099,75301541367	342,328506072641	1	900,246984586332	342,328506072641
6851	1095,25125434908	343,386268890202	1	904,748745650924	343,386268890202
6860	1099,96726753881	338,37757377179	1	900,032732461193	338,37757377179
6875	1092,35693661815	336,858756189317	1	907,643063381852	336,858756189317
6891	1086,25377881966	327,629767136133	1	913,746221180343	327,629767136133
6906	1075,20550000636	319,160940796589	1	924,794499993636	319,160940796589
6958	1041,70879993564	341,034887216398	1	958,29120006436	341,034887216398
6996	1019,24243747232	359,437916957341	1	980,757562527684	359,437916957341
7043	1007,6522573836	418,649660847822	1	992,347742616402	418,649660847822
7075	973,302882200985	500,278971711766	1	1026,69711779901	500,278971711766
7130	960,446363983845	544,870367136185	1	1039,55363601615	544,870367136185
7151	958,859515514086	555,979295346839	1	1041,14048448591	555,979295346839
7163	956,70174730392	552,114733760355	1	1043,29825269608	552,114733760355
7183	957,766326909998	532,614437754435	1	1042,23367309	532,614437754435
7206	963,810447482238	534,565666694537	1	1036,18955251776	534,565666694537
7227	974,976146182952	529,860694379002	1	1025,02385381705	529,860694379002
7248	988,726540507464	551,034124679803	1	1011,27345949254	551,034124679803
7267	1014,3100677656	648,890893913003	1	985,689932234402	648,890893913003
7277	995,521263859429	636,097115975835	1	1004,47873614057	636,097115975835
7298	997,073755254181	640,112610169173	1	1002,92624474582	640,112610169173
7314	988,913921992149	631,521038127947	1	1011,08607800785	631,521038127947
7330	973,094836109331	624,775149678584	1	1026,90516389067	624,775149678584
7349	975,876276984038	626,665629977532	1	1024,12372301596	626,665629977532
7370	968,112786523383	622,018942100727	1	1031,88721347662	622,018942100727
7399	967,826511768075	641,762954660745	1	1032,17348823193	641,762954660745
7415	962,608772863577	635,365383466007	1	1037,39122713642	635,365383466007
7431	959,979877411903	646,553395568625	1	1040,0201225881	646,553395568625
7449	956,140082726332	634,907478696011	1	1043,85991727367	634,907478696011
7465	928,293961417852	614,037214673921	1	1071,70603858215	614,037214673921
7482	943,28697595239	628,65535545337	1	1056,71302404761	628,65535545337
7515	953,930451090331	638,575913684904	1	1046,06954890967	638,575913684904
7530	941,540189688178	614,626622172077	1	1058,45981031182	614,626622172077
7551	754,461054958547	576,405603743912	1	1245,53894504145	576,405603743912
7569	511,126030859552	496,726809981351	1	1488,87396914045	496,726809981351
7596	385,322539980358	541,442059228393	1	1614,67746001964	541,442059228393
7615	355,515608419267	530,789718569193	1	1644,48439158073	530,789718569193
7623	327,699899019349	488,33335644538	1	1672,30010098065	488,33335644538
7628	355,921421276912	550,309689719052	1	1644,07857872309	550,309689719052
7646	337,53726769323	508,036162094006	1	1662,46273230677	508,036162094006
7659	329,438203013842	497,487530575459	1	1670,56179698616	497,487530575459
7673	322,453470031791	474,748768546508	1	1677,54652996821	474,748768546508
7705	285,411542022097	421,443373342049	1	1714,5884579779	421,443373342049
7722	277,997853984621	411,853717904588	1	1722,00214601538	411,853717904588
7737	314,275665892288	465,310154212764	1	1685,72433410771	465,310154212764
7765	300,058923938932	429,208761620235	1	1699,94107606107	429,208761620235
7774	306,205722987818	440,482982101123	1	1693,79427701218	440,482982101123
7794	293,777355621141	427,92904576316	1	1706,22264437886	427,92904576316
7812	305,177297955959	453,536822596118	1	1694,82270204404	453,536822596118
7826	284,443366917379	440,954518926215	1	1715,55663308262	440,954518926215
7852	294,293503977055	458,004455280157	1	1705,70649602295	458,004455280157
7861	298,171636531002	459,582870128454	1	1701,828363469	459,582870128454
7893	318,914849733627	478,035241550564	1	1681,08515026637	478,035241550564
7907	307,083626349601	461,154888569783	1	1692,9163736504	461,154888569783
7929	615,532770968313	472,832085668123	1	1384,46722903169	472,832085668123
7942	699,210090583027	493,218457055096	1	1300,78990941697	493,218457055096
7955	737,369937187661	504,352595150003	1	1262,63006281234	504,352595150003
7973	774,346506741637	511,400029884986	1	1225,65349325836	511,400029884986
7996	846,370364889842	539,164880441954	1	1153,62963511016	539,164880441954
8037	844,607531291616	542,439753814932	1	1155,39246870838	542,439753814932
8055	849,371664593537	565,70325873195	1	1150,62833540646	565,70325873195
8063	851,607636656286	556,370025109116	1	1148,39236334371	556,370025109116
8070	846,413070399565	545,713197411953	1	1153,58692960043	545,713197411953
8077	843,44044079894	543,142644438874	1	1156,55955920106	543,142644438874
8096	846,608711027093	543,960280687176	1	1153,39128897291	543,960280687176
8106	847,564417324824	542,396168932446	1	1152,43558267518	542,396168932446
8131	847,993633805599	541,938027902587	1	1152,0063661944	541,938027902587
8156	856,869512279045	543,63914371053	1	1143,13048772095	543,63914371053
8165	876,376361928567	544,519212781444	1	1123,62363807143	544,519212781444
8185	905,241178769423	529,183278983725	1	1094,75882123058	529,183278983725
8195	932,819825186845	522,525569678891	1	1067,18017481315	522,525569678891
8210	938,850831186694	522,05443068583	1	1061,14916881331	522,05443068583
8231	944,489838807851	506,318396353099	1	1055,51016119215	506,318396353099
8243	944,704523644309	504,583557880906	1	1055,29547635569	504,583557880906
8485	1049,87877904404	347,169332368065	1	950,121220955957	347,169332368065
8506	1213,95548107555	358,040714954244	1	786,044518924454	358,040714954244
8531	1226,94752643766	371,060652374359	1	773,052473562336	371,060652374359
8594	1159,56968235743	449,056326010364	1	840,430317642566	449,056326010364
8606	1159,18572576206	478,423663756299	1	840,814274237945	478,423663756299
8617	1149,40869443878	529,909103349586	1	850,591305561217	529,909103349586
8628	1144,71520416416	534,695259605372	1	855,284795835838	534,695259605372
8631	1136,91636665479	515,404019028848	1	863,083633345214	515,404019028848
8646	1100,18033699504	500,481716096464	1	899,819663004963	500,481716096464
8659	1091,8865088829	494,561524375329	1	908,113491117102	494,561524375329
8673	1098,10262953587	501,521091459685	1	901,897370464129	501,521091459685
8709	1069,70427474184	552,758638200855	1	930,295725258164	552,758638200855
8758	1052,61277240218	531,243052481824	1	947,387227597815	531,243052481824
8793	995,276241939146	557,65506704201	1	1004,72375806085	557,65506704201
8807	976,391012054819	576,632018369622	1	1023,60898794518	576,632018369622
8828	923,469578628687	637,303451706578	1	1076,53042137131	637,303451706578
8840	925,25675052743	671,741849570971	1	1074,74324947257	671,741849570971
8861	923,991664798075	658,675587908741	1	1076,00833520192	658,675587908741
8876	929,500942542182	675,113300345244	1	1070,49905745782	675,113300345244
8914	926,560673772742	680,63023099037	1	1073,43932622726	680,63023099037
8919	923,283169059443	697,777023350576	1	1076,71683094056	697,777023350576
8934	922,888466836887	704,121503783971	1	1077,11153316311	704,121503783971
8950	923,973190806201	704,70279606928	1	1076,0268091938	704,70279606928
8965	924,063744164853	705,426616359075	1	1075,93625583515	705,426616359075
8981	926,04499145652	705,878541041133	1	1073,95500854348	705,878541041133
8996	929,488819229878	705,238836466136	1	1070,51118077012	705,238836466136
9011	932,742856339494	703,001759226679	1	1067,25714366051	703,001759226679
9029	933,774966975179	697,927054388582	1	1066,22503302482	697,927054388582
9056	930,464557462606	684,35022202473	1	1069,53544253739	684,35022202473
9072	925,579538761505	685,864888690993	1	1074,4204612385	685,864888690993
9084	903,87018748981	680,263148820587	1	1096,12981251019	680,263148820587
9123	900,12778729191	670,608231864838	1	1099,87221270809	670,608231864838
9125	915,64323296093	671,017483998355	1	1084,35676703907	671,017483998355
9127	934,185978594091	671,596759306005	1	1065,81402140591	671,596759306005
9146	924,965787499052	646,811113078465	1	1075,03421250095	646,811113078465
9161	932,710564420751	619,653578421784	1	1067,28943557925	619,653578421784
9177	944,359301899599	605,060052946891	1	1055,6406981004	605,060052946891
9207	944,576021681018	584,667234506817	1	1055,42397831898	584,667234506817
9223	946,953854415825	587,668101697016	1	1053,04614558418	587,668101697016
9232	947,721916772102	585,109449250443	1	1052,2780832279	585,109449250443
9248	956,568713722003	577,914755395498	1	1043,431286278	577,914755395498
9258	955,879152551046	569,416396722803	1	1044,12084744895	569,416396722803
9276	956,495119345078	566,542424818198	1	1043,50488065492	566,542424818198
9301	962,524769936465	577,411749164296	1	1037,47523006354	577,411749164296
9312	962,903134072014	593,915024886972	1	1037,09686592799	593,915024886972
9339	963,447136105866	586,189417207485	1	1036,55286389413	586,189417207485
9349	959,520001868543	604,010153956004	1	1040,47999813146	604,010153956004
9365	952,467256806935	607,855868963029	1	1047,53274319307	607,855868963029
9379	930,023439286308	602,967435857979	1	1069,97656071369	602,967435857979
9395	902,841685972528	614,399711195033	1	1097,15831402747	614,399711195033
9417	897,305080449417	621,959569183791	1	1102,69491955058	621,959569183791
9433	893,303424021751	625,897481016881	1	1106,69657597825	625,897481016881
9440	881,251409874999	636,019465703919	1	1118,748590125	636,019465703919
9455	872,798483178071	657,138388404742	1	1127,20151682193	657,138388404742
9472	864,642257628255	676,021988242104	1	1135,35774237174	676,021988242104
9503	860,310602094862	683,481964744499	1	1139,68939790514	683,481964744499
9519	856,823763923927	687,132207419737	1	1143,17623607607	687,132207419737
9538	846,254877915106	710,829351945647	1	1153,74512208489	710,829351945647
9554	832,156729026092	724,20859836373	1	1167,84327097391	724,20859836373
9564	841,893471507824	715,720557853144	1	1158,10652849218	715,720557853144
9579	839,362212896695	726,768322654918	1	1160,63778710331	726,768322654918
9594	842,630304750482	728,09822891446	1	1157,36969524952	728,09822891446
9610	844,030930948573	725,344217728122	1	1155,96906905143	725,344217728122
9622	845,623851328293	723,566587325222	1	1154,37614867171	723,566587325222
9658	853,0025493765	720,698209945988	1	1146,9974506235	720,698209945988
9677	853,823069406138	722,965913106445	1	1146,17693059386	722,965913106445
9684	875,050641004519	723,121691569292	1	1124,94935899548	723,121691569292
9701	886,230220442212	747,25565539649	1	1113,76977955779	747,25565539649
9720	887,970689956064	749,908625387843	1	1112,02931004394	749,908625387843
9729	884,174041255772	747,552977762499	1	1115,82595874423	747,552977762499
9745	884,653011329215	747,067602575514	1	1115,34698867078	747,067602575514
9753	883,059351384919	745,909348508933	1	1116,94064861508	745,909348508933
9778	881,195785360462	746,235870771815	1	1118,80421463954	746,235870771815
9814	919,607505446538	734,17480456826	1	1080,39249455346	734,17480456826
9827	924,533803085747	736,652634764817	1	1075,46619691425	736,652634764817
9842	928,302275281581	751,435105228504	1	1071,69772471842	751,435105228504
9846	934,941092957011	751,208133953182	1	1065,05890704299	751,208133953182
9860	968,925773632743	749,186761388446	1	1031,07422636726	749,186761388446
9875	1004,59593422959	726,94279199918	1	995,404065770409	726,94279199918
9893	1012,05320253645	727,01071324058	1	987,946797463548	727,01071324058
9908	1013,35866896746	731,304570297728	1	986,641331032544	731,304570297728
9919	1007,83334846604	743,043773706481	1	992,166651533965	743,043773706481
9951	1007,27326715162	756,901294012329	1	992,726732848379	756,901294012329
9966	1011,76604305604	756,401935043948	1	988,233956943958	756,401935043948
9983	1015,10307215483	765,457400623947	1	984,896927845166	765,457400623947
10010	1010,52925347129	763,63127572244	1	989,470746528715	763,63127572244
10042	1015,72882681942	759,130811639813	1	984,271173180583	759,130811639813
10064	1012,86319514538	739,626967069274	1	987,136804854625	739,626967069274
10068	1012,07857230777	733,689850099882	1	987,921427692233	733,689850099882
