33	592,899655832828	587,507187236193	1	1407,10034416717	587,507187236193
268	-0,0808271389563107	831,70636629413	0			2000,08082713896	831,70636629413
309	-31,7891636326861	791,601228390804	0			2031,78916363269	791,601228390804
367	-67,8541140583927	800,435202103156	0			2067,85411405839	800,435202103156
408	-54,628327622876	845,548274898498	0			2054,62832762288	845,548274898498
427	-1,41612411547094	811,924845413669	0			2001,41612411547	811,924845413669
451	35,6813619731327	791,039422063739	0			1964,31863802687	791,039422063739
477	383,145165777029	767,467153176799	1	1616,85483422297	767,467153176799
529	428,784035532584	766,843642497921	1	1571,21596446742	766,843642497921
548	476,239881583879	758,881656790275	1	1523,76011841612	758,881656790275
565	505,377666710724	758,208218137013	1	1494,62233328928	758,208218137013
581	515,735642673664	751,99451336789	1	1484,26435732634	751,99451336789
608	525,595080243571	749,310895978391	1	1474,40491975643	749,310895978391
635	529,98932775962	731,153513035003	1	1470,01067224038	731,153513035003
659	523,20275397106	749,53568484712	1	1476,79724602894	749,53568484712
668	523,132984829409	750,323230811859	1	1476,86701517059	750,323230811859
697	530,761586691817	752,164194789516	1	1469,23841330818	752,164194789516
718	529,13325780694	744,314880402529	1	1470,86674219306	744,314880402529
744	544,067260654619	796,874232113405	1	1455,93273934538	796,874232113405
763	546,13428491691	793,829366536341	1	1453,86571508309	793,829366536341
803	581,307784661464	817,567570711101	1	1418,69221533854	817,567570711101
831	667,551921431295	845,705026452545	1	1332,44807856871	845,705026452545
850	663,655154965057	843,622802551558	1	1336,34484503494	843,622802551558
882	672,958492365966	835,228687905698	1	1327,04150763403	835,228687905698
905	669,446488063689	832,87329161112	1	1330,55351193631	832,87329161112
924	667,213866833522	835,368453220419	1	1332,78613316648	835,368453220419
987	633,75872594002	838,020945159867	1	1366,24127405998	838,020945159867
1016	622,939104644955	824,258557603852	1	1377,06089535504	824,258557603852
1035	626,724419552788	827,092126215356	1	1373,27558044721	827,092126215356
1068	632,785000838216	821,508899470956	1	1367,21499916178	821,508899470956
1089	649,15409561142	814,274368446857	1	1350,84590438858	814,274368446857
1104	652,299047403519	816,393810430773	1	1347,70095259648	816,393810430773
1130	650,405956254883	827,910112573764	1	1349,59404374512	827,910112573764
1154	649,325242999034	816,469108336827	1	1350,67475700097	816,469108336827
1169	644,793498571008	816,339559864145	1	1355,20650142899	816,339559864145
1208	643,319184494203	819,121839151168	1	1356,6808155058	819,121839151168
1230	640,920702704663	816,417576376863	1	1359,07929729534	816,417576376863
1255	640,40580404369	817,178535856313	1	1359,59419595631	817,178535856313
1268	639,137990409702	812,777192938465	1	1360,8620095903	812,777192938465
1309	641,984718093473	811,806660910772	1	1358,01528190653	811,806660910772
1317	641,661926472104	809,486693670313	1	1358,3380735279	809,486693670313
1330	645,381345837937	796,589255975766	1	1354,61865416206	796,589255975766
1355	642,190041581708	797,299177346302	1	1357,80995841829	797,299177346302
1361	640,141448025269	777,599630172323	1	1359,85855197473	777,599630172323
1376	640,625953660161	770,47782988123	1	1359,37404633984	770,47782988123
1404	640,636356453799	764,28080073155	1	1359,3636435462	764,28080073155
1439	646,852199153175	764,525354341915	1	1353,14780084683	764,525354341915
1461	646,921340249348	770,340404263687	1	1353,07865975065	770,340404263687
1479	649,657770412211	768,166238961755	1	1350,34222958779	768,166238961755
1503	652,851008372034	776,852253973758	1	1347,14899162797	776,852253973758
1512	653,270481846254	781,195624280433	1	1346,72951815375	781,195624280433
1519	652,505328824672	788,564607651608	1	1347,49467117533	788,564607651608
1534	646,779233202548	786,202917600431	1	1353,22076679745	786,202917600431
1563	640,165877560725	777,362815973268	1	1359,83412243927	777,362815973268
1582	581,007502032174	761,459528646458	1	1418,99249796783	761,459528646458
1584	585,690382337246	768,976410525941	1	1414,30961766275	768,976410525941
1617	565,091609766038	761,66527477912	1	1434,90839023396	761,66527477912
1634	536,667010408671	767,771902299089	1	1463,33298959133	767,771902299089
1661	520,280487086084	768,41160202957	1	1479,71951291392	768,41160202957
1679	490,401334292134	774,251233266797	1	1509,59866570787	774,251233266797
1703	486,845227762582	784,00254510173	1	1513,15477223742	784,00254510173
1718	485,41111260281	783,781862837988	1	1514,58888739719	783,781862837988
1752	486,44325659323	775,33899071193	1	1513,55674340677	775,33899071193
1776	485,618776694846	772,175562282361	1	1514,38122330515	772,175562282361
1785	483,633581108141	768,525559621939	1	1516,36641889186	768,525559621939
1800	470,47986044578	764,906719621058	1	1529,52013955422	764,906719621058
1820	465,389485924723	763,956505908541	1	1534,61051407528	763,956505908541
1832	428,385776111026	777,355281714881	1	1571,61422388897	777,355281714881
1860	425,438122081647	781,88593498009	1	1574,56187791835	781,88593498009
1881	424,469615378774	798,739089906308	1	1575,53038462123	798,739089906308
1893	423,478905542651	802,867663171673	1	1576,52109445735	802,867663171673
1901	424,152983809619	801,852281846014	1	1575,84701619038	801,852281846014
1952	421,961955825024	807,856524685962	1	1578,03804417498	807,856524685962
1968	410,013690783397	752,047523757169	1	1589,9863092166	752,047523757169
1984	413,417020079107	732,609281522184	1	1586,58297992089	732,609281522184
1987	413,963542194244	740,445888005125	1	1586,03645780576	740,445888005125
2005	419,424193215876	742,23059277367	1	1580,57580678412	742,23059277367
2022	426,620515442008	717,059751954292	1	1573,37948455799	717,059751954292
2029	425,992332960137	701,075842131224	1	1574,00766703986	701,075842131224
2333	834,808063198448	505,092718122155	1	1165,19193680155	505,092718122155
2349	862,700369134304	478,247442554177	1	1137,2996308657	478,247442554177
2375	857,227093932466	495,439173407886	1	1142,77290606753	495,439173407886
2395	853,893562385698	497,098990260219	1	1146,1064376143	497,098990260219
2433	838,077681254624	553,150900198432	1	1161,92231874538	553,150900198432
2478	821,498914269689	571,462517699385	1	1178,50108573031	571,462517699385
2491	824,040270025877	590,97129106469	1	1175,95972997412	590,97129106469
2501	823,844905623574	589,485484622975	1	1176,15509437643	589,485484622975
2516	828,992326764192	595,940682719325	1	1171,00767323581	595,940682719325
2533	835,546995468836	606,103814559089	1	1164,45300453116	606,103814559089
2564	817,292010563495	633,093563740912	1	1182,70798943651	633,093563740912
2578	817,898327078405	633,815433214347	1	1182,10167292159	633,815433214347
2606	800,146106439325	643,287559696506	1	1199,85389356067	643,287559696506
2927	736,048365719496	665,451742582099	1	1263,9516342805	665,451742582099
2961	684,080125135897	584,325857390357	1	1315,9198748641	584,325857390357
3086	929,095073811059	549,009432475632	1	1070,90492618894	549,009432475632
3112	941,695406521794	501,244058822745	1	1058,30459347821	501,244058822745
3131	946,593102461285	521,997946811631	1	1053,40689753872	521,997946811631
3155	943,618833887597	511,241560983663	1	1056,3811661124	511,241560983663
3177	938,422195545609	521,310201700321	1	1061,57780445439	521,310201700321
3204	971,86134576798	495,332154321731	1	1028,13865423202	495,332154321731
3222	977,633770012855	510,631407253677	1	1022,36622998714	510,631407253677
3250	975,362926030366	506,908008874675	1	1024,63707396963	506,908008874675
3256	965,959396923068	508,923968045224	1	1034,04060307693	508,923968045224
3269	954,641629005831	510,227151766556	1	1045,35837099417	510,227151766556
3284	958,211852474841	513,541840929658	1	1041,78814752516	513,541840929658
3298	953,115582818309	513,368983626006	1	1046,88441718169	513,368983626006
3316	948,403136635324	513,182464840175	1	1051,59686336468	513,182464840175
3328	943,158092641422	509,742124613677	1	1056,84190735858	509,742124613677
3359	944,286700705839	512,649760329668	1	1055,71329929416	512,649760329668
3387	937,016214583786	515,84511996837	1	1062,98378541621	515,84511996837
5574	692,188744406098	418,899765085081	1	1307,8112555939	418,899765085081
5622	695,755913496789	536,505554863856	1	1304,24408650321	536,505554863856
5653	700,875897136222	566,249394570892	1	1299,12410286378	566,249394570892
5694	690,726361538823	535,507275557499	1	1309,27363846118	535,507275557499
5829	670,099262126441	543,05384290358	1	1329,90073787356	543,05384290358
5874	677,656836648589	694,870156901461	1	1322,34316335141	694,870156901461
5965	686,101909748559	736,482955307954	1	1313,89809025144	736,482955307954
6011	629,541864981543	629,719992114306	1	1370,45813501846	629,719992114306
6062	641,287211885306	603,969687119417	1	1358,71278811469	603,969687119417
6072	647,267169760813	606,034091296044	1	1352,73283023919	606,034091296044
6107	640,720764938313	663,931267138284	1	1359,27923506169	663,931267138284
6120	643,270280681334	667,142574345955	1	1356,72971931867	667,142574345955
6148	649,010494650517	661,986121883084	1	1350,98950534948	661,986121883084
6167	653,981663767545	660,380382714399	1	1346,01833623246	660,380382714399
6205	655,997397779811	655,120969322642	1	1344,00260222019	655,120969322642
6248	652,62463419543	657,728516100706	1	1347,37536580457	657,728516100706
6261	653,809137611612	653,833875754398	1	1346,19086238839	653,833875754398
6283	651,310972319547	647,782879333038	1	1348,68902768045	647,782879333038
6304	649,287861313762	643,193658878312	1	1350,71213868624	643,193658878312
6327	644,257795541181	654,526966613006	1	1355,74220445882	654,526966613006
6367	643,772439757847	667,404653418985	1	1356,22756024215	667,404653418985
6386	654,105624344178	676,780881874206	1	1345,89437565582	676,780881874206
6414	643,68043256736	674,656244527076	1	1356,31956743264	674,656244527076
6441	648,119677410594	680,503184604108	1	1351,88032258941	680,503184604108
6459	653,550205851893	676,539098447049	1	1346,44979414811	676,539098447049
6481	655,091874993508	670,043298144141	1	1344,90812500649	670,043298144141
6504	646,309325483228	674,562799673967	1	1353,69067451677	674,562799673967
6523	643,649074627318	677,975548013609	1	1356,35092537268	677,975548013609
6533	640,842413935782	681,940051978861	1	1359,15758606422	681,940051978861
6571	637,6355111973	681,137014779365	1	1362,3644888027	681,137014779365
6577	644,025778259799	671,222212028249	1	1355,9742217402	671,222212028249
7715	601,569077575091	349,864136312826	1	1398,43092242491	349,864136312826
7727	603,646998729521	356,050790286903	1	1396,35300127048	356,050790286903
7745	603,646998729521	356,050790286903	1	1396,35300127048	356,050790286903
7759	601,621480819576	357,482841756082	1	1398,37851918042	357,482841756082
7772	584,289084818167	369,736933924982	1	1415,71091518183	369,736933924982
7789	585,895057617302	384,80007145879	1	1414,1049423827	384,80007145879
7823	590,3705655005	419,974201607094	1	1409,6294344995	419,974201607094
7867	605,271222306903	520,743050060894	1	1394,7287776931	520,743050060894
7942	541,69368805623	442,339956096347	1	1458,30631194377	442,339956096347
8036	274,883894935781	530,538377009023	1	1725,11610506422	530,538377009023
8050	125,365990301573	530,884133420954	0			1874,63400969843	530,884133420954
8081	-109,28158767104	530,798954334728	0			2109,28158767104	530,798954334728
8094	-92,8785396256412	526,769940879486	0			2092,87853962564	526,769940879486
8125	-99,1168109569222	531,651573096514	0			2099,11681095692	531,651573096514
8189	-117,725773826108	530,044781140615	0			2117,72577382611	530,044781140615
8220	-146,175242953926	527,001181238577	0			2146,17524295393	527,001181238577
8226	-164,746984402302	524,374651271407	0			2164,7469844023	524,374651271407
8272	-169,851547122803	497,513234780636	0			2169,8515471228	497,513234780636
8278	-170,299508436996	496,188317079293	0			2170,299508437	496,188317079293
8304	-160,500320341258	493,620513281128	0			2160,50032034126	493,620513281128
8317	-149,490856535098	492,075269712392	0			2149,4908565351	492,075269712392
8364	1,29038693365184	547,924735605798	0			1998,70961306635	547,924735605798
8378	45,791682235836	559,550235799094	0			1954,20831776416	559,550235799094
8393	284,275331107545	628,646180192722	1	1715,72466889246	628,646180192722
8413	316,616237978657	640,712521621729	1	1683,38376202134	640,712521621729
8439	326,30655757298	643,655433610037	1	1673,69344242702	643,655433610037
8469	362,179360490583	656,62726771894	1	1637,82063950942	656,62726771894
8488	366,937838881163	659,761414384162	1	1633,06216111884	659,761414384162
8511	343,291054108434	654,682041465788	1	1656,70894589157	654,682041465788
8528	332,493088287462	662,426264115128	1	1667,50691171254	662,426264115128
8559	354,776803677836	656,844627789215	1	1645,22319632216	656,844627789215
8595	343,453932474783	658,954894188216	1	1656,54606752522	658,954894188216
8617	357,269937348521	659,099298930947	1	1642,73006265148	659,099298930947
8648	349,852990308615	647,748742250864	1	1650,14700969138	647,748742250864
8692	291,975764602341	625,537383358427	1	1708,02423539766	625,537383358427
8723	326,150098009824	647,303205573324	1	1673,84990199018	647,303205573324
8769	343,29390347957	657,495541923217	1	1656,70609652043	657,495541923217
8868	413,884451165554	684,328848258302	1	1586,11554883445	684,328848258302
8916	412,181234514057	689,736779252686	1	1587,81876548594	689,736779252686
8940	412,181234514057	689,736779252686	1	1587,81876548594	689,736779252686
8967	367,197123285289	706,743292831324	1	1632,80287671471	706,743292831324
8969	357,662515357318	702,703729013815	1	1642,33748464268	702,703729013815
8983	354,563566119498	702,128839847461	1	1645,4364338805	702,128839847461
8998	353,595989883983	694,677405638316	1	1646,40401011602	694,677405638316
9003	353,701271637565	694,880804763882	1	1646,29872836243	694,880804763882
9026	350,495400290749	695,47171172596	1	1649,50459970925	695,47171172596
9061	346,823067223207	695,09912150095	1	1653,17693277679	695,09912150095
9071	347,16423192243	689,206869971052	1	1652,83576807757	689,206869971052
9125	347,875664934094	690,715911370002	1	1652,12433506591	690,715911370002
9160	354,284171899478	692,452491997543	1	1645,71582810052	692,452491997543
9206	390,637224814745	689,716928628457	1	1609,36277518526	689,716928628457
9221	394,547326826434	689,322738155865	1	1605,45267317357	689,322738155865
9236	74,1022819789436	837,426969917457	0			1925,89771802106	837,426969917457
9261	64,1272510667156	841,556570792456	0			1935,87274893328	841,556570792456
9276	70,5352746434913	855,387385332935	0			1929,46472535651	855,387385332935
9311	72,3003792651256	868,047285515145	0			1927,69962073487	868,047285515145
9324	93,977834898696	894,904437501995	0			1906,0221651013	894,904437501995
9546	126,726919624798	864,662400283895	0			1873,2730803752	864,662400283895
9556	736,847546031174	644,232719345298	1	1263,15245396883	644,232719345298
9602	732,347983868266	649,612930768207	1	1267,65201613173	649,612930768207
9620	690,086779217369	657,201040746892	1	1309,91322078263	657,201040746892
9664	694,781476045259	664,332000929759	1	1305,21852395474	664,332000929759
9687	685,259066392525	669,105373099315	1	1314,74093360747	669,105373099315
9710	685,498774578285	669,323301521915	1	1314,50122542172	669,323301521915
9743	697,51043586003	673,261652345837	1	1302,48956413997	673,261652345837
9746	704,650651588791	668,858136231237	1	1295,34934841121	668,858136231237
9749	703,185684776322	664,690655040224	1	1296,81431522368	664,690655040224
9765	703,452140762473	664,13648826474	1	1296,54785923753	664,13648826474
9780	710,94654491418	661,575583436975	1	1289,05345508582	661,575583436975
9807	708,123000219494	665,115137342007	1	1291,87699978051	665,115137342007
9822	704,816962715823	667,682463430354	1	1295,18303728418	667,682463430354
9836	709,548025550341	672,396907139413	1	1290,45197444966	672,396907139413
9853	711,432166953353	687,709628334046	1	1288,56783304665	687,709628334046
9864	714,37293519757	694,945981183815	1	1285,62706480243	694,945981183815
9906	715,909056523403	704,396781725969	1	1284,0909434766	704,396781725969
9915	713,329833208247	703,998590264493	1	1286,67016679175	703,998590264493
9932	692,023861517106	701,167619133321	1	1307,97613848289	701,167619133321
