24	714,877893064146	584,463455386563	1	1285,12210693585	584,463455386563
58	702,49934895402	587,719096812027	1	1297,50065104598	587,719096812027
63	553,724965508642	449,05558289664	1	1446,27503449136	449,05558289664
215	693,777179409385	598,86245911799	1	1306,22282059061	598,86245911799
225	717,907808668019	591,072245428607	1	1282,09219133198	591,072245428607
229	616,878502912207	481,720992587581	1	1383,12149708779	481,720992587581
245	693,600180075555	415,412307603563	1	1306,39981992444	415,412307603563
251	735,300958808866	433,386650141457	1	1264,69904119113	433,386650141457
264	766,578727740776	415,726029070918	1	1233,42127225922	415,726029070918
285	781,934236204498	412,641840012476	1	1218,0657637955	412,641840012476
300	764,691777082306	415,953339591522	1	1235,30822291769	415,953339591522
324	790,856481542527	394,441608389804	1	1209,14351845747	394,441608389804
339	785,340725830324	399,76094426246	1	1214,65927416968	399,76094426246
364	765,789864042449	384,325047072168	1	1234,21013595755	384,325047072168
381	757,783886524693	382,483056329412	1	1242,21611347531	382,483056329412
385	756,284740404467	399,88959477548	1	1243,71525959553	399,88959477548
399	754,967317853208	403,781860721272	1	1245,03268214679	403,781860721272
417	755,984831322322	404,378968463852	1	1244,01516867768	404,378968463852
431	762,151986709027	402,903137537096	1	1237,84801329097	402,903137537096
444	760,070842419326	395,253919996317	1	1239,92915758067	395,253919996317
471	767,649216899502	405,457618499435	1	1232,3507831005	405,457618499435
489	738,104767549884	413,423627308811	1	1261,89523245012	413,423627308811
503	733,039493119314	414,212627650014	1	1266,96050688069	414,212627650014
531	728,433274476971	513,948333871	1	1271,56672552303	513,948333871
550	717,649857541237	482,95604985546	1	1282,35014245876	482,95604985546
597	765,412337058415	592,514823259129	1	1234,58766294159	592,514823259129
639	776,913815960473	525,254866725535	1	1223,08618403953	525,254866725535
691	783,01437492905	449,633093295397	1	1216,98562507095	449,633093295397
707	765,96571221846	467,59940949482	1	1234,03428778154	467,59940949482
729	743,16944824603	519,391232062781	1	1256,83055175397	519,391232062781
744	695,693031123125	508,59060201679	1	1304,30696887687	508,59060201679
777	622,565811309137	480,207224988963	1	1377,43418869086	480,207224988963
788	624,640428752784	480,704873788172	1	1375,35957124722	480,704873788172
825	636,373747278496	496,416034806391	1	1363,6262527215	496,416034806391
839	666,112364001337	501,633969556555	1	1333,88763599866	501,633969556555
864	702,974604376621	524,715193703979	1	1297,02539562338	524,715193703979
875	692,885794183485	518,994066905711	1	1307,11420581652	518,994066905711
895	694,57706547893	541,111569156737	1	1305,42293452107	541,111569156737
924	589,304858999116	429,147084811713	1	1410,69514100088	429,147084811713
940	651,797116418177	505,990587836892	1	1348,20288358182	505,990587836892
961	639,004165669239	488,808629686719	1	1360,99583433076	488,808629686719
979	740,269965838185	345,910162785691	1	1259,73003416182	345,910162785691
984	722,735823265937	374,026427492716	1	1277,26417673406	374,026427492716
1008	837,238258165767	267,685425134744	1	1162,76174183423	267,685425134744
1015	858,71214127886	258,762754216058	1	1141,28785872114	258,762754216058
1031	840,974403278465	275,564741744584	1	1159,02559672153	275,564741744584
1081	920,056656275212	230,763705216617	1	1079,94334372479	230,763705216617
1099	930,363747289753	296,653493609819	1	1069,63625271025	296,653493609819
1145	928,226250895484	300,597618455849	1	1071,77374910452	300,597618455849
1168	923,596485683603	253,251066693967	1	1076,4035143164	253,251066693967
1170	887,519691893225	220,035878815101	1	1112,48030810678	220,035878815101
1172	902,211465308318	245,496234558757	1	1097,78853469168	245,496234558757
1177	900,126611041845	243,480459823702	1	1099,87338895815	243,480459823702
1194	915,810187896117	257,618835137099	1	1084,18981210388	257,618835137099
1230	920,54025682073	255,493537753974	1	1079,45974317927	255,493537753974
1246	932,661596892167	254,294500383566	1	1067,33840310783	254,294500383566
1256	932,976125114076	255,953188996553	1	1067,02387488592	255,953188996553
1271	925,930181208526	274,199615526162	1	1074,06981879147	274,199615526162
1284	900,377470198797	299,399978135046	1	1099,6225298012	299,399978135046
1318	816,56960926566	249,390445363146	1	1183,43039073434	249,390445363146
1387	407,394231407388	260,877604120892	1	1592,60576859261	260,877604120892
1404	436,569289853259	268,233982357936	1	1563,43071014674	268,233982357936
1419	435,111387718501	309,799155289012	1	1564,8886122815	309,799155289012
1436	436,211007681009	297,319885159761	1	1563,78899231899	297,319885159761
1450	405,568814723705	310,467227496372	1	1594,43118527629	310,467227496372
1464	396,863635061187	319,885923316211	1	1603,13636493881	319,885923316211
1493	397,460519276519	324,232775986373	1	1602,53948072348	324,232775986373
1496	362,370421677366	311,221441247476	1	1637,62957832263	311,221441247476
1536	338,148768012428	306,505943424787	1	1661,85123198757	306,505943424787
1552	356,005476339821	317,985424312703	1	1643,99452366018	317,985424312703
1561	349,312865846822	313,668744046278	1	1650,68713415318	313,668744046278
1581	331,240536848215	303,145629798775	1	1668,75946315178	303,145629798775
1598	317,038439952437	304,225279718355	1	1682,96156004756	304,225279718355
1601	328,866028860858	315,849309629298	1	1671,13397113914	315,849309629298
1639	306,203877255314	314,798401872494	1	1693,79612274469	314,798401872494
1645	309,564949675511	328,802995544597	1	1690,43505032449	328,802995544597
1678	222,241053304022	372,511841249272	1	1777,75894669598	372,511841249272
1692	181,167598714389	369,052012436153	1	1818,83240128561	369,052012436153
1728	137,050499333067	389,600324728229	0			1862,94950066693	389,600324728229
1744	99,3866298347582	420,871553047015	0			1900,61337016524	420,871553047015
1764	96,646223207127	393,410029964718	0			1903,35377679287	393,410029964718
1781	101,643284399716	409,984668701264	0			1898,35671560028	409,984668701264
1794	113,946250382518	393,248005592781	0			1886,05374961748	393,248005592781
1819	114,273451894679	395,692721727321	0			1885,72654810532	395,692721727321
1834	115,289847442677	406,1544800396	0			1884,71015255732	406,1544800396
1865	103,976376340603	410,206130459321	0			1896,0236236594	410,206130459321
1889	93,3917141859511	408,271137632129	0			1906,60828581405	408,271137632129
1911	98,4188289133383	418,549101826033	0			1901,58117108666	418,549101826033
1932	85,6423231722297	429,482098940166	0			1914,35767682777	429,482098940166
1996	-23,8313750479266	525,819918968551	0			2023,83137504793	525,819918968551
2000	-36,599611674163	528,218478603999	0			2036,59961167416	528,218478603999
2036	-60,8297105515741	438,101918936824	0			2060,82971055157	438,101918936824
2049	51,8655074360523	424,647118700333	0			1948,13449256395	424,647118700333
2093	41,0202097188111	414,920255501213	0			1958,97979028119	414,920255501213
2127	126,330900203973	494,543318925075	0			1873,66909979603	494,543318925075
2137	132,403606320792	500,56161463641	0			1867,59639367921	500,56161463641
2168	104,790509547623	472,01107017883	0			1895,20949045238	472,01107017883
2184	60,7808120440654	455,872232009144	0			1939,21918795593	455,872232009144
2213	78,5870954601533	472,600450877592	0			1921,41290453985	472,600450877592
2226	95,5657905832251	476,429500170099	0			1904,43420941677	476,429500170099
2273	125,60561640557	506,770141500499	0			1874,39438359443	506,770141500499
2306	127,124260892268	493,641223559081	0			1872,87573910773	493,641223559081
2315	136,102752646428	504,734227645049	0			1863,89724735357	504,734227645049
2363	125,965116271122	500,584506660119	0			1874,03488372888	500,584506660119
2367	112,259427200982	486,892183442403	0			1887,74057279902	486,892183442403
2392	107,659453282417	483,815984483263	0			1892,34054671758	483,815984483263
2425	93,8929444492179	477,176702509285	0			1906,10705555078	477,176702509285
2436	95,4102174170439	482,43769664944	0			1904,58978258296	482,43769664944
2448	95,8884596863386	480,03296247124	0			1904,11154031366	480,03296247124
2480	90,2260536764217	451,099950096531	0			1909,77394632358	451,099950096531
2516	89,065583479611	437,566579464516	0			1910,93441652039	437,566579464516
2533	81,0768950297426	433,228454432937	0			1918,92310497026	433,228454432937
2554	11,89171702477	435,763537223896	0			1988,10828297523	435,763537223896
2603	1,44044999995776	416,044262417678	0			1998,55955000004	416,044262417678
2608	18,7029189682266	414,431975607107	0			1981,29708103177	414,431975607107
2620	37,0910256596426	410,277085976083	0			1962,90897434036	410,277085976083
2734	-48,9862238319175	399,009682468967	0			2048,98622383192	399,009682468967
2781	-49,5018425111246	407,355513463967	0			2049,50184251112	407,355513463967
2829	-97,678908418792	404,633269195192	0			2097,67890841879	404,633269195192
2875	-178,117222590789	386,069767181378	0			2178,11722259079	386,069767181378
2886	-174,19672485464	405,685829104471	0			2174,19672485464	405,685829104471
2897	-137,917134137527	440,534639745633	0			2137,91713413753	440,534639745633
2931	-134,394326613678	442,165108917626	0			2134,39432661368	442,165108917626
2947	-147,967580288173	415,659232481068	0			2147,96758028817	415,659232481068
2979	-140,946425954168	424,415094952509	0			2140,94642595417	424,415094952509
3036	-180,955372041869	373,994327597574	0			2180,95537204187	373,994327597574
3070	-218,549469302053	372,603305398778	0			2218,54946930205	372,603305398778
3088	-238,250460182271	371,874347459903	0			2238,25046018227	371,874347459903
3115	-223,77935620702	371,427310448158	0			2223,77935620702	371,427310448158
3122	-184,273735349939	376,69123882621	0			2184,27373534994	376,69123882621
3175	-134,08711822839	389,400490537817	0			2134,08711822839	389,400490537817
3200	-157,966299143391	366,717987569871	0			2157,96629914339	366,717987569871
3207	-158,838313745977	365,787447363587	0			2158,83831374598	365,787447363587
3236	-156,577660270558	363,20300209284	0			2156,57766027056	363,20300209284
3250	-154,303423539229	366,981125505368	0			2154,30342353923	366,981125505368
3277	-155,053768510248	366,657030263937	0			2155,05376851025	366,657030263937
3292	-136,372017228899	392,467834345284	0			2136,3720172289	392,467834345284
3325	-131,3400108309	401,736817123657	0			2131,3400108309	401,736817123657
3336	-120,262981408607	412,656559171592	0			2120,26298140861	412,656559171592
3350	-100,912601875654	427,687869563433	0			2100,91260187565	427,687869563433
3372	-89,047391012366	433,924637885166	0			2089,04739101237	433,924637885166
3393	-65,8186668633767	439,909566182344	0			2065,81866686338	439,909566182344
3407	-58,7347192856738	455,313394183578	0			2058,73471928567	455,313394183578
3417	-53,9505913684273	457,463892647217	0			2053,95059136843	457,463892647217
3427	-54,6451756919316	450,467392304752	0			2054,64517569193	450,467392304752
3438	-48,6941408663486	446,900079542584	0			2048,69414086635	446,900079542584
3475	-41,1513387631881	458,802411612527	0			2041,15133876319	458,802411612527
3489	-36,0971429018967	458,128416747922	0			2036,0971429019	458,128416747922
3502	-20,1706357737863	470,288899842009	0			2020,17063577379	470,288899842009
3519	10,0606659684139	477,622050910789	0			1989,93933403159	477,622050910789
3538	10,8960024111856	476,728834891025	0			1989,10399758881	476,728834891025
3554	16,2942679325939	462,735952745487	0			1983,70573206741	462,735952745487
3590	21,9760214856467	446,193436817757	0			1978,02397851435	446,193436817757
3610	20,8630946405282	443,487456016637	0			1979,13690535947	443,487456016637
3613	6,19759374991591	429,49125948498	0			1993,80240625008	429,49125948498
3622	7,06306706600376	432,937712307647	0			1992,936932934	432,937712307647
3650	7,43356549689193	439,374470067004	0			1992,56643450311	439,374470067004
3654	3,88527084055229	441,59218462131	0			1996,11472915945	441,59218462131
3679	5,95436319636182	460,220572363917	0			1994,04563680364	460,220572363917
3684	0,903019262492767	461,37016029194	0			1999,09698073751	461,37016029194
3703	11,0761555717669	475,634946405176	0			1988,92384442823	475,634946405176
3733	10,2456725833477	472,963859564985	0			1989,75432741665	472,963859564985
3736	9,27007841243668	469,369887275451	0			1990,72992158756	469,369887275451
3742	5,05555452253992	464,061777291344	0			1994,94444547746	464,061777291344
3770	2,03846226764966	451,788076431552	0			1997,96153773235	451,788076431552
3787	4,78804415132399	455,464659027258	0			1995,21195584868	455,464659027258
3809	0,553173525982079	478,937101237965	0			1999,44682647402	478,937101237965
3827	1,5240217060535	481,916578496636	0			1998,47597829395	481,916578496636
3834	-2,38431729738863	480,345451621285	0			2002,38431729739	480,345451621285
3852	-10,6503050028474	477,236353431059	0			2010,65030500285	477,236353431059
3868	-14,4290378050138	475,476217048816	0			2014,42903780501	475,476217048816
3885	-19,304977583638	475,745561649893	0			2019,30497758364	475,745561649893
3896	-21,1892752947518	476,39570868403	0			2021,18927529475	476,39570868403
3923	-18,8932841871714	486,741752168607	0			2018,89328418717	486,741752168607
3935	-21,7476578147218	486,132648908742	0			2021,74765781472	486,132648908742
3955	-36,266026700837	485,003771534477	0			2036,26602670084	485,003771534477
3972	-54,6089259000416	474,824565513071	0			2054,60892590004	474,824565513071
3981	-49,4087026084471	478,269412548066	0			2049,40870260845	478,269412548066
4050	-37,3416906966665	484,900873824982	0			2037,34169069667	484,900873824982
4057	-26,7393772522259	485,648237721455	0			2026,73937725223	485,648237721455
4061	-24,01968259427	484,8218354878	0			2024,01968259427	484,8218354878
4064	-20,9075183294842	484,075784979134	0			2020,90751832948	484,075784979134
4075	-14,9944740588076	488,239257512766	0			2014,99447405881	488,239257512766
4086	-15,746558029655	485,352503958703	0			2015,74655802966	485,352503958703
4108	-8,57864957862269	488,363883565915	0			2008,57864957862	488,363883565915
4118	-2,13602793494102	507,297669365672	0			2002,13602793494	507,297669365672
4140	8,84771795105137	496,278171557986	0			1991,15228204895	496,278171557986
4173	5,75610335139187	464,686262384174	0			1994,24389664861	464,686262384174
4176	-2,78664523029006	451,140693785163	0			2002,78664523029	451,140693785163
4184	-2,78784102280325	462,121499081298	0			2002,7878410228	462,121499081298
4198	-36,8769349353507	514,101902375064	0			2036,87693493535	514,101902375064
4226	-34,4320322300601	527,759624285099	0			2034,43203223006	527,759624285099
4240	-32,1914068681942	537,336515472725	0			2032,19140686819	537,336515472725
4269	27,7628429377069	577,0583637065	0			1972,23715706229	577,0583637065
4285	26,6319880751755	579,84049212192	0			1973,36801192482	579,84049212192
4294	22,5373443827934	587,761393006899	0			1977,46265561721	587,761393006899
4311	16,9400571419862	625,216512552377	0			1983,05994285801	625,216512552377
4326	9,64641380902398	635,540634563481	0			1990,35358619098	635,540634563481
4342	-0,992028334242466	634,935174989783	0			2000,99202833424	634,935174989783
4382	3,60646147238453	666,682153645011	0			1996,39353852762	666,682153645011
4394	-10,9504710359804	664,35345641843	0			2010,95047103598	664,35345641843
4409	-9,40457391755512	667,242405508405	0			2009,40457391756	667,242405508405
4417	2,79559669505646	676,958625792535	0			1997,20440330494	676,958625792535
4428	45,3218310732625	716,917588804635	0			1954,67816892674	716,917588804635
4446	73,395472960718	777,862730036851	0			1926,60452703928	777,862730036851
4470	80,3577481600789	785,755808275242	0			1919,64225183992	785,755808275242
4495	88,8432069643504	832,573760359481	0			1911,15679303565	832,573760359481
4503	88,7987609472453	830,265427757786	0			1911,20123905275	830,265427757786
4529	-131,303952527294	650,060291814326	0			2131,30395252729	650,060291814326
4538	-144,684880781431	640,125901287174	0			2144,68488078143	640,125901287174
4552	-61,2601354513936	733,386880907234	0			2061,26013545139	733,386880907234
4571	-63,0599368894937	774,422871019	0			2063,05993688949	774,422871019
4588	-67,6645447342089	782,200323487633	0			2067,66454473421	782,200323487633
4601	-75,0069885038884	808,039126336524	0			2075,00698850389	808,039126336524
4612	-60,8283552327198	844,817005673157	0			2060,82835523272	844,817005673157
4635	-58,8417482101221	861,655187633881	0			2058,84174821012	861,655187633881
4645	-49,7583167745696	891,52935645704	0			2049,75831677457	891,52935645704
4674	-59,3188418826288	898,244012454999	0			2059,31884188263	898,244012454999
4692	-42,8232492093824	912,786704735265	0			2042,82324920938	912,786704735265
4708	-4,650910083179	952,235579759157	0			2004,65091008318	952,235579759157
4723	-42,1571594357312	940,207154640657	0			2042,15715943573	940,207154640657
4737	-16,4703555115223	972,201198266194	0			2016,47035551152	972,201198266194
4746	-31,025192804824	967,464649218672	0			2031,02519280482	967,464649218672
4763	-54,4885798674782	957,104887121783	0			2054,48857986748	957,104887121783
4780	-40,1452583636868	967,058741389166	0			2040,14525836369	967,058741389166
4789	-73,6978625903322	957,414093481551	0			2073,69786259033	957,414093481551
4825	-64,0536540980883	961,939876912491	0			2064,05365409809	961,939876912491
4840	-66,8270970042572	972,145973375726	0			2066,82709700426	972,145973375726
4855	-51,0623679866125	977,159632924857	0			2051,06236798661	977,159632924857
4872	-41,3088231677985	991,289216992962	0			2041,3088231678	991,289216992962
4879	-43,9250974858064	990,912670979016	0			2043,92509748581	990,912670979016
4908	-55,166284071814	1002,44513150322	0			2055,16628407181	1002,44513150322
4917	-68,6559742639434	1001,96582685139	0			2068,65597426394	1001,96582685139
4927	-74,9665584374707	999,389036959514	0			2074,96655843747	999,389036959514
4948	-17,0790689457702	1019,93071270434	0			2017,07906894577	1019,93071270434
4986	-82,4173598769454	1005,70502247767	0			2082,41735987695	1005,70502247767
4999	-83,6137718539799	1010,08719537522	0			2083,61377185398	1010,08719537522
5012	-90,3176915372768	1007,23225868893	0			2090,31769153728	1007,23225868893
5022	-114,727884398083	1011,93737406542	0			2114,72788439808	1011,93737406542
5049	-207,803812888851	1033,56210522201	0			2207,80381288885	1033,56210522201
5059	-223,306106911028	1035,85234087154	0			2223,30610691103	1035,85234087154
5330	84,9365234375	1059,53674412845	0			1915,0634765625	1059,53674412845
5773	1451,68018526244	508,356740514714	1	548,319814737561	508,356740514714
5799	1451,68018526244	508,356740514714	1	548,319814737561	508,356740514714
5979	1575,05435881877	69,9602533544956	0			424,94564118123	69,9602533544956
