1104	5,56814446804207	-141,85447409542	0			1994,43185553196	-141,85447409542
1291	10,1031553398058	-170,927009971956	0			1989,89684466019	-170,927009971956
2643	311,765918916869	63,2274293745652	0			1688,23408108313	63,2274293745652
2823	251,34514373483	62,9023707253207	0			1748,65485626517	62,9023707253207
4186	300,605808492617	92,6234189980367	1	1699,39419150738	92,6234189980367
4216	-55,7937177639563	919,882917561842	0			2055,79371776396	919,882917561842
4354	-55,7937177639563	919,882917561842	0			2055,79371776396	919,882917561842
4936	-89,2194926931634	713,592187078937	0			2089,21949269316	713,592187078937
5083	95,92206146339	188,22941428696	0			1904,07793853661	188,22941428696
5199	99,1967062348301	192,29847690598	0			1900,80329376517	192,29847690598
5399	76,2421148108819	277,245805615146	0			1923,75788518912	277,245805615146
6877	-181,678312727549	121,935070714206	0			2181,67831272755	121,935070714206
7286	-2,79165718547735	135,49109178517	0			2002,79165718548	135,49109178517
7358	-224,285908424353	92,5676455277978	0			2224,28590842435	92,5676455277978
7463	-143,854530112257	118,032917174406	0			2143,85453011226	118,032917174406
7593	285,182283765676	244,676217291701	1	1714,81771623432	244,676217291701
7803	300,793615051072	186,161001496798	1	1699,20638494893	186,161001496798
8809	-241,020444604571	44,389065388523	0			2241,02044460457	44,389065388523
9071	-264,28538695894	426,374546130082	0			2264,28538695894	426,374546130082
9341	-171,976527735639	237,41499178814	0			2171,97652773564	237,41499178814
9618	-200,297156275283	12,9418785043795	0			2200,29715627528	12,9418785043795
9698	-127,084834521642	151,272097309249	0			2127,08483452164	151,272097309249
9738	-185,667128084547	91,7346039402214	0			2185,66712808455	91,7346039402214
