51	712,358374734527	298,474158151309	1	1287,64162526547	298,474158151309
185	771,496295620323	443,467064330801	1	1228,50370437968	443,467064330801
229	742,218303989052	434,67421953649	1	1257,78169601095	434,67421953649
365	708,212951857681	422,391578030534	1	1291,78704814232	422,391578030534
501	755,473470842182	305,747056228593	1	1244,52652915782	305,747056228593
591	666,841792134405	274,859431452332	1	1333,15820786559	274,859431452332
638	751,067256001593	460,016686374799	1	1248,93274399841	460,016686374799
686	684,702181266711	393,742178466409	1	1315,29781873329	393,742178466409
723	724,556062454984	441,282362993811	1	1275,44393754502	441,282362993811
771	592,475490476481	424,08600669824	1	1407,52450952352	424,08600669824
791	551,532168548462	414,882416799112	1	1448,46783145154	414,882416799112
807	665,907561091182	524,629809166648	1	1334,09243890882	524,629809166648
819	626,112117675306	489,848529656397	1	1373,88788232469	489,848529656397
840	678,371289112063	536,008330844036	1	1321,62871088794	536,008330844036
849	674,131489061645	529,048305698896	1	1325,86851093836	529,048305698896
873	669,849708002777	520,886222438575	1	1330,15029199722	520,886222438575
893	704,454917478539	538,67970200177	1	1295,54508252146	538,67970200177
898	692,738126679003	539,934864973902	1	1307,261873321	539,934864973902
933	703,019745891057	550,229016706682	1	1296,98025410894	550,229016706682
979	714,408690172971	562,171691621347	1	1285,59130982703	562,171691621347
1001	715,114088381549	557,681843392512	1	1284,88591161845	557,681843392512
1018	706,139867574096	561,641666266649	1	1293,8601324259	561,641666266649
1022	701,63974716935	560,023207457422	1	1298,36025283065	560,023207457422
1074	692,307044948365	553,636660603811	1	1307,69295505163	553,636660603811
1108	685,596183513811	554,827025438919	1	1314,40381648619	554,827025438919
1113	688,64600476372	552,310836298893	1	1311,35399523628	552,310836298893
1146	687,389321005436	550,752742407069	1	1312,61067899456	550,752742407069
1159	692,292613870743	546,880090958851	1	1307,70738612926	546,880090958851
1181	692,687436640472	541,382008525407	1	1307,31256335953	541,382008525407
1640	887,226586202973	352,252273836619	1	1112,77341379703	352,252273836619
1719	948,024465813992	634,508851768455	1	1051,97553418601	634,508851768455
1734	861,115375822504	730,583789343598	1	1138,8846241775	730,583789343598
1761	669,230575215799	632,421590877973	1	1330,7694247842	632,421590877973
1872	576,949826336216	581,04352537326	1	1423,05017366378	581,04352537326
1881	598,277623445085	532,528008345268	1	1401,72237655492	532,528008345268
1900	555,848703823207	595,44545444911	1	1444,15129617679	595,44545444911
1914	572,213003527276	585,547571210724	1	1427,78699647272	585,547571210724
1945	584,756282502677	573,07251651463	1	1415,24371749732	573,07251651463
1985	609,402712726284	545,863926176527	1	1390,59728727372	545,863926176527
2002	589,016983446168	530,026184093039	1	1410,98301655383	530,026184093039
2031	504,648835891229	494,735370874759	1	1495,35116410877	494,735370874759
2079	491,785079450873	463,524291239771	1	1508,21492054913	463,524291239771
2093	547,87704871738	484,528600992138	1	1452,12295128262	484,528600992138
2124	588,199743922391	493,825561966359	1	1411,80025607761	493,825561966359
2141	559,929405655233	494,078314902408	1	1440,07059434477	494,078314902408
2166	507,684496726463	477,611859938531	1	1492,31550327354	477,611859938531
2181	492,723766393666	470,891202953348	1	1507,27623360633	470,891202953348
2211	533,104675898117	477,508015537729	1	1466,89532410188	477,508015537729
2303	546,676112301527	636,884015270526	1	1453,32388769847	636,884015270526
2334	542,918400934213	535,200171805174	1	1457,08159906579	535,200171805174
2349	503,153953824096	412,425042334752	1	1496,8460461759	412,425042334752
3665	790,839767456055	200,660431022623	1	1209,16023254395	200,660431022623
3675	857,663250278115	159,454222280838	1	1142,33674972189	159,454222280838
3681	866,177377055725	182,027991499424	1	1133,82262294427	182,027991499424
3713	875,953315902751	229,129612954959	1	1124,04668409725	229,129612954959
3744	877,470637482125	227,838653795036	1	1122,52936251788	227,838653795036
3746	879,399530208321	227,450422264011	1	1120,60046979168	227,450422264011
3749	887,108889394431	231,481435534205	1	1112,89111060557	231,481435534205
3793	898,795590219785	235,158913115455	1	1101,20440978021	235,158913115455
3799	904,15076324444	239,145028383882	1	1095,84923675556	239,145028383882
3827	897,801494352822	230,860011020164	1	1102,19850564718	230,860011020164
3848	900,701948060648	225,333152960966	1	1099,29805193935	225,333152960966
3866	877,916572253802	222,957184295849	1	1122,0834277462	222,957184295849
3885	878,116414168692	293,248078234731	1	1121,88358583131	293,248078234731
3903	867,545321202296	331,736490175664	1	1132,4546787977	331,736490175664
3926	864,885459117014	336,323595315577	1	1135,11454088299	336,323595315577
3948	864,726779074271	345,441074677951	1	1135,27322092573	345,441074677951
3967	833,491967698657	426,166403568342	1	1166,50803230134	426,166403568342
3998	843,976844058771	453,205381309722	1	1156,02315594123	453,205381309722
4036	724,840996589551	752,282672393309	1	1275,15900341045	752,282672393309
4048	704,121268839742	842,27955452828	1	1295,87873116026	842,27955452828
4086	699,870665080815	866,199025374956	1	1300,12933491919	866,199025374956
4092	680,122532144009	915,00401779681	1	1319,87746785599	915,00401779681
4112	680,522867159741	920,647183224878	1	1319,47713284026	920,647183224878
4138	683,943698320735	922,791846792562	1	1316,05630167926	922,791846792562
4175	737,068054175808	883,888854895105	1	1262,93194582419	883,888854895105
4204	770,17908809307	878,563978374687	1	1229,82091190693	878,563978374687
5812	296,49614747674	178,235976636028	1	1703,50385252326	178,235976636028
6038	555,898761440635	792,035044162964	1	1444,10123855936	792,035044162964
6056	639,013770637389	769,103279047925	1	1360,98622936261	769,103279047925
6070	617,436488214023	738,431296326489	1	1382,56351178598	738,431296326489
6084	615,381704074582	686,918102681479	1	1384,61829592542	686,918102681479
6259	569,77161790175	554,843188272424	1	1430,22838209825	554,843188272424
6274	576,88875167501	511,089923695125	1	1423,11124832499	511,089923695125
6296	648,127924248683	566,548238749753	1	1351,87207575132	566,548238749753
6321	632,580971514366	535,93551421851	1	1367,41902848563	535,93551421851
6338	664,42064099183	580,005795512953	1	1335,57935900817	580,005795512953
6358	617,296067595359	701,636362519006	1	1382,70393240464	701,636362519006
6376	610,396846461869	717,828504333664	1	1389,60315353813	717,828504333664
6383	567,60620091032	724,802404535814	1	1432,39379908968	724,802404535814
6410	548,508739736555	736,175202871939	1	1451,49126026344	736,175202871939
6425	558,670353696632	763,994448315618	1	1441,32964630337	763,994448315618
6474	609,344055543318	767,318064922746	1	1390,65594445668	767,318064922746
6542	834,11197600627	705,850899925224	1	1165,88802399373	705,850899925224
6551	830,993130963832	723,360484073841	1	1169,00686903617	723,360484073841
6574	829,085954947855	736,089127570209	1	1170,91404505215	736,089127570209
6577	828,093618524092	756,599371134174	1	1171,90638147591	756,599371134174
6609	828,847287844989	755,354481128261	1	1171,15271215501	755,354481128261
6654	830,400339361819	750,508706936299	1	1169,59966063818	750,508706936299
6661	828,879181807743	738,471595881759	1	1171,12081819226	738,471595881759
6670	827,889400976812	735,083542831675	1	1172,11059902319	735,083542831675
6673	829,622443814987	730,731834422848	1	1170,37755618501	730,731834422848
6684	838,491407314626	729,317787737761	1	1161,50859268537	729,317787737761
6698	836,339365315906	729,770958101474	1	1163,66063468409	729,770958101474
6715	839,272624340262	721,245289983803	1	1160,72737565974	721,245289983803
6733	845,117161005501	679,982059740986	1	1154,8828389945	679,982059740986
7002	820,954132080078	653,379381081248	1	1179,04586791992	653,379381081248
7008	768,261528632402	659,697046402792	1	1231,7384713676	659,697046402792
7042	764,438070000859	679,480771248329	1	1235,56192999914	679,480771248329
7077	757,346267865463	698,871279525779	1	1242,65373213454	698,871279525779
7111	754,504774132899	703,591478809375	1	1245,4952258671	703,591478809375
7121	753,500197862848	717,899923062765	1	1246,49980213715	717,899923062765
7125	748,576762800187	721,841173715296	1	1251,42323719981	721,841173715296
7134	745,885367456998	720,340148864753	1	1254,114632543	720,340148864753
7149	743,778948428804	715,254361055289	1	1256,2210515712	715,254361055289
7165	740,460856107925	717,808688309069	1	1259,53914389208	717,808688309069
7184	740,316814861812	718,818450195069	1	1259,68318513819	718,818450195069
7205	740,450594496067	720,549982502054	1	1259,54940550393	720,549982502054
7241	744,450999297136	709,322307384643	1	1255,54900070286	709,322307384643
7615	131,335883773261	670,594339948552	0			1868,66411622674	670,594339948552
7628	74,3188555572411	707,810947757981	0			1925,68114444276	707,810947757981
7635	74,3474054591059	716,423223636275	0			1925,65259454089	716,423223636275
7673	133,785408414972	754,391609039937	0			1866,21459158503	754,391609039937
7702	142,290866307729	742,498465238077	0			1857,70913369227	742,498465238077
7714	148,013033604904	751,74557302679	0			1851,9869663951	751,74557302679
7725	194,588340230343	708,85796755562	1	1805,41165976966	708,85796755562
7746	290,068626040729	692,27753137374	1	1709,93137395927	692,27753137374
7773	286,660089877457	694,219964613565	1	1713,33991012254	694,219964613565
7799	310,183239829656	696,78873364455	1	1689,81676017034	696,78873364455
7817	414,683142765634	708,801966754932	1	1585,31685723437	708,801966754932
7843	415,503264143809	708,020695193461	1	1584,49673585619	708,020695193461
7865	355,359049297722	653,233471294363	1	1644,64095070228	653,233471294363
7891	320,940132079754	637,898310799598	1	1679,05986792025	637,898310799598
7923	299,594616479657	632,576878239515	1	1700,40538352034	632,576878239515
7978	298,565061501315	631,520872980521	1	1701,43493849869	631,520872980521
7987	273,062558467334	587,702556215104	1	1726,93744153267	587,702556215104
8004	248,341680833534	572,711345563449	1	1751,65831916647	572,711345563449
8016	188,322530509032	575,930900289206	1	1811,67746949097	575,930900289206
8038	182,690905250751	581,212020466029	1	1817,30909474925	581,212020466029
8053	182,488039371077	582,651037394844	1	1817,51196062892	582,651037394844
8108	175,364203896938	585,370496419147	1	1824,63579610306	585,370496419147
8110	161,044639505449	591,802068379816	0			1838,95536049455	591,802068379816
8127	164,606777409259	601,981852257807	0			1835,39322259074	601,981852257807
8131	165,270010420993	599,87917832901	0			1834,72998957901	599,87917832901
8842	678,176070031225	650,324819387909	1	1321,82392996878	650,324819387909
8885	743,431328338327	469,978842066673	1	1256,56867166167	469,978842066673
8930	735,59655003255	451,187387240405	1	1264,40344996745	451,187387240405
8944	710,895706000951	444,633307260994	1	1289,10429399905	444,633307260994
8998	687,090106186288	444,595477804727	1	1312,90989381371	444,595477804727
9014	674,769575299563	447,619586241987	1	1325,23042470044	447,619586241987
9023	672,255663835242	432,674921714243	1	1327,74433616476	432,674921714243
9027	674,928419901041	427,510135379164	1	1325,07158009896	427,510135379164
9051	674,000622359976	422,136421444871	1	1325,99937764002	422,136421444871
9083	679,116684072613	418,133291286853	1	1320,88331592739	418,133291286853
9096	691,322055474577	402,791154486974	1	1308,67794452542	402,791154486974
9148	693,530193353356	410,038804524177	1	1306,46980664664	410,038804524177
9166	699,709685879568	392,20536042621	1	1300,29031412043	392,20536042621
9183	435,051624974787	397,177099097332	1	1564,94837502521	397,177099097332
9210	336,945750092635	372,811062995927	1	1663,05424990736	372,811062995927
9230	333,074107155946	374,027114200029	1	1666,92589284405	374,027114200029
9255	318,366373084946	374,989432479429	1	1681,63362691505	374,989432479429
9280	232,099043101349	394,046385518182	1	1767,90095689865	394,046385518182
9322	107,585477684148	428,385273520746	0			1892,41452231585	428,385273520746
9350	129,590601530721	540,36410564704	0			1870,40939846928	540,36410564704
9367	101,164400999863	539,839063031196	0			1898,83559900014	539,839063031196
9409	208,811220244014	564,826507764997	1	1791,18877975599	564,826507764997
9431	419,700010071744	564,336689969624	1	1580,29998992826	564,336689969624
9439	502,538045675431	569,526382918133	1	1497,46195432457	569,526382918133
9491	559,961062683648	542,177791937817	1	1440,03893731635	542,177791937817
9499	624,02885419513	509,698095441258	1	1375,97114580487	509,698095441258
9506	669,047143638297	473,371160535263	1	1330,9528563617	473,371160535263
9540	686,375565592887	461,871870815822	1	1313,62443440711	461,871870815822
9543	685,623872957321	463,176275973096	1	1314,37612704268	463,176275973096
9551	697,151617743081	468,596959460098	1	1302,84838225692	468,596959460098
9564	702,493755322305	469,751382788849	1	1297,50624467769	469,751382788849
9580	702,46572403743	469,687198652634	1	1297,53427596257	469,687198652634
9593	711,86014668621	477,559489892087	1	1288,13985331379	477,559489892087
9626	704,485817126646	497,097560719733	1	1295,51418287335	497,097560719733
9644	705,394741797406	489,347390304514	1	1294,60525820259	489,347390304514
9660	701,682001855489	494,805533741249	1	1298,31799814451	494,805533741249
9665	698,006682862444	497,558350865306	1	1301,99331713756	497,558350865306
9680	684,870806423549	503,292210970437	1	1315,12919357645	503,292210970437
9703	683,223758419948	502,120873514462	1	1316,77624158005	502,120873514462
9706	680,500921708841	522,117357006423	1	1319,49907829116	522,117357006423
9726	680,592939857627	523,825046772443	1	1319,40706014237	523,825046772443
9744	684,012163045228	525,767099724777	1	1315,98783695477	525,767099724777
9773	683,197412494858	530,553707538713	1	1316,80258750514	530,553707538713
9791	687,02180505679	525,987035012982	1	1312,97819494321	525,987035012982
9816	687,022694472742	531,161292841898	1	1312,97730552726	531,161292841898
9861	678,619691424141	578,865886882414	1	1321,38030857586	578,865886882414
9877	678,4834513296	562,077265389185	1	1321,5165486704	562,077265389185
9923	649,284213127898	564,449055222374	1	1350,7157868721	564,449055222374
9931	647,55730313648	567,723162104842	1	1352,44269686352	567,723162104842
9953	548,840452627192	620,040262977634	1	1451,15954737281	620,040262977634
9970	531,843787870709	628,280094624155	1	1468,15621212929	628,280094624155
9992	514,553748542903	608,067643028982	1	1485,4462514571	608,067643028982
9999	503,852445085735	602,79091018136	1	1496,14755491427	602,79091018136
10017	500,665403995631	590,149246788031	1	1499,33459600437	590,149246788031
10030	504,296772080616	597,338351081934	1	1495,70322791938	597,338351081934
10053	503,957655666192	596,013222804917	1	1496,04234433381	596,013222804917
