12	786,658337933828	578,602021265986	1	1213,34166206617	578,602021265986
29	745,676306556996	598,408445316741	1	1254,323693443	598,408445316741
57	686,915739941711	606,920145032609	1	1313,08426005829	606,920145032609
62	642,188298078181	606,685353652295	1	1357,81170192182	606,685353652295
91	430,794721311674	602,363862432171	1	1569,20527868833	602,363862432171
109	387,730686068078	593,279640983172	1	1612,26931393192	593,279640983172
124	378,386481083298	593,910890108531	1	1621,6135189167	593,910890108531
129	372,203904990137	592,969420479903	1	1627,79609500986	592,969420479903
154	372,711413200585	598,258657479998	1	1627,28858679942	598,258657479998
170	372,872652955246	601,306960991292	1	1627,12734704475	601,306960991292
191	367,960612987268	595,162680241423	1	1632,03938701273	595,162680241423
197	372,81213091805	603,100046142317	1	1627,18786908195	603,100046142317
220	368,535801519808	602,016812053509	1	1631,46419848019	602,016812053509
248	363,57443281929	603,333786605982	1	1636,42556718071	603,333786605982
249	361,206649450578	603,300723960389	1	1638,79335054942	603,300723960389
264	366,154489830677	610,334072568612	1	1633,84551016932	610,334072568612
283	370,418313129114	614,790234079092	1	1629,58168687089	614,790234079092
309	399,811030234543	617,083153701297	1	1600,18896976546	617,083153701297
331	442,067455464835	623,039769147296	1	1557,93254453517	623,039769147296
357	478,961419762682	628,155534130534	1	1521,03858023732	628,155534130534
397	497,082714026602	633,446046963807	1	1502,9172859734	633,446046963807
402	513,568201007356	640,123860709614	1	1486,43179899264	640,123860709614
415	551,242182118924	655,111643544731	1	1448,75781788108	655,111643544731
419	590,81904152746	674,021929490101	1	1409,18095847254	674,021929490101
422	595,343804356816	678,297935743175	1	1404,65619564318	678,297935743175
424	600,261548460152	689,877213574349	1	1399,73845153985	689,877213574349
461	601,644089794759	697,481740335861	1	1398,35591020524	697,481740335861
488	602,301487503775	704,331233379868	1	1397,69851249623	704,331233379868
505	598,095146140444	738,036533917842	1	1401,90485385956	738,036533917842
513	586,926335546024	712,831432938243	1	1413,07366445398	712,831432938243
537	588,755060789114	725,601192520098	1	1411,24493921089	725,601192520098
552	584,018373757225	705,781902282561	1	1415,98162624278	705,781902282561
559	585,131113744662	700,515812949412	1	1414,86888625534	700,515812949412
586	581,018252121553	692,546370251851	1	1418,98174787845	692,546370251851
797	828,142451314093	418,088770571357	1	1171,85754868591	418,088770571357
829	878,392601630449	414,544798542971	1	1121,60739836955	414,544798542971
876	668,440712181824	462,63246649358	1	1331,55928781818	462,63246649358
905	660,746161040204	487,904757194427	1	1339,2538389598	487,904757194427
937	776,527971564216	446,838602601991	1	1223,47202843578	446,838602601991
955	750,271811810364	463,953301709016	1	1249,72818818964	463,953301709016
958	796,871824469558	446,115447638937	1	1203,12817553044	446,115447638937
981	839,798719480474	426,068264485374	1	1160,20128051953	426,068264485374
996	851,83136695616	443,480414416992	1	1148,16863304384	443,480414416992
1014	866,408456858556	463,374402855957	1	1133,59154314144	463,374402855957
1022	872,57811093534	510,88740698106	1	1127,42188906466	510,88740698106
1051	869,222908333206	516,330667834801	1	1130,77709166679	516,330667834801
1080	863,549560651949	526,273066926373	1	1136,45043934805	526,273066926373
1087	850,362860782074	529,295022108484	1	1149,63713921793	529,295022108484
1103	852,015162582086	528,250272470046	1	1147,98483741791	528,250272470046
1116	852,208538929778	528,387734834295	1	1147,79146107022	528,387734834295
1141	853,200493891217	529,839757855026	1	1146,79950610878	529,839757855026
1147	835,960676069268	534,866620836877	1	1164,03932393073	534,866620836877
1207	838,33171706179	544,10950738363	1	1161,66828293821	544,10950738363
1231	826,663059451541	569,720211760771	1	1173,33694054846	569,720211760771
1250	821,972335073159	593,365426823219	1	1178,02766492684	593,365426823219
1273	833,346392439375	601,263908768862	1	1166,65360756063	601,263908768862
1279	843,027084013269	625,87073133002	1	1156,97291598673	625,87073133002
1300	842,041870564902	619,000218322115	1	1157,9581294351	619,000218322115
1316	851,867339753293	619,777351235677	1	1148,13266024671	619,777351235677
1325	859,136504948454	619,727233555322	1	1140,86349505155	619,727233555322
1390	851,733117673106	623,388081293635	1	1148,26688232689	623,388081293635
1393	850,225440992745	620,367148101047	1	1149,77455900726	620,367148101047
1402	838,621902081026	611,668471120051	1	1161,37809791897	611,668471120051
1413	833,150473808108	614,504997704494	1	1166,84952619189	614,504997704494
1415	828,243467051549	618,919457291039	1	1171,75653294845	618,919457291039
1434	822,353597641744	615,869207760328	1	1177,64640235826	615,869207760328
1466	823,567100481366	612,227158075608	1	1176,43289951863	612,227158075608
1471	822,418392994012	612,3381886156	1	1177,58160700599	612,3381886156
1477	820,420300179329	610,013021321935	1	1179,57969982067	610,013021321935
1516	805,038235849804	595,150812282764	1	1194,9617641502	595,150812282764
1534	775,377764919763	584,59901135296	1	1224,62223508024	584,59901135296
1542	752,197317787711	586,357360382977	1	1247,80268221229	586,357360382977
1560	742,175060625906	583,701690027573	1	1257,82493937409	583,701690027573
1577	720,702413274337	577,972279853111	1	1279,29758672566	577,972279853111
1597	705,322793221544	570,142332175161	1	1294,67720677846	570,142332175161
1601	613,722912541295	557,537030696835	1	1386,2770874587	557,537030696835
1632	607,651286334682	556,356169099342	1	1392,34871366532	556,356169099342
1666	561,047425229776	553,954863844455	1	1438,95257477022	553,954863844455
1684	587,319883917594	559,652263589019	1	1412,68011608241	559,652263589019
1716	466,494378153722	492,970624026459	1	1533,50562184628	492,970624026459
1718	485,962686394766	496,633035243192	1	1514,03731360523	496,633035243192
1730	495,122304592127	500,45320328746	1	1504,87769540787	500,45320328746
1751	486,544219162793	491,143789469564	1	1513,45578083721	491,143789469564
1768	514,435697583232	491,217695117865	1	1485,56430241677	491,217695117865
1776	541,259476555239	498,472812712199	1	1458,74052344476	498,472812712199
1818	669,21657452303	502,306777777067	1	1330,78342547697	502,306777777067
1823	732,423777132639	495,8711633615	1	1267,57622286736	495,8711633615
1858	849,955718896368	489,111158552609	1	1150,04428110363	489,111158552609
1862	893,064036528488	488,141353735826	1	1106,93596347151	488,141353735826
1866	892,542823883573	483,061348568894	1	1107,45717611643	483,061348568894
1882	883,527052200797	471,136758095077	1	1116,4729477992	471,136758095077
1897	886,904400328145	458,903003100754	1	1113,09559967186	458,903003100754
1910	891,941710445471	453,35682626551	1	1108,05828955453	453,35682626551
1928	905,333460592328	454,191867637994	1	1094,66653940767	454,191867637994
1954	907,798606653511	452,847660403543	1	1092,20139334649	452,847660403543
1972	918,745563783852	456,694298277151	1	1081,25443621615	456,694298277151
1985	916,594352694	460,368651925275	1	1083,405647306	460,368651925275
2265	1077,94256611549	137,859033261437	1	922,057433884507	137,859033261437
2312	1082,95706838466	151,076138293741	1	917,042931615342	151,076138293741
2335	1082,95706838466	151,076138293741	1	917,042931615342	151,076138293741
2352	1102,51109479377	219,413561445366	1	897,488905206232	219,413561445366
2373	1124,41847029567	198,519508966414	1	875,581529704332	198,519508966414
2417	1090,43850272004	204,406992735161	1	909,561497279958	204,406992735161
2437	1060,39964649214	213,138101422105	1	939,600353507856	213,138101422105
2467	1035,70260937288	225,340744723726	1	964,297390627119	225,340744723726
2483	1036,09477397718	206,082866618524	1	963,905226022817	206,082866618524
2492	1030,84821029348	222,635760991515	1	969,151789706523	222,635760991515
2512	1026,17770238035	232,268008618679	1	973,822297619651	232,268008618679
2529	1024,44928148139	244,660161822374	1	975,550718518611	244,660161822374
2704	998,043438068871	225,718915757493	1	1001,95656193113	225,718915757493
2767	136,590734191697	151,174579714476	0			1863,4092658083	151,174579714476
2786	169,659946055856	184,592639721901	1	1830,34005394414	184,592639721901
2806	163,399085243197	178,264163662566	0			1836,6009147568	178,264163662566
2852	184,567235937457	186,803758550105	1	1815,43276406254	186,803758550105
2893	70,9368412094675	379,079778302845	0			1929,06315879053	379,079778302845
2903	43,6515616567099	369,239149237555	0			1956,34843834329	369,239149237555
2940	25,8265637920475	382,477158843463	0			1974,17343620795	382,477158843463
2979	23,4635514045437	467,516254743425	0			1976,53644859546	467,516254743425
3010	13,1954745463885	441,51104816773	0			1986,80452545361	441,51104816773
3023	9,53169769746596	428,384592128088	0			1990,46830230253	428,384592128088
3051	6,43555960079441	376,14288851548	0			1993,56444039921	376,14288851548
3064	6,70552302725895	374,944629335084	0			1993,29447697274	374,944629335084
3094	18,8222865124892	375,146345847763	0			1981,17771348751	375,146345847763
3120	17,7684937436517	375,744704116029	0			1982,23150625635	375,744704116029
3156	8,887321793076	378,720878932549	0			1991,11267820692	378,720878932549
3165	-60,6752805531879	403,637236031739	0			2060,67528055319	403,637236031739
3185	-82,5617753363572	371,425312362787	0			2082,56177533636	371,425312362787
3209	-57,3983470959939	398,088785352511	0			2057,39834709599	398,088785352511
3241	-62,4815504544667	397,36603715843	0			2062,48155045447	397,36603715843
3257	-44,8359283448258	423,246175187659	0			2044,83592834483	423,246175187659
3278	-29,1960695939881	424,060390867126	0			2029,19606959399	424,060390867126
3300	-54,9855318429497	411,020998174641	0			2054,98553184295	411,020998174641
3323	-55,4579009901372	413,1952882338	0			2055,45790099014	413,1952882338
3339	-55,0373512859198	415,573977747584	0			2055,03735128592	415,573977747584
3351	-50,2066068733605	416,029601881295	0			2050,20660687336	416,029601881295
3362	-49,0971998082988	417,767673113589	0			2049,0971998083	417,767673113589
3381	-50,3534689877473	418,487197786249	0			2050,35346898775	418,487197786249
3416	-48,2782669386417	416,966938827686	0			2048,27826693864	416,966938827686
3427	-36,6588663933228	371,228064398371	0			2036,65886639332	371,228064398371
3466	-38,774776184355	353,471879942699	0			2038,77477618436	353,471879942699
3476	-49,6457219964209	318,513582250044	0			2049,64572199642	318,513582250044
3498	-17,7701680870022	302,5818250364	0			2017,770168087	302,5818250364
3519	-19,1478133482674	333,856379312329	0			2019,14781334827	333,856379312329
3528	-27,2521544246187	338,51382697978	0			2027,25215442462	338,51382697978
3544	-31,7728031451195	299,779589875591	0			2031,77280314512	299,779589875591
3560	-44,7714045261261	253,030377221327	0			2044,77140452613	253,030377221327
3570	-76,9592489348011	151,318772208687	0			2076,9592489348	151,318772208687
3602	-42,0600572949203	185,5333699206	0			2042,06005729492	185,5333699206
3634	-58,7998729535887	140,126579639129	0			2058,79987295359	140,126579639129
3643	-57,7456380250747	120,015109095844	0			2057,74563802507	120,015109095844
3659	-47,1826529053234	136,832949661379	0			2047,18265290532	136,832949661379
3662	-55,2768708256497	126,352308122011	0			2055,27687082565	126,352308122011
3694	-36,5674549699678	154,734896036529	0			2036,56745496997	154,734896036529
3698	-19,2502095023683	183,335115589646	0			2019,25020950237	183,335115589646
3708	-22,3259433491022	177,360872948422	0			2022,3259433491	177,360872948422
3729	-17,5379635178038	232,064414327436	0			2017,5379635178	232,064414327436
3766	-100,850075657838	68,1260268266456	0			2100,85007565784	68,1260268266456
3789	-68,0031057528358	148,956248490243	0			2068,00310575284	148,956248490243
3826	-20,7674390675568	257,286213514185	0			2020,76743906756	257,286213514185
3838	-29,4787392254631	236,880659621776	0			2029,47873922546	236,880659621776
3856	-58,5651278532079	168,748020415181	0			2058,56512785321	168,748020415181
3875	-61,8748832398952	160,995171737083	0			2061,8748832399	160,995171737083
3920	-44,2977244115246	202,168321008288	0			2044,29772441152	202,168321008288
4383	130,181548973503	496,89421378169	0			1869,8184510265	496,89421378169
4414	130,409492566748	555,269793609651	0			1869,59050743325	555,269793609651
4427	111,725916394348	556,453019870204	0			1888,27408360565	556,453019870204
4459	101,742791538324	560,294745712895	0			1898,25720846168	560,294745712895
4470	103,509521921721	560,979570434994	0			1896,49047807828	560,979570434994
4507	67,0904679845327	605,725701834711	0			1932,90953201547	605,725701834711
4517	57,269716900103	629,30736844708	0			1942,7302830999	629,30736844708
4551	161,689188775615	682,901809951257	0			1838,31081122439	682,901809951257
4567	266,692335248465	724,693256978798	1	1733,30766475153	724,693256978798
4587	247,079677483575	724,193079162087	1	1752,92032251643	724,193079162087
4597	255,28765069593	726,939779282352	1	1744,71234930407	726,939779282352
4611	269,191448740749	757,454669291635	1	1730,80855125925	757,454669291635
4629	261,293307468901	760,520545520918	1	1738,7066925311	760,520545520918
4690	245,100145038694	772,322377175163	1	1754,89985496131	772,322377175163
4727	230,799468480243	757,702626944315	1	1769,20053151976	757,702626944315
4733	263,097821091464	784,105671659506	1	1736,90217890854	784,105671659506
4737	239,0277227556	781,296616806773	1	1760,9722772444	781,296616806773
4753	238,215927032328	774,053316721045	1	1761,78407296767	774,053316721045
4756	259,980376139652	772,101736697682	1	1740,01962386035	772,101736697682
4766	251,534569967349	768,460751531718	1	1748,46543003265	768,460751531718
4784	243,92283857725	766,296472384125	1	1756,07716142275	766,296472384125
4810	224,861657505718	757,92046274709	1	1775,13834249428	757,92046274709
4828	216,600066875771	756,719605514927	1	1783,39993312423	756,719605514927
4842	246,074326807638	769,659899993474	1	1753,92567319236	769,659899993474
4859	227,494127437119	768,190282196725	1	1772,50587256288	768,190282196725
4868	237,431243070083	765,357040452349	1	1762,56875692992	765,357040452349
4880	261,874551220408	756,348422091798	1	1738,12544877959	756,348422091798
4901	283,082221022083	715,450234551005	1	1716,91777897792	715,450234551005
4911	415,184870637866	700,556723190712	1	1584,81512936213	700,556723190712
4928	424,599059199017	699,487337352027	1	1575,40094080098	699,487337352027
4961	465,401470172736	691,02502604194	1	1534,59852982726	691,02502604194
4996	574,087783010509	683,364418136028	1	1425,91221698949	683,364418136028
5005	597,462044416357	695,246539931227	1	1402,53795558364	695,246539931227
5025	598,108314135179	696,52883579846	1	1401,89168586482	696,52883579846
5027	596,968239560131	697,087744344969	1	1403,03176043987	697,087744344969
5031	588,899423187875	699,451463554404	1	1411,10057681212	699,451463554404
5057	589,292367769724	699,966625362637	1	1410,70763223028	699,966625362637
5063	594,845173545587	704,408283055001	1	1405,15482645441	704,408283055001
5079	599,993047694056	706,692039522419	1	1400,00695230594	706,692039522419
5115	611,346514076074	718,130032791027	1	1388,65348592393	718,130032791027
5153	612,613952116867	718,242201170351	1	1387,38604788313	718,242201170351
5163	610,403372578158	710,354505614174	1	1389,59662742184	710,354505614174
5168	611,030231277245	709,261913256578	1	1388,96976872276	709,261913256578
5170	603,250574532254	709,290933931985	1	1396,74942546775	709,290933931985
5192	595,086865631274	705,060400589948	1	1404,91313436873	705,060400589948
5199	591,676757063122	695,218551101543	1	1408,32324293688	695,218551101543
5238	593,290574551167	698,611279209975	1	1406,70942544883	698,611279209975
5254	593,294915689785	698,672850914321	1	1406,70508431021	698,672850914321
5287	598,727062673393	693,545925361839	1	1401,27293732661	693,545925361839
5304	588,938795433955	693,991049867689	1	1411,06120456605	693,991049867689
5310	594,853605449287	696,977180432244	1	1405,14639455071	696,977180432244
5326	599,453516772679	700,539051188044	1	1400,54648322732	700,539051188044
5330	578,329289260116	685,233869618457	1	1421,67071073988	685,233869618457
5363	597,639566944094	697,945888937625	1	1402,36043305591	697,945888937625
5367	595,164688993737	696,11209959932	1	1404,83531100626	696,11209959932
5383	599,757068508171	704,991363272008	1	1400,24293149183	704,991363272008
5410	600,649090448766	702,329860020871	1	1399,35090955123	702,329860020871
5430	607,284598692806	691,647516287307	1	1392,71540130719	691,647516287307
5446	619,033878135294	689,843566841195	1	1380,96612186471	689,843566841195
5458	618,473316114471	689,587191094999	1	1381,52668388553	689,587191094999
5483	619,146259958022	684,15224668727	1	1380,85374004198	684,15224668727
5496	638,079616888709	650,087749946295	1	1361,92038311129	650,087749946295
5500	642,664618223527	641,78227742461	1	1357,33538177647	641,78227742461
5514	644,390657674137	636,670153806971	1	1355,60934232586	636,670153806971
5528	648,466244584918	595,951413153368	1	1351,53375541508	595,951413153368
5553	649,590544084586	594,565470466923	1	1350,40945591541	594,565470466923
5580	661,952952346934	606,160757388301	1	1338,04704765307	606,160757388301
5605	665,391020335271	604,81551226753	1	1334,60897966473	604,81551226753
5609	665,228415154759	604,830971710466	1	1334,77158484524	604,830971710466
5617	666,024709280468	605,023824114002	1	1333,97529071953	605,023824114002
5636	681,18304195259	596,556474696289	1	1318,81695804741	596,556474696289
5650	673,337656705365	598,952331498488	1	1326,66234329463	598,952331498488
5665	669,008993152529	593,6053470598	1	1330,99100684747	593,6053470598
5680	669,098472660016	587,640475589858	1	1330,90152733998	587,640475589858
5714	658,33890710089	585,457144629559	1	1341,66109289911	585,457144629559
5736	656,050230935189	582,826536824427	1	1343,94976906481	582,826536824427
5750	659,089935547769	571,825445602436	1	1340,91006445223	571,825445602436
5770	654,232725608166	579,968780942122	1	1345,76727439183	579,968780942122
5810	637,349910665482	624,359499898869	1	1362,65008933452	624,359499898869
5812	635,55026097802	628,100501497657	1	1364,44973902198	628,100501497657
5862	623,250233161215	583,856715196798	1	1376,74976683879	583,856715196798
5865	586,978555988058	580,509519186592	1	1413,02144401194	580,509519186592
5887	607,365088546733	523,727667378569	1	1392,63491145327	523,727667378569
5900	618,504523281383	489,965742512405	1	1381,49547671862	489,965742512405
5928	610,893828033552	501,671841732203	1	1389,10617196645	501,671841732203
5949	622,587936308195	483,254585650961	1	1377,4120636918	483,254585650961
5977	669,395411417465	370,025739383319	1	1330,60458858254	370,025739383319
6000	681,674533498048	370,953226335706	1	1318,32546650195	370,953226335706
6020	687,161405624638	377,383505789215	1	1312,83859437536	377,383505789215
6071	695,885915021294	393,978432472396	1	1304,11408497871	393,978432472396
6086	694,267341103112	393,632843991216	1	1305,73265889689	393,632843991216
6105	718,721759044526	413,121124788822	1	1281,27824095547	413,121124788822
6119	726,716671108961	418,870643029092	1	1273,28332889104	418,870643029092
6125	725,391033012984	443,076656996454	1	1274,60896698702	443,076656996454
6154	728,172866396172	441,415971081452	1	1271,82713360383	441,415971081452
6176	725,416541460641	455,968844876872	1	1274,58345853936	455,968844876872
6182	724,701016843761	459,280390574721	1	1275,29898315624	459,280390574721
6205	727,12269592577	461,487055993589	1	1272,87730407423	461,487055993589
6217	822,342915922674	445,723124215905	1	1177,65708407733	445,723124215905
6235	857,81842812713	422,515464888697	1	1142,18157187287	422,515464888697
6251	867,186207558982	413,756034584949	1	1132,81379244102	413,756034584949
6272	874,033185603249	407,851863945405	1	1125,96681439675	407,851863945405
6304	822,663532955454	380,301463727185	1	1177,33646704455	380,301463727185
6330	837,160623656254	379,758183384834	1	1162,83937634375	379,758183384834
6334	861,756037574976	392,611619286818	1	1138,24396242502	392,611619286818
6359	839,599225438163	372,988356138986	1	1160,40077456184	372,988356138986
6364	846,681131257512	375,837897341738	1	1153,31886874249	375,837897341738
6381	840,776752203367	376,20376387739	1	1159,22324779663	376,20376387739
6395	837,558252717083	377,685715306067	1	1162,44174728292	377,685715306067
6407	831,951543869484	376,294985123735	1	1168,04845613052	376,294985123735
6423	841,327285204396	392,599309378825	1	1158,6727147956	392,599309378825
6468	876,855124146247	432,56638416901	1	1123,14487585375	432,56638416901
6485	879,726719215434	423,101582621156	1	1120,27328078457	423,101582621156
6500	847,158218746367	380,483108442767	1	1152,84178125363	380,483108442767
6526	866,914483692168	396,565686043506	1	1133,08551630783	396,565686043506
6551	884,648403023414	398,51348612351	1	1115,35159697659	398,51348612351
6561	886,611476501789	458,494287424123	1	1113,38852349821	458,494287424123
6577	894,771016201513	458,296587006816	1	1105,22898379849	458,296587006816
6605	884,747087619866	476,998596980085	1	1115,25291238013	476,998596980085
6621	875,831491148068	474,020331053756	1	1124,16850885193	474,020331053756
6638	879,703828225116	478,069149987491	1	1120,29617177488	478,069149987491
6649	872,553923009422	435,44660898294	1	1127,44607699058	435,44660898294
6666	843,455302382995	376,639726710414	1	1156,544697617	376,639726710414
6679	830,709678646604	356,240657948882	1	1169,2903213534	356,240657948882
6697	845,244694796663	379,231332000238	1	1154,75530520334	379,231332000238
6713	829,729470967062	418,508605056609	1	1170,27052903294	418,508605056609
6729	823,984991829409	415,499289371752	1	1176,01500817059	415,499289371752
6756	813,184946943586	422,954396719964	1	1186,81505305641	422,954396719964
6774	821,599644615583	452,512913807501	1	1178,40035538442	452,512913807501
6790	826,217943026474	455,391436862268	1	1173,78205697353	455,391436862268
6800	881,670036085748	468,665214259031	1	1118,32996391425	468,665214259031
6817	904,787536933282	473,973184183015	1	1095,21246306672	473,973184183015
6829	910,149889495975	476,162747583542	1	1089,85011050403	476,162747583542
6850	923,072255916202	483,915526843035	1	1076,9277440838	483,915526843035
6867	927,17674573244	489,109904661274	1	1072,82325426756	489,109904661274
6877	889,890496404363	520,491142509202	1	1110,10950359564	520,491142509202
6913	813,656021860333	654,859069167281	1	1186,34397813967	654,859069167281
6940	838,852945575962	576,870853993245	1	1161,14705442404	576,870853993245
6943	840,477287634426	561,382711271865	1	1159,52271236557	561,382711271865
6945	837,02346915721	551,91642773902	1	1162,97653084279	551,91642773902
6970	831,670606474719	517,207595058417	1	1168,32939352528	517,207595058417
6996	862,535663241446	492,728911784335	1	1137,46433675855	492,728911784335
7000	857,970819726734	490,46455281601	1	1142,02918027327	490,46455281601
7027	853,603193603381	512,066120388051	1	1146,39680639662	512,066120388051
7047	862,369465101323	516,493172349397	1	1137,63053489868	516,493172349397
7058	868,485850347965	522,015736965195	1	1131,51414965204	522,015736965195
7077	866,150884480391	514,806949728099	1	1133,84911551961	514,806949728099
7109	810,619156411187	496,20413275405	1	1189,38084358881	496,20413275405
7118	801,839520401228	499,408262349501	1	1198,16047959877	499,408262349501
7130	772,876699971772	514,393916369591	1	1227,12330002823	514,393916369591
7144	749,660692623038	526,503527807238	1	1250,33930737696	526,503527807238
7163	743,780743115859	533,313281234818	1	1256,21925688414	533,313281234818
7180	706,855335392415	544,406849169235	1	1293,14466460758	544,406849169235
7207	715,342451985413	533,788911608249	1	1284,65754801459	533,788911608249
7221	705,763978572634	531,993760802902	1	1294,23602142737	531,993760802902
7242	710,539397995926	531,854634519722	1	1289,46060200407	531,854634519722
7254	703,621394098572	544,532688465517	1	1296,37860590143	544,532688465517
7267	705,493301907894	557,655682658313	1	1294,50669809211	557,655682658313
7290	693,795678469466	550,534095065754	1	1306,20432153053	550,534095065754
7312	687,330883561432	542,618301019307	1	1312,66911643857	542,618301019307
7326	672,732515397886	537,133351945722	1	1327,26748460211	537,133351945722
7349	652,977952574274	524,725450611554	1	1347,02204742573	524,725450611554
7368	663,926961958899	522,816126082658	1	1336,0730380411	522,816126082658
7387	658,953936644793	543,999067312588	1	1341,04606335521	543,999067312588
7402	675,19123789825	589,24538856884	1	1324,80876210175	589,24538856884
7423	684,868412956883	581,04234489521	1	1315,13158704312	581,04234489521
7498	688,431835875169	578,32674792766	1	1311,56816412483	578,32674792766
7522	682,440342932207	554,610120520984	1	1317,55965706779	554,610120520984
7526	691,740234871985	554,512819590434	1	1308,25976512802	554,512819590434
7541	647,653026138362	555,082390994717	1	1352,34697386164	555,082390994717
7551	592,646958333337	564,035103032786	1	1407,35304166666	564,035103032786
7585	591,009600443652	563,4969986748	1	1408,99039955635	563,4969986748
7592	578,56758172348	564,931321924039	1	1421,43241827652	564,931321924039
7625	589,025458930385	571,484525542658	1	1410,97454106962	571,484525542658
7629	585,422545257635	567,561929702073	1	1414,57745474236	567,561929702073
7630	585,508734928797	566,837711390742	1	1414,4912650712	566,837711390742
7663	566,381509995927	564,250439825352	1	1433,61849000407	564,250439825352
7675	549,349330071242	557,933213443526	1	1450,65066992876	557,933213443526
7691	548,152775780906	560,644627947339	1	1451,84722421909	560,644627947339
7710	550,041913132823	562,17506497651	1	1449,95808686718	562,17506497651
7729	544,329125279994	562,873641173239	1	1455,67087472001	562,873641173239
7745	559,309471772431	562,980946909386	1	1440,69052822757	562,980946909386
7761	583,222109679681	569,765515536396	1	1416,77789032032	569,765515536396
7776	587,51442042934	565,763731370598	1	1412,48557957066	565,763731370598
7803	594,490826682229	587,744172339411	1	1405,50917331777	587,744172339411
7819	591,549065503436	575,49196576702	1	1408,45093449656	575,49196576702
7839	585,430704539013	578,143437739589	1	1414,56929546099	578,143437739589
7856	583,340327328234	589,192689358095	1	1416,65967267177	589,192689358095
7866	584,712303099156	607,858399126452	1	1415,28769690084	607,858399126452
7886	573,996210395757	605,4796597415	1	1426,00378960424	605,4796597415
7905	574,594018624475	601,990517222355	1	1425,40598137553	601,990517222355
7924	575,455504473542	601,022281134236	1	1424,54449552646	601,022281134236
7968	585,699950851661	598,93343200356	1	1414,30004914834	598,93343200356
7985	581,951008941398	596,178448558305	1	1418,0489910586	596,178448558305
7993	569,126972153565	584,329158155577	1	1430,87302784643	584,329158155577
8002	567,679579637868	585,155932828851	1	1432,32042036213	585,155932828851
8016	569,130632450774	588,556559497601	1	1430,86936754923	588,556559497601
8029	572,87803537365	587,052483395447	1	1427,12196462635	587,052483395447
8046	594,172552558247	596,594466141659	1	1405,82744744175	596,594466141659
8058	588,865927335006	602,631227399526	1	1411,13407266499	602,631227399526
8077	587,061438061585	603,319366179931	1	1412,93856193841	603,319366179931
8117	580,452118493187	602,600814434392	1	1419,54788150681	602,600814434392
8133	577,858855519117	603,39377145861	1	1422,14114448088	603,39377145861
8145	574,350227640377	608,482643489373	1	1425,64977235962	608,482643489373
8155	564,793871751269	569,689356075053	1	1435,20612824873	569,689356075053
8160	557,236998680558	551,978026749138	1	1442,76300131944	551,978026749138
8182	562,442624909662	557,541958376526	1	1437,55737509034	557,541958376526
8198	562,115682956431	561,128111738477	1	1437,88431704357	561,128111738477
8218	564,874454108346	566,164770973546	1	1435,12554589165	566,164770973546
8239	574,038928253065	574,177650864257	1	1425,96107174694	574,177650864257
8256	579,285472040719	580,667496798597	1	1420,71452795928	580,667496798597
8276	590,589368899684	581,968476219597	1	1409,41063110032	581,968476219597
8286	568,105008388088	567,262949616528	1	1431,89499161191	567,262949616528
8305	551,371575215177	576,471447027838	1	1448,62842478482	576,471447027838
8341	436,369092264117	515,175783103655	1	1563,63090773588	515,175783103655
8345	485,394737605974	548,777914353033	1	1514,60526239403	548,777914353033
8370	490,757014964576	547,117150497938	1	1509,24298503542	547,117150497938
8382	470,161193519136	548,998816929524	1	1529,83880648086	548,998816929524
8420	289,353606069054	497,179091058533	1	1710,64639393095	497,179091058533
8440	292,09894980419	534,813095484364	1	1707,90105019581	534,813095484364
8443	345,997790375853	582,91568226494	1	1654,00220962415	582,91568226494
8449	310,160460250049	561,401419445435	1	1689,83953974995	561,401419445435
8469	297,732765034626	557,995581150088	1	1702,26723496537	557,995581150088
8479	301,179242995079	577,992775324842	1	1698,82075700492	577,992775324842
8499	269,879941280854	570,723536455626	1	1730,12005871915	570,723536455626
8514	262,319906583754	566,972200994487	1	1737,68009341625	566,972200994487
8531	279,455726026441	597,470186264993	1	1720,54427397356	597,470186264993
8557	252,282884399615	564,504227945192	1	1747,71711560038	564,504227945192
8573	254,321115832517	573,319274937873	1	1745,67888416748	573,319274937873
8589	264,833601842826	587,434243046879	1	1735,16639815717	587,434243046879
8612	263,801870077966	588,307126421831	1	1736,19812992203	588,307126421831
8631	271,451936138222	600,236880588359	1	1728,54806386178	600,236880588359
8637	268,452934138759	610,573160695227	1	1731,54706586124	610,573160695227
8650	269,861970849663	604,480827610582	1	1730,13802915034	604,480827610582
8668	287,850738680904	622,391086044843	1	1712,1492613191	622,391086044843
8677	279,35410566307	608,679998224402	1	1720,64589433693	608,679998224402
8709	271,248580579515	599,219671796114	1	1728,75141942049	599,219671796114
8728	270,808027938932	583,918081314045	1	1729,19197206107	583,918081314045
8746	249,402201115085	560,108317865551	1	1750,59779888491	560,108317865551
8768	247,282060066289	557,458622101147	1	1752,71793993371	557,458622101147
8784	259,453084611784	608,946197183791	1	1740,54691538822	608,946197183791
8795	266,00915412638	623,408360540422	1	1733,99084587362	623,408360540422
8815	270,22416615807	636,22517403375	1	1729,77583384193	636,22517403375
8830	261,777801722229	636,509063954153	1	1738,22219827777	636,509063954153
8879	243,509129025861	632,91622227273	1	1756,49087097414	632,91622227273
8907	213,305143260748	633,88885897605	1	1786,69485673925	633,88885897605
8910	241,277880993923	651,618127316302	1	1758,72211900608	651,618127316302
8911	213,971418232277	644,25804297119	1	1786,02858176772	644,25804297119
8914	218,831955366921	648,998068721044	1	1781,16804463308	648,998068721044
8936	252,551276972209	673,024027898448	1	1747,44872302779	673,024027898448
8959	243,306839178283	672,112383357607	1	1756,69316082172	672,112383357607
8964	225,664116656537	657,479422440889	1	1774,33588334346	657,479422440889
8979	245,646906879633	675,235420694593	1	1754,35309312037	675,235420694593
9038	207,63744943432	673,78735246989	1	1792,36255056568	673,78735246989
9042	185,728867990355	657,558984036157	1	1814,27113200965	657,558984036157
9059	153,697076744022	650,157264030744	0			1846,30292325598	650,157264030744
9068	149,313444424326	655,882554563876	0			1850,68655557567	655,882554563876
9071	144,458737461008	644,073662742468	0			1855,54126253899	644,073662742468
9084	128,285596177086	625,833559060725	0			1871,71440382291	625,833559060725
9099	127,892097981531	626,346637700287	0			1872,10790201847	626,346637700287
9108	147,52237438372	639,924281049637	0			1852,47762561628	639,924281049637
9124	197,032956374605	678,466304708393	1	1802,96704362539	678,466304708393
9156	249,370731692375	720,357310064837	1	1750,62926830762	720,357310064837
9173	224,116091937957	705,619467179069	1	1775,88390806204	705,619467179069
9191	211,974322838307	696,205765336564	1	1788,02567716169	696,205765336564
9206	262,329416722952	732,120573115906	1	1737,67058327705	732,120573115906
9226	239,300637233475	710,219377296538	1	1760,69936276652	710,219377296538
9231	229,234767375679	703,25128996401	1	1770,76523262432	703,25128996401
9242	157,335234853195	648,729952969535	0			1842,66476514681	648,729952969535
9262	140,648023521962	651,129482992166	0			1859,35197647804	651,129482992166
9275	135,753583928304	651,749786130518	0			1864,2464160717	651,749786130518
9309	147,816456798633	651,715285061595	0			1852,18354320137	651,715285061595
9338	147,737882994671	658,564342676742	0			1852,26211700533	658,564342676742
9351	150,158111067449	674,279663154824	0			1849,84188893255	674,279663154824
9373	147,567636951234	673,231327072261	0			1852,43236304877	673,231327072261
9377	145,97927699394	673,645151030753	0			1854,02072300606	673,645151030753
9400	156,047467721068	684,973797246158	0			1843,95253227893	684,973797246158
9410	161,56123026559	691,907626749556	0			1838,43876973441	691,907626749556
9425	163,654484841237	694,178886477058	0			1836,34551515876	694,178886477058
9460	167,114650257782	695,529667739523	1	1832,88534974222	695,529667739523
9473	180,022430000252	713,834749364032	1	1819,97756999975	713,834749364032
9509	186,657661747287	787,369762402951	1	1813,34233825271	787,369762402951
9518	182,517453736388	814,923225721493	1	1817,48254626361	814,923225721493
9535	86,2462523959279	846,408676440147	0			1913,75374760407	846,408676440147
9566	117,4926980939	869,757575231247	0			1882,5073019061	869,757575231247
9585	123,464033692744	865,445595161758	0			1876,53596630726	865,445595161758
9598	39,7230262618577	816,024032437658	0			1960,27697373814	816,024032437658
9616	70,3626004873251	838,116284551562	0			1929,63739951267	838,116284551562
9640	121,219843268236	888,441646590457	0			1878,78015673176	888,441646590457
9644	181,436366626934	957,631991020838	0			1818,56363337307	957,631991020838
9647	176,030161329917	949,510358508344	0			1823,96983867008	949,510358508344
9676	187,891448726608	969,76261853265	0			1812,10855127339	969,76261853265
9682	197,056264522497	990,00021180779	0			1802,9437354775	990,00021180779
9689	194,433762359638	972,43022001938	0			1805,56623764036	972,43022001938
9712	195,196617347086	974,854883040994	0			1804,80338265291	974,854883040994
9736	186,724362181747	969,610895047538	0			1813,27563781825	969,610895047538
9756	190,700379991346	973,243507253748	0			1809,29962000865	973,243507253748
9770	191,491612457355	976,302744234385	0			1808,50838754265	976,302744234385
9785	186,349818327746	978,457209598661	0			1813,65018167225	978,457209598661
9808	188,611354060744	978,730293341451	0			1811,38864593926	978,730293341451
9836	190,149770836333	977,750724727355	0			1809,85022916367	977,750724727355
9857	195,004503767078	969,277807411544	0			1804,99549623292	969,277807411544
9875	229,077450846723	952,540151107863	0			1770,92254915328	952,540151107863
9878	248,8566131695	944,622391335867	1	1751,1433868305	944,622391335867
9918	271,442921608756	931,226286825998	1	1728,55707839124	931,226286825998
9931	309,036691529392	923,428239924372	1	1690,96330847061	923,428239924372
9940	424,450421759093	943,713951266621	1	1575,54957824091	943,713951266621
9957	452,515399872671	948,354565877425	1	1547,48460012733	948,354565877425
9971	538,53513390238	947,916075492745	1	1461,46486609762	947,916075492745
10011	555,489166023358	950,744995803403	0			1444,51083397664	950,744995803403
10012	560,8670492805	954,268849468384	0			1439,1329507195	954,268849468384
