2	846,093085106349	615,675386401496	1	1153,90691489365	615,675386401496
29	856,32720984792	602,083732285821	1	1143,67279015208	602,083732285821
64	858,293059545714	566,847075242255	1	1141,70694045429	566,847075242255
67	860,526953069928	558,117138756052	1	1139,47304693007	558,117138756052
71	861,058582527911	498,372679524015	1	1138,94141747209	498,372679524015
85	865,1121985009	503,843215306555	1	1134,8878014991	503,843215306555
97	861,05891330868	502,301769825506	1	1138,94108669132	502,301769825506
146	876,703813066594	496,400242306626	1	1123,29618693341	496,400242306626
160	865,87605721186	503,038546225452	1	1134,12394278814	503,038546225452
185	835,216426702648	511,267584625169	1	1164,78357329735	511,267584625169
203	836,999781229286	489,155783686409	1	1163,00021877071	489,155783686409
233	831,56068012252	493,638034368996	1	1168,43931987748	493,638034368996
267	839,139947555117	480,950858574963	1	1160,86005244488	480,950858574963
271	835,449477092276	446,571811362114	1	1164,55052290772	446,571811362114
278	839,640528745758	433,026247942268	1	1160,35947125424	433,026247942268
298	833,408407780434	417,4739924154	1	1166,59159221957	417,4739924154
302	809,503737684467	391,470231366524	1	1190,49626231553	391,470231366524
323	823,047856359403	398,427717625411	1	1176,9521436406	398,427717625411
345	830,048069232441	406,628383773316	1	1169,95193076756	406,628383773316
382	827,846596246005	400,140588680132	1	1172,153403754	400,140588680132
408	828,351461665705	370,467445438288	1	1171,64853833429	370,467445438288
424	813,940692251395	369,605999491394	1	1186,0593077486	369,605999491394
464	822,952787158885	385,233299203061	1	1177,04721284111	385,233299203061
473	839,011027142816	401,76185438371	1	1160,98897285718	401,76185438371
487	831,273037582521	402,383807588409	1	1168,72696241748	402,383807588409
505	838,177573150205	412,021835138158	1	1161,82242684979	412,021835138158
581	838,081773441744	402,45356528211	1	1161,91822655826	402,45356528211
595	822,647092661619	367,197875921354	1	1177,35290733838	367,197875921354
597	833,784484104766	371,918510893089	1	1166,21551589523	371,918510893089
612	831,739200733602	359,448166385683	1	1168,2607992664	359,448166385683
625	881,676236829684	384,76664831168	1	1118,32376317032	384,76664831168
641	914,44469719381	384,749543756609	1	1085,55530280619	384,749543756609
684	969,867960879291	396,843021374017	1	1030,13203912071	396,843021374017
697	960,904696081617	411,358063844353	1	1039,09530391838	411,358063844353
709	1021,67114436924	391,032130708097	1	978,328855630759	391,032130708097
727	1011,83597153554	383,719608638125	1	988,164028464462	383,719608638125
740	1033,72463368938	401,428829227924	1	966,275366310621	401,428829227924
755	1039,06600036725	400,196599891009	1	960,933999632752	400,196599891009
773	1021,47780628454	393,356461276661	1	978,522193715459	393,356461276661
2955	1420,12911799656	715,438130595094	1	579,870882003439	715,438130595094
2978	1454,67023633445	412,131960467843	1	545,329763665554	412,131960467843
2990	1454,14037942939	330,817310329504	1	545,859620570608	330,817310329504
3018	1450,72070645219	315,269411731004	1	549,279293547806	315,269411731004
3035	1444,75212617447	355,011447487058	1	555,247873825527	355,011447487058
3055	1442,07320100932	367,474406254125	1	557,926798990679	367,474406254125
3092	1448,75361494189	379,442761880726	1	551,246385058106	379,442761880726
3119	1450,07804456858	362,612799361178	1	549,921955431422	362,612799361178
3138	1424,2114930003	471,762503763706	1	575,788506999696	471,762503763706
3176	1446,44195547168	481,000657687241	1	553,558044528317	481,000657687241
3181	1445,35761306706	490,026509793275	1	554,642386932939	490,026509793275
3198	1431,09795787125	436,233970254184	1	568,902042128748	436,233970254184
3209	1442,07735564569	481,928768708294	1	557,922644354311	481,928768708294
3231	1441,57173828203	459,124281399712	1	558,428261717968	459,124281399712
3249	1430,37457390348	438,263837549401	1	569,625426096524	438,263837549401
3267	1445,30612748151	478,48335234136	1	554,69387251849	478,48335234136
3282	1446,05646264964	463,243353987357	1	553,943537350362	463,243353987357
3291	1442,80864723686	392,670627308546	1	557,191352763138	392,670627308546
3313	1430,52835580892	401,986736433397	1	569,471644191075	401,986736433397
3327	1425,81145929717	387,213345081372	1	574,188540702827	387,213345081372
3346	1427,55177619316	387,45175511165	1	572,448223806836	387,45175511165
3381	1442,79226637445	372,590085172606	1	557,207733625551	372,590085172606
3404	1422,56799246932	391,264200990459	1	577,432007530683	391,264200990459
3416	1449,80589961112	391,406762570313	1	550,194100388882	391,406762570313
3425	1477,09094180567	377,785927450905	0			522,90905819433	377,785927450905
3449	1481,72133166729	364,345033507621	0			518,278668332712	364,345033507621
3460	1475,0824505951	344,024817839607	0			524,917549404898	344,024817839607
3470	1477,95470899995	338,441917378433	0			522,04529100005	338,441917378433
3491	1479,54976383842	332,803376836624	0			520,450236161576	332,803376836624
3509	1498,31472429808	325,47469941416	0			501,685275701917	325,47469941416
3531	1499,17667841238	311,53054549782	0			500,823321587624	311,53054549782
3544	1503,16384648143	298,108725057663	0			496,836153518574	298,108725057663
3564	1522,8872609722	291,290141015837	0			477,112739027796	291,290141015837
3577	1536,71220693673	294,48178232468	0			463,287793063268	294,48178232468
3589	1534,02598331108	296,396371982837	0			465,974016688918	296,396371982837
3603	1529,23001840053	298,767779509593	0			470,769981599466	298,767779509593
3619	1532,83407143637	299,706601878326	0			467,165928563625	299,706601878326
3632	1532,15273459726	299,996007136061	0			467,847265402741	299,996007136061
3651	1538,2651816949	296,738004928637	0			461,7348183051	296,738004928637
3680	1514,98813308141	286,19783790625	0			485,011866918593	286,19783790625
3722	1534,69933299025	280,462364610726	0			465,300667009747	280,462364610726
3740	1553,55754985362	272,367644501516	0			446,442450146385	272,367644501516
3769	1651,22028912104	214,863025023192	0			348,779710878958	214,863025023192
3784	1628,52039701023	219,258418465009	0			371,479602989772	219,258418465009
3834	1636,84067514349	207,669053750082	0			363,159324856507	207,669053750082
3877	1618,41993609678	215,247431846614	0			381,580063903216	215,247431846614
3912	1498,60745031857	127,810833631574	0			501,392549681432	127,810833631574
3936	1453,33765461205	99,2855328073623	1	546,662345387948	99,2855328073623
3942	1449,30595065578	92,8935958381104	1	550,694049344221	92,8935958381104
3959	1370,54094451425	28,0657443818235	0			629,459055485753	28,0657443818235
3982	1300,90613685978	-26,9445685366484	0			699,093863140223	-26,9445685366484
4026	1317,90743595776	-4,0122658015175	0			682,09256404224	-4,0122658015175
4072	1322,54450765242	-38,2214617638232	0			677,455492347583	-38,2214617638232
4088	1332,91641399655	-51,4028825412899	0			667,083586003451	-51,4028825412899
5808	1747,48574661205	-5,37546781691065	0			252,514253387945	-5,37546781691065
5837	1588,72315243224	52,6927308042763	0			411,276847567759	52,6927308042763
5840	1588,72315243224	52,6927308042763	0			411,276847567759	52,6927308042763
5857	1596,34342686275	52,8103318947193	0			403,656573137245	52,8103318947193
5871	1597,82254330834	52,8331585932168	0			402,177456691659	52,8331585932168
5901	1597,74461154381	52,8319558989343	0			402,25538845619	52,8319558989343
5950	1435,24272372848	239,76474710133	1	564,757276271524	239,76474710133
7112	1130,38768583131	1011,92732048849	0			869,612314168689	1011,92732048849
7224	1309,2195480001	645,17611094543	1	690,780451999899	645,17611094543
7257	1481,81057531857	317,718246976298	0			518,189424681432	317,718246976298
7272	1425,43350311285	382,577160255874	1	574,56649688715	382,577160255874
7293	1445,29716353646	277,904480614311	1	554,702836463539	277,904480614311
7315	1424,23033780674	331,392685366306	1	575,769662193265	331,392685366306
7325	1452,79144669579	311,261636124745	1	547,208553304206	311,261636124745
7348	1447,05634577233	300,660722853483	1	552,943654227665	300,660722853483
7351	1484,16842086325	273,742960517836	0			515,831579136754	273,742960517836
7374	1493,22663527449	311,799529960402	0			506,773364725509	311,799529960402
7378	1494,74988926006	297,242650400669	0			505,250110739936	297,242650400669
7401	1525,13168137647	338,875530881544	0			474,868318623535	338,875530881544
7411	1519,19046053677	319,11096586464	0			480,80953946323	319,11096586464
7434	1525,92034946468	279,583578679629	0			474,07965053532	279,583578679629
7451	1517,75449655959	256,868501290874	0			482,245503440411	256,868501290874
7456	1482,33878371085	301,810214435168	0			517,661216289153	301,810214435168
7476	1485,93264810087	307,257055003302	0			514,067351899132	307,257055003302
7493	1489,610576753	309,051429776191	0			510,389423246997	309,051429776191
7505	1492,93743085248	301,211992515941	0			507,062569147517	301,211992515941
7525	1482,22211163121	309,273799042508	0			517,777888368787	309,273799042508
7558	1492,04329531235	281,693324209239	0			507,956704687647	281,693324209239
7593	1452,19345515393	333,681983599495	1	547,806544846073	333,681983599495
7597	1458,94100341083	327,801155081598	1	541,058996589167	327,801155081598
7611	1468,14905974702	321,661666573195	1	531,850940252978	321,661666573195
7626	1468,4927160911	370,488203516533	1	531,507283908897	370,488203516533
7659	1470,57785792644	346,537528100437	1	529,422142073561	346,537528100437
7677	1469,91024758762	374,577917040386	1	530,089752412378	374,577917040386
7680	1466,97453083964	364,511251795883	1	533,025469160365	364,511251795883
7687	1461,66843734848	330,251827036647	1	538,331562651515	330,251827036647
7718	1453,62861874452	274,530236246201	1	546,371381255477	274,530236246201
7735	1455,07148873908	285,531019121803	1	544,928511260925	285,531019121803
7753	1453,23384992018	276,133886932014	1	546,766150079819	276,133886932014
7774	1452,19062027425	276,307212352399	1	547,809379725748	276,307212352399
7792	1443,64688797205	317,323792747477	1	556,353112027946	317,323792747477
7795	1456,30372393198	327,134932957012	1	543,696276068016	327,134932957012
7807	1449,62352608648	328,43245417327	1	550,376473913521	328,43245417327
7838	1334,47437368522	303,650411164038	1	665,525626314783	303,650411164038
7859	1303,78234097495	286,555987146557	1	696,217659025049	286,555987146557
7881	1271,7246252859	275,521647106684	1	728,275374714096	275,521647106684
7918	1264,16566175631	283,336357479182	1	735,83433824369	283,336357479182
7936	1260,31871647226	284,040876547677	1	739,68128352774	284,040876547677
7939	1224,56396922238	280,980590768388	1	775,436030777625	280,980590768388
7958	1166,12511076521	271,280076617331	1	833,874889234788	271,280076617331
7963	1162,18361301309	249,568237721818	1	837,816386986915	249,568237721818
7972	1139,01061687838	222,99315213041	1	860,989383121619	222,99315213041
7990	1142,99432235481	235,078567328371	1	857,005677645185	235,078567328371
8032	1137,96859148951	244,747903904959	1	862,031408510489	244,747903904959
8067	1142,54229768373	266,286724733985	1	857,457702316266	266,286724733985
8082	1134,50656402245	262,763269043156	1	865,493435977549	262,763269043156
8101	1126,44332673888	260,188466431066	1	873,556673261116	260,188466431066
8110	1108,0007426145	253,173192753714	1	891,999257385498	253,173192753714
8126	1121,95714628802	254,754344238263	1	878,042853711977	254,754344238263
8156	1125,81182486273	256,97618487898	1	874,188175137271	256,97618487898
8187	1119,47894958304	265,257010876761	1	880,521050416964	265,257010876761
8228	1122,58245000931	293,782996764906	1	877,417549990691	293,782996764906
8235	1115,51546939241	289,340353759161	1	884,484530607588	289,340353759161
8241	1084,2544087452	332,123361893075	1	915,745591254804	332,123361893075
8263	1087,53568724092	336,68534957081	1	912,464312759082	336,68534957081
8268	1090,84641838393	330,455115353139	1	909,153581616071	330,455115353139
8284	1113,32324313317	328,073875611933	1	886,676756866834	328,073875611933
8301	1116,29283721784	325,062401400822	1	883,707162782158	325,062401400822
8330	1324,40421090633	320,610940196405	1	675,595789093668	320,610940196405
8351	1288,20146041663	322,089859530409	1	711,798539583373	322,089859530409
8373	1339,70050481658	331,900141481712	1	660,299495183418	331,900141481712
8378	1402,92604806486	332,888006837639	1	597,073951935142	332,888006837639
8399	1426,64739229212	312,553065908888	1	573,35260770788	312,553065908888
8422	1430,65992062073	291,135564461266	1	569,340079379268	291,135564461266
8435	1436,70911989263	281,277909938624	1	563,290880107372	281,277909938624
8458	1416,47768896209	285,485273198222	1	583,522311037914	285,485273198222
8474	1414,79656752451	285,733649197859	1	585,203432475494	285,733649197859
8489	1413,92879831116	337,577521865324	1	586,071201688843	337,577521865324
8494	1425,30838745712	337,560277990923	1	574,691612542885	337,560277990923
8513	1434,26466458823	349,303160441076	1	565,735335411774	349,303160441076
8531	1430,83439433281	344,514092125711	1	569,165605667189	344,514092125711
8559	1427,84529760006	302,389821205227	1	572,154702399938	302,389821205227
8662	1347,33942025688	239,362288963254	1	652,660579743123	239,362288963254
