11	805,742729928189	287,559733118388	1	1194,25727007181	287,559733118388
36	819,349401314037	330,484281390202	1	1180,65059868596	330,484281390202
44	821,816058592989	351,799569852793	1	1178,18394140701	351,799569852793
63	813,619451448854	367,284865316002	1	1186,38054855115	367,284865316002
72	812,087129038647	370,725268487548	1	1187,91287096135	370,725268487548
98	814,226541892995	372,170992734109	1	1185,77345810701	372,170992734109
112	808,982925373261	378,245313695481	1	1191,01707462674	378,245313695481
128	799,786457305567	393,77261428541	1	1200,21354269443	393,77261428541
160	811,05070241263	375,314542927858	1	1188,94929758737	375,314542927858
175	810,750073951721	402,638822547661	1	1189,24992604828	402,638822547661
197	812,87236558427	424,999888580079	1	1187,12763441573	424,999888580079
209	812,416788490336	334,432555939332	1	1187,58321150966	334,432555939332
221	816,294682844293	348,008157202147	1	1183,70531715571	348,008157202147
236	813,031352828624	343,788089028125	1	1186,96864717138	343,788089028125
251	772,310292405928	354,273256051079	1	1227,68970759407	354,273256051079
267	768,434492073436	375,084605713149	1	1231,56550792656	375,084605713149
282	778,610476051044	393,18576936698	1	1221,38952394896	393,18576936698
310	786,365816409705	454,956353216339	1	1213,63418359029	454,956353216339
324	795,898573872609	471,203282799357	1	1204,10142612739	471,203282799357
343	799,089401034104	478,959805295883	1	1200,9105989659	478,959805295883
362	811,145546011637	502,161345906263	1	1188,85445398836	502,161345906263
384	827,363624541252	509,317565658947	1	1172,63637545875	509,317565658947
404	829,669936216021	541,061419398035	1	1170,33006378398	541,061419398035
416	842,088860020596	542,828150890088	1	1157,9111399794	542,828150890088
424	848,568176940936	540,430976299957	1	1151,43182305906	540,430976299957
464	845,810199759538	548,770825844295	1	1154,18980024046	548,770825844295
480	848,605570300235	542,60956408723	1	1151,39442969976	542,60956408723
495	830,296017700334	532,930271942045	1	1169,70398229967	532,930271942045
518	827,991468334989	532,834195078246	1	1172,00853166501	532,834195078246
525	832,450348206646	544,662528447868	1	1167,54965179335	544,662528447868
544	821,064692541174	538,801638741894	1	1178,93530745883	538,801638741894
551	814,666487483377	543,850662316855	1	1185,33351251662	543,850662316855
566	812,736871605934	546,278549623621	1	1187,26312839407	546,278549623621
582	813,186826817516	548,012631704294	1	1186,81317318248	548,012631704294
613	791,928779872837	550,084035578491	1	1208,07122012716	550,084035578491
624	787,892729484193	549,388519504537	1	1212,10727051581	549,388519504537
643	785,017789260208	551,759839597608	1	1214,98221073979	551,759839597608
657	766,110665158745	560,174228899322	1	1233,88933484125	560,174228899322
677	750,824680091445	583,446218539244	1	1249,17531990855	583,446218539244
700	760,680380043846	596,765613283889	1	1239,31961995615	596,765613283889
704	755,033896161328	590,841938295684	1	1244,96610383867	590,841938295684
716	758,244945141186	592,219927723148	1	1241,75505485881	592,219927723148
736	756,261056824225	589,82223553139	1	1243,73894317578	589,82223553139
762	711,957062615953	552,444400970093	1	1288,04293738405	552,444400970093
785	712,698168991649	553,184429970626	1	1287,30183100835	553,184429970626
795	707,197406970681	550,069497756736	1	1292,80259302932	550,069497756736
811	703,059662687976	550,284544976658	1	1296,94033731202	550,284544976658
826	704,607513540993	554,288370882516	1	1295,39248645901	554,288370882516
838	709,376544292537	561,140597127889	1	1290,62345570746	561,140597127889
853	717,995125387335	574,190329741955	1	1282,00487461266	574,190329741955
874	721,741465496464	588,595295264844	1	1278,25853450354	588,595295264844
890	719,743148776728	591,954753068144	1	1280,25685122327	591,954753068144
920	716,296929234594	595,250951976	1	1283,70307076541	595,250951976
925	715,345168026165	594,707431382963	1	1284,65483197384	594,707431382963
946	712,048703811626	596,508427540616	1	1287,95129618837	596,508427540616
960	711,57414424897	593,15652185781	1	1288,42585575103	593,15652185781
967	712,186683381943	579,726266355764	1	1287,81331661806	579,726266355764
994	711,964641795706	565,845998956867	1	1288,03535820429	565,845998956867
1229	1015,87390097214	358,474626608216	1	984,126099027862	358,474626608216
1255	1012,08648187829	393,683413988067	1	987,913518121713	393,683413988067
1283	996,52356099725	420,409312767542	1	1003,47643900275	420,409312767542
1301	990,31590649191	407,260500736401	1	1009,68409350809	407,260500736401
1325	957,126775313907	376,809340509303	1	1042,87322468609	376,809340509303
1364	960,132671991616	433,806066723118	1	1039,86732800838	433,806066723118
1382	944,77068400565	472,590655614245	1	1055,22931599435	472,590655614245
1397	931,084463919074	509,391914932187	1	1068,91553608093	509,391914932187
1413	938,122401494475	555,244741855481	1	1061,87759850553	555,244741855481
1416	939,756209913267	576,708533408333	1	1060,24379008673	576,708533408333
1440	946,615500681364	598,029679923338	1	1053,38449931864	598,029679923338
1470	947,286955264429	607,046226580857	1	1052,71304473557	607,046226580857
1485	943,512036185862	619,657319315701	1	1056,48796381414	619,657319315701
1506	941,726204412792	628,473635262967	1	1058,27379558721	628,473635262967
1512	925,060555333745	655,855707702098	1	1074,93944466625	655,855707702098
1534	915,754732000508	669,281220429835	1	1084,24526799949	669,281220429835
1556	910,899853807161	683,535144616849	1	1089,10014619284	683,535144616849
1579	894,431593527916	732,90695630176	1	1105,56840647208	732,90695630176
1605	859,227297308511	794,26773305904	1	1140,77270269149	794,26773305904
1612	863,364181022025	789,354227838098	1	1136,63581897798	789,354227838098
1626	782,935980253941	880,145512432437	1	1217,06401974606	880,145512432437
1660	704,176708526921	977,220545086878	0			1295,82329147308	977,220545086878
1678	702,61281167443	1001,88000737124	0			1297,38718832557	1001,88000737124
1713	699,555035886789	995,557801394469	0			1300,44496411321	995,557801394469
1716	688,788388632211	994,562057976002	0			1311,21161136779	994,562057976002
1729	682,613160708835	990,49165927534	0			1317,38683929116	990,49165927534
1739	679,37271612885	989,137612095193	0			1320,62728387115	989,137612095193
1753	683,181224323203	993,628883997853	0			1316,8187756768	993,628883997853
1768	682,754055511501	993,587974705114	0			1317,2459444885	993,587974705114
1781	678,861635864258	990,038172770607	0			1321,13836413574	990,038172770607
1812	691,192743334259	987,158791705439	0			1308,80725666574	987,158791705439
1824	691,606201583002	988,808048387546	0			1308,393798417	988,808048387546
1843	695,251956287307	992,11709314813	0			1304,74804371269	992,11709314813
1873	735,08922108192	832,937969075969	1	1264,91077891808	832,937969075969
1891	754,952042943442	761,835675897939	1	1245,04795705656	761,835675897939
1902	757,735658342332	751,568363958648	1	1242,26434165767	751,568363958648
1917	759,470258225225	748,450619722088	1	1240,52974177477	748,450619722088
1919	759,983204953683	746,004794281563	1	1240,01679504632	746,004794281563
1936	766,969519819287	741,749845021096	1	1233,03048018071	741,749845021096
1960	763,432059250571	734,914272299789	1	1236,56794074943	734,914272299789
1989	762,934484001472	734,463537962651	1	1237,06551599853	734,463537962651
2019	759,290337370945	733,062237285742	1	1240,70966262905	733,062237285742
2022	756,92154741843	731,097378197986	1	1243,07845258157	731,097378197986
2027	753,720887730718	723,970797078166	1	1246,27911226928	723,970797078166
2037	751,037660508597	710,670834665811	1	1248,9623394914	710,670834665811
2050	755,057718520702	714,734870837821	1	1244,9422814793	714,734870837821
2069	751,713336655006	708,818991898222	1	1248,28666334499	708,818991898222
2091	790,434397643305	704,415934381954	1	1209,56560235669	704,415934381954
2118	838,394178176384	672,140612923299	1	1161,60582182362	672,140612923299
2134	852,667153803646	653,68938575109	1	1147,33284619635	653,68938575109
2146	877,320640469274	635,863872315535	1	1122,67935953073	635,863872315535
2161	877,467332310951	632,901605087124	1	1122,53266768905	632,901605087124
2180	883,03676594629	618,599106125501	1	1116,96323405371	618,599106125501
2187	885,167594170438	614,115557058725	1	1114,83240582956	614,115557058725
2205	908,460850391355	597,32287746601	1	1091,53914960864	597,32287746601
2227	913,439432355791	593,638606051714	1	1086,56056764421	593,638606051714
2230	913,130132701049	593,969814180162	1	1086,86986729895	593,969814180162
2265	912,847755855595	592,313846668153	1	1087,15224414441	592,313846668153
2275	914,644325206973	594,322036627599	1	1085,35567479303	594,322036627599
2291	916,448300681637	595,512803163617	1	1083,55169931836	595,512803163617
2312	915,577811789244	594,681712657453	1	1084,42218821076	594,681712657453
2315	909,093743198823	594,308293114873	1	1090,90625680118	594,308293114873
2333	904,990745166678	594,005253691018	1	1095,00925483332	594,005253691018
2354	908,895566538349	591,325174662492	1	1091,10443346165	591,325174662492
2409	909,27287624908	591,641075593672	1	1090,72712375092	591,641075593672
2432	908,943476887093	592,023430552692	1	1091,05652311291	592,023430552692
2439	908,497416528781	592,096452868783	1	1091,50258347122	592,096452868783
2451	908,204216905335	594,192221568976	1	1091,79578309467	594,192221568976
2454	907,17054364583	593,717821404611	1	1092,82945635417	593,717821404611
2456	904,983946274461	595,935421377808	1	1095,01605372554	595,935421377808
2474	900,200641839531	609,523894295255	1	1099,79935816047	609,523894295255
2492	897,365131199208	622,974225913277	1	1102,63486880079	622,974225913277
2511	885,062524680489	635,997626212964	1	1114,93747531951	635,997626212964
2526	882,188271127347	646,14459633382	1	1117,81172887265	646,14459633382
2541	881,942852028833	649,364632049989	1	1118,05714797117	649,364632049989
2570	877,372220809941	660,488192748811	1	1122,62777919006	660,488192748811
2586	876,055038183914	649,473662723377	1	1123,94496181609	649,473662723377
2608	876,452166388509	649,932632775656	1	1123,54783361149	649,932632775656
2626	890,32741079049	660,657546596996	1	1109,67258920951	660,657546596996
2636	894,527204319291	664,378115916039	1	1105,47279568071	664,378115916039
2638	895,641720749285	664,572573650891	1	1104,35827925071	664,572573650891
2662	886,687918436916	661,589852267992	1	1113,31208156308	661,589852267992
2683	884,06780447606	655,780265891341	1	1115,93219552394	655,780265891341
2687	881,65890667209	655,981511630816	1	1118,34109332791	655,981511630816
2721	876,017007376072	650,078401888858	1	1123,98299262393	650,078401888858
2737	875,244983571456	648,167411726127	1	1124,75501642854	648,167411726127
2747	878,854816950892	652,299060262017	1	1121,14518304911	652,299060262017
2761	879,342251086693	653,907673988929	1	1120,65774891331	653,907673988929
2764	879,46990479301	658,123503000388	1	1120,53009520699	658,123503000388
2797	890,395906211493	683,110257141404	1	1109,60409378851	683,110257141404
2814	889,601876966068	683,733087917331	1	1110,39812303393	683,733087917331
2818	892,494626484494	691,58108745154	1	1107,50537351551	691,58108745154
2834	894,244771168847	696,354955592255	1	1105,75522883115	696,354955592255
2858	884,834956681197	686,663505873898	1	1115,1650433188	686,663505873898
2880	877,972508810055	679,04658754093	1	1122,02749118994	679,04658754093
2894	887,77888167944	678,153889173561	1	1112,22111832056	678,153889173561
2915	891,255353990335	679,757089734023	1	1108,74464600967	679,757089734023
2924	898,399042109052	689,747774261937	1	1101,60095789095	689,747774261937
2947	900,065708898991	692,616401221634	1	1099,93429110101	692,616401221634
2951	891,798677374851	689,519237229961	1	1108,20132262515	689,519237229961
2973	885,890421230117	680,135304774233	1	1114,10957876988	680,135304774233
2988	885,619900430455	666,117991238301	1	1114,38009956954	666,117991238301
3016	882,607247397724	656,724656793643	1	1117,39275260228	656,724656793643
3035	911,156300800002	678,080465665078	1	1088,8436992	678,080465665078
3049	875,955313369209	668,47930365917	1	1124,04468663079	668,47930365917
3070	808,921296924836	641,562298246715	1	1191,07870307516	641,562298246715
3086	671,675659786119	615,307131398565	1	1328,32434021388	615,307131398565
3103	659,843540897477	592,34949534975	1	1340,15645910252	592,34949534975
3120	640,573422027211	593,1786030807	1	1359,42657797279	593,1786030807
3138	564,050685813085	580,690465990266	1	1435,94931418692	580,690465990266
3165	539,413508228781	577,312825832104	1	1460,58649177122	577,312825832104
3181	521,79878627228	569,848166605641	1	1478,20121372772	569,848166605641
3195	508,434907834792	556,073296877663	1	1491,56509216521	556,073296877663
3215	513,806031202644	560,379219308848	1	1486,19396879736	560,379219308848
3222	511,301640617416	557,363211527932	1	1488,69835938258	557,363211527932
3240	494,160547282297	540,300181245983	1	1505,8394527177	540,300181245983
3256	490,4459514611	537,607267169448	1	1509,5540485389	537,607267169448
3273	491,221984926024	539,010777240086	1	1508,77801507398	539,010777240086
3289	494,610753423992	546,679458813879	1	1505,38924657601	546,679458813879
3308	496,44167391758	552,019617731256	1	1503,55832608242	552,019617731256
3346	487,576756666759	570,896262352846	1	1512,42324333324	570,896262352846
3358	467,699745451859	573,819394399299	1	1532,30025454814	573,819394399299
3360	474,586078805946	573,936038573934	1	1525,41392119405	573,936038573934
3372	452,999955756946	557,505549622096	1	1547,00004424305	557,505549622096
3390	447,333469534033	553,23727231155	1	1552,66653046597	553,23727231155
3401	440,483330903698	548,117197280915	1	1559,5166690963	548,117197280915
3422	424,885157065267	538,031389447867	1	1575,11484293473	538,031389447867
3443	381,045946889702	507,340541948983	1	1618,9540531103	507,340541948983
3461	382,669673776791	504,628634898203	1	1617,33032622321	504,628634898203
3480	382,055162399416	508,739713967001	1	1617,94483760058	508,739713967001
3488	380,134313480178	506,949941050537	1	1619,86568651982	506,949941050537
3507	383,21222716102	512,742598120333	1	1616,78777283898	512,742598120333
3525	383,165813979236	513,930878692152	1	1616,83418602076	513,930878692152
3535	383,955251371504	513,350299408744	1	1616,0447486285	513,350299408744
3552	388,476817104388	512,216157542325	1	1611,52318289561	512,216157542325
3576	389,212559041483	511,155324062223	1	1610,78744095852	511,155324062223
3592	388,61542670458	506,463978561965	1	1611,38457329542	506,463978561965
3618	388,136046131043	502,348499649239	1	1611,86395386896	502,348499649239
3641	361,401320755319	468,345142269561	1	1638,59867924468	468,345142269561
3660	365,514973850266	477,981158294856	1	1634,48502614973	477,981158294856
3673	366,915223124911	480,406135932662	1	1633,08477687509	480,406135932662
3688	370,002735805119	487,227305904068	1	1629,99726419488	487,227305904068
3717	370,794593727715	487,701760947853	1	1629,20540627229	487,701760947853
3733	370,968382326275	487,955994665242	1	1629,03161767372	487,955994665242
3749	368,561596869959	487,228034086332	1	1631,43840313004	487,228034086332
3764	369,344214318736	486,94992555415	1	1630,65578568126	486,94992555415
3779	336,503495146901	459,87615411544	1	1663,4965048531	459,87615411544
3795	347,700602776398	488,838286824701	1	1652,2993972236	488,838286824701
3809	341,937634717639	476,119340919595	1	1658,06236528236	476,119340919595
3823	357,844406865312	477,42649747752	1	1642,15559313469	477,42649747752
3842	353,540610979463	474,685619055723	1	1646,45938902054	474,685619055723
3851	376,996175496447	473,946042918518	1	1623,00382450355	473,946042918518
3871	383,518842056166	483,547588104878	1	1616,48115794383	483,547588104878
3892	383,82177478358	483,119984835289	1	1616,17822521642	483,119984835289
3938	382,292849800457	487,385436010057	1	1617,70715019954	487,385436010057
3942	376,680100136648	486,399733148257	1	1623,31989986335	486,399733148257
3968	368,302792770017	492,136568203426	1	1631,69720722998	492,136568203426
3972	363,219810857609	488,502382195543	1	1636,78018914239	488,502382195543
3987	363,290091764855	491,781655591579	1	1636,70990823514	491,781655591579
4001	348,223884772719	495,683105593151	1	1651,77611522728	495,683105593151
4020	342,605229681149	490,394281851328	1	1657,39477031885	490,394281851328
4035	340,636882715055	488,322656048211	1	1659,36311728495	488,322656048211
4066	335,699488892413	485,76067479877	1	1664,30051110759	485,76067479877
4071	336,529463071548	483,781612342241	1	1663,47053692845	483,781612342241
4089	336,276552054642	483,152679982482	1	1663,72344794536	483,152679982482
4117	345,266499008574	498,682910667317	1	1654,73350099143	498,682910667317
4121	350,637446858027	516,036328388269	1	1649,36255314197	516,036328388269
4141	349,440947128746	515,798591851435	1	1650,55905287125	515,798591851435
4155	351,039597577488	508,62826277432	1	1648,96040242251	508,62826277432
4180	350,820913943885	511,596126656866	1	1649,17908605612	511,596126656866
4209	348,965144696193	495,982499039915	1	1651,03485530381	495,982499039915
4236	349,256773652958	491,238261369593	1	1650,74322634704	491,238261369593
4256	349,626295113179	488,250855981771	1	1650,37370488682	488,250855981771
4259	350,491559628031	485,999182309128	1	1649,50844037197	485,999182309128
4274	368,344452180668	500,685286273861	1	1631,65554781933	500,685286273861
4291	367,822054680399	500,577377634915	1	1632,1779453196	500,577377634915
4304	374,473239418443	500,909117134051	1	1625,52676058156	500,909117134051
4331	377,060624216737	502,369730768974	1	1622,93937578326	502,369730768974
4369	377,573209127781	499,167753980632	1	1622,42679087222	499,167753980632
4382	377,675505843825	500,852071172292	1	1622,32449415618	500,852071172292
4408	374,132279998827	505,873640923518	1	1625,86772000117	505,873640923518
4419	364,621069868598	507,515039909624	1	1635,3789301314	507,515039909624
4423	369,420995835953	501,561660449651	1	1630,57900416405	501,561660449651
4447	408,23356250228	497,951095780669	1	1591,76643749772	497,951095780669
4462	528,895703391276	454,10849304067	1	1471,10429660872	454,10849304067
4465	641,909397062407	420,617511149599	1	1358,09060293759	420,617511149599
4479	672,13293891225	398,052496277247	1	1327,86706108775	398,052496277247
4513	762,668499159607	362,309872989777	1	1237,33150084039	362,309872989777
4525	775,465451412479	358,406389121914	1	1224,53454858752	358,406389121914
4549	834,53011274068	336,741304745687	1	1165,46988725932	336,741304745687
4563	876,939378626246	330,817234594358	1	1123,06062137375	330,817234594358
4577	874,462041857994	327,994654622031	1	1125,53795814201	327,994654622031
4582	896,729524716303	330,548725152913	1	1103,2704752837	330,548725152913
4600	925,0370233393	328,617262707067	1	1074,9629766607	328,617262707067
4632	916,308817761181	303,1514685908	1	1083,69118223882	303,1514685908
4635	926,409125894526	307,561000560922	1	1073,59087410547	307,561000560922
4661	896,946463483222	313,0536103971	1	1103,05353651678	313,0536103971
4680	901,269306756246	304,682617894719	1	1098,73069324375	304,682617894719
4697	906,777958317592	327,186840050117	1	1093,22204168241	327,186840050117
4709	905,305107285356	310,810330245321	1	1094,69489271464	310,810330245321
4730	903,796735499792	310,22526519558	1	1096,20326450021	310,22526519558
4747	905,16423004065	311,420134012202	1	1094,83576995935	311,420134012202
4771	911,33150838554	312,713650719996	1	1088,66849161446	312,713650719996
4794	925,854490910731	314,462220372879	1	1074,14550908927	314,462220372879
4812	945,008154059236	324,223783847114	1	1054,99184594076	324,223783847114
4841	944,113655113748	327,171071997255	1	1055,88634488625	327,171071997255
4865	946,522470435118	332,291492093135	1	1053,47752956488	332,291492093135
4891	942,263307620352	340,874708214287	1	1057,73669237965	340,874708214287
4902	941,707519282095	336,369154465895	1	1058,29248071791	336,369154465895
4905	956,270276122431	321,921116958657	1	1043,72972387757	321,921116958657
4918	987,968791309421	309,415960115117	1	1012,03120869058	309,415960115117
4932	963,386401012631	300,773969040953	1	1036,61359898737	300,773969040953
4962	980,434785233886	276,454294616907	1	1019,56521476611	276,454294616907
4978	1010,93688334268	253,657796435918	1	989,063116657322	253,657796435918
4991	1057,79110537687	194,169700024295	1	942,208894623126	194,169700024295
5005	1076,92335106316	128,045269493392	1	923,076648936836	128,045269493392
5018	1077,34091310783	117,467734056675	1	922,659086892171	117,467734056675
5036	1070,29094616519	109,609960599606	1	929,709053834812	109,609960599606
5061	1068,40421159469	109,461679718728	1	931,59578840531	109,461679718728
5093	1065,67360105655	87,0750074356476	1	934,326398943449	87,0750074356476
5113	1067,67799742502	82,0847534838529	0			932,322002574981	82,0847534838529
5133	1065,80672698953	76,8992404364773	0			934,193273010473	76,8992404364773
5150	1065,00729442495	73,618644262003	0			934,992705575052	73,618644262003
5172	1064,68984492639	73,3957352956188	0			935,310155073614	73,3957352956188
5211	1065,49064648256	72,3937885886591	0			934,509353517442	72,3937885886591
6418	1027,71912608718	415,174072427045	1	972,280873912824	415,174072427045
6446	1046,23041739356	438,948304099934	1	953,769582606442	438,948304099934
6482	1019,03415544102	424,75349486156	1	980,965844558985	424,75349486156
6502	997,965471503405	418,876713021513	1	1002,0345284966	418,876713021513
6531	997,91711808083	434,763677309273	1	1002,08288191917	434,763677309273
6547	1025,59360843535	483,711159304018	1	974,40639156465	483,711159304018
6584	1017,64454234703	472,604145609349	1	982,355457652972	472,604145609349
6616	1024,65764335236	481,549328916564	1	975,34235664764	481,549328916564
6632	1022,63410404406	502,442242709844	1	977,365895955944	502,442242709844
6635	1026,22947519993	508,906209649749	1	973,770524800068	508,906209649749
6654	1018,79304753824	495,629387747539	1	981,206952461755	495,629387747539
6680	1020,65735134185	498,861676560104	1	979,342648658154	498,861676560104
6701	1030,09358305902	544,121456443334	1	969,906416940977	544,121456443334
6719	1027,43666631966	546,102093105255	1	972,563333680345	546,102093105255
6737	998,938277805089	530,197497588352	1	1001,06172219491	530,197497588352
6771	1003,2212096958	537,80490522917	1	996,778790304201	537,80490522917
6782	998,52154999564	488,416703623557	1	1001,47845000436	488,416703623557
6804	1002,76238058816	491,134401862707	1	997,237619411842	491,134401862707
6807	997,791165084411	492,226891534887	1	1002,20883491559	492,226891534887
6844	992,086346150829	495,827879158416	1	1007,91365384917	495,827879158416
6859	987,328872047711	496,055567683667	1	1012,67112795229	496,055567683667
6876	985,040869460224	497,936137474197	1	1014,95913053978	497,936137474197
6881	978,084963459475	513,026445201421	1	1021,91503654053	513,026445201421
6905	979,707864262329	515,676011235668	1	1020,29213573767	515,676011235668
6922	983,553216488833	510,801490884347	1	1016,44678351117	510,801490884347
6941	996,493636689834	508,920318804147	1	1003,50636331017	508,920318804147
6957	999,998169864771	508,463325036115	1	1000,00183013523	508,463325036115
6976	1000,07866143004	509,223014406702	1	999,921338569958	509,223014406702
7005	1000,27898985126	509,826289349336	1	999,72101014874	509,826289349336
7012	999,865192419127	510,79682338655	1	1000,13480758087	510,79682338655
7015	990,240972830343	519,111469141681	1	1009,75902716966	519,111469141681
7034	989,246677380042	525,501767840959	1	1010,75332261996	525,501767840959
7061	996,772893334808	536,851364833873	1	1003,22710666519	536,851364833873
7078	987,530350109626	533,853449983802	1	1012,46964989037	533,853449983802
7092	1012,34703758599	542,20213048422	1	987,652962414014	542,20213048422
7107	1006,15002651566	529,712996554748	1	993,849973484339	529,712996554748
7125	996,020644974521	530,602159029016	1	1003,97935502548	530,602159029016
7132	993,020874377856	539,362664509872	1	1006,97912562214	539,362664509872
7151	994,640359704677	540,857789253019	1	1005,35964029532	540,857789253019
7172	994,582865097917	541,485973878348	1	1005,41713490208	541,485973878348
7178	987,949195772758	540,783011750033	1	1012,05080422724	540,783011750033
7216	986,801868267852	543,097783197097	1	1013,19813173215	543,097783197097
7230	999,041079730258	548,997716225689	1	1000,95892026974	548,997716225689
7245	1026,00031585792	566,754335905871	1	973,999684142079	566,754335905871
7267	1018,40811409118	553,0750093994	1	981,591885908816	553,0750093994
7284	1019,19383700699	556,481119726943	1	980,806162993015	556,481119726943
7313	1014,59808033235	549,062547652659	1	985,401919667653	549,062547652659
7317	1011,5290903414	549,031549788757	1	988,470909658597	549,031549788757
7320	1011,79891679516	547,981580195605	1	988,201083204839	547,981580195605
7335	1020,87930551853	559,825950801769	1	979,120694481471	559,825950801769
7367	999,063678662438	573,382588789278	1	1000,93632133756	573,382588789278
7384	1002,82273624437	578,537001756021	1	997,177263755629	578,537001756021
7399	1011,45047147385	582,430298038808	1	988,549528526154	582,430298038808
7411	1001,55208164598	581,933685282461	1	998,447918354025	581,933685282461
7427	981,321380556327	552,186363298461	1	1018,67861944367	552,186363298461
7438	988,773672005408	555,137306135403	1	1011,22632799459	555,137306135403
7464	992,833674770062	551,860234103882	1	1007,16632522994	551,860234103882
7476	981,56944179585	554,146549015074	1	1018,43055820415	554,146549015074
7486	972,582256168484	540,04617222419	1	1027,41774383152	540,04617222419
7521	990,747203542779	529,878581609202	1	1009,25279645722	529,878581609202
7540	979,952922791863	529,14499437531	1	1020,04707720814	529,14499437531
7542	985,654757171086	526,842800329639	1	1014,34524282891	526,842800329639
7557	991,689200128929	533,030585275093	1	1008,31079987107	533,030585275093
7582	986,916173758305	523,338101506859	1	1013,0838262417	523,338101506859
7587	992,686371445126	528,695326451497	1	1007,31362855487	528,695326451497
7610	1008,35866046775	533,748230819185	1	991,641339532253	533,748230819185
7621	1027,95809021382	543,214849459539	1	972,041909786178	543,214849459539
7637	1026,66143647667	543,066774594031	1	973,338563523333	543,066774594031
7661	1049,01662007927	557,875465623867	1	950,983379920729	557,875465623867
7675	1040,20688461952	561,522219462734	1	959,79311538048	561,522219462734
7690	1033,57614870952	577,677907438645	1	966,423851290485	577,677907438645
7708	1054,72186971868	572,644583451386	1	945,278130281319	572,644583451386
7725	1049,6149186109	586,550168101684	1	950,385081389099	586,550168101684
7746	1025,54067830458	589,794562156058	1	974,459321695416	589,794562156058
7753	1026,82633106234	588,613503180657	1	973,173668937663	588,613503180657
7768	1031,99967672484	590,172563894097	1	968,000323275156	590,172563894097
7786	1011,10264988526	596,856421710232	1	988,897350114737	596,856421710232
7829	1005,47392527193	597,723615597558	1	994,526074728065	597,723615597558
7845	1027,62325217073	594,281138275785	1	972,376747829273	594,281138275785
7851	1043,62401922329	578,37496537363	1	956,37598077671	578,37496537363
7855	1040,54235742627	578,828454240843	1	959,457642573727	578,828454240843
7872	1024,31999879532	563,91608053776	1	975,680001204679	563,91608053776
7902	1034,87371857669	538,702367300386	1	965,126281423309	538,702367300386
7906	1029,68233439375	541,806195971069	1	970,317665606254	541,806195971069
7922	1022,59833975938	547,630225567431	1	977,401660240618	547,630225567431
7937	1031,02542217802	546,268669585644	1	968,974577821981	546,268669585644
7961	1024,5623592726	555,021595288804	1	975,437640727397	555,021595288804
7981	1037,35159594944	560,834599659927	1	962,648404050562	560,834599659927
7990	1034,3360613555	573,461182008696	1	965,663938644502	573,461182008696
8013	1027,88703578062	575,485373014456	1	972,112964219377	575,485373014456
8031	1031,26025396166	569,358023416142	1	968,739746038337	569,358023416142
8047	1000,50420314605	566,464400883444	1	999,49579685395	566,464400883444
8054	997,08360006315	566,745132529812	1	1002,91639993685	566,745132529812
8072	1004,01887639884	569,281177156706	1	995,981123601163	569,281177156706
8076	1000,31856999897	582,690712621216	1	999,681430001027	582,690712621216
8112	1006,03685880373	585,423495581661	1	993,963141196266	585,423495581661
8126	1001,67289738135	583,286330949609	1	998,327102618647	583,286330949609
8141	1002,87997632188	585,571487504075	1	997,120023678118	585,571487504075
8158	1009,87162983283	558,069899992695	1	990,128370167172	558,069899992695
8171	1017,76086208197	562,777212184432	1	982,239137918032	562,777212184432
8186	1023,78400203431	563,749948303594	1	976,21599796569	563,749948303594
8208	1038,45801126762	564,36688294321	1	961,541988732378	564,36688294321
8216	1039,81782556065	568,871998635801	1	960,182174439354	568,871998635801
8232	1040,87965585495	575,829890663354	1	959,120344145046	575,829890663354
8263	1010,82887278776	581,345035422975	1	989,171127212242	581,345035422975
8292	1003,13204657997	578,021854079283	1	996,867953420029	578,021854079283
8317	1016,00571438494	565,140855934811	1	983,99428561506	565,140855934811
8325	1035,91178219358	556,766141098204	1	964,08821780642	556,766141098204
8336	1042,36974717209	549,25894675971	1	957,63025282791	549,25894675971
8338	1062,03394648383	531,120850972686	1	937,966053516168	531,120850972686
8353	1062,82768632805	534,461668090273	1	937,172313671953	534,461668090273
8375	1064,83765483652	538,3663077912	1	935,162345163481	538,3663077912
8395	1064,72107620831	541,266822966068	1	935,27892379169	541,266822966068
8410	1071,30672197148	533,622799745092	1	928,693278028519	533,622799745092
8434	1048,59088429735	522,9603470975	1	951,409115702647	522,9603470975
8451	1066,50378564201	531,074760128191	1	933,496214357991	531,074760128191
8454	1054,15532643776	522,225597572987	1	945,844673562238	522,225597572987
8476	1053,92010763814	521,422917027599	1	946,079892361859	521,422917027599
8487	1051,54988736336	519,41692152284	1	948,450112636641	519,41692152284
8505	1043,5882808104	510,637088546018	1	956,411719189605	510,637088546018
8522	1046,65147019458	518,454363763115	1	953,348529805417	518,454363763115
8528	1055,53607019638	521,794242376341	1	944,463929803621	521,794242376341
8557	1062,38147227552	520,015576168138	1	937,618527724475	520,015576168138
8586	1064,73396247093	523,650170122579	1	935,266037529071	523,650170122579
8600	1060,63828867168	523,801258576949	1	939,361711328321	523,801258576949
8607	1040,66083156149	513,438096300666	1	959,339168438506	513,438096300666
8622	1031,89135561047	509,828381052735	1	968,108644389528	509,828381052735
8641	1019,73383565582	505,16295851058	1	980,26616434418	505,16295851058
8657	1032,92067667996	511,892074739865	1	967,079323320038	511,892074739865
8665	1036,99444140108	527,933514284403	1	963,005558598919	527,933514284403
8689	1033,84135907372	528,83498854733	1	966,158640926285	528,83498854733
8710	1042,12556104854	546,288039475901	1	957,874438951457	546,288039475901
8726	1043,07530788689	547,469500478007	1	956,924692113108	547,469500478007
8741	1030,76097101524	536,073332835628	1	969,239028984764	536,073332835628
8766	1013,3578664653	551,16057623379	1	986,642133534701	551,16057623379
8802	1012,52504725362	547,238848591155	1	987,474952746379	547,238848591155
8804	1012,49704609655	508,751498382194	1	987,502953903449	508,751498382194
8807	1018,42005872901	511,144918970159	1	981,57994127099	511,144918970159
8821	1017,80866215881	502,516801156364	1	982,191337841192	502,516801156364
8861	1045,82955559472	513,417892559433	1	954,170444405285	513,417892559433
8875	1078,74262228843	528,254871280832	1	921,25737771157	528,254871280832
8892	1079,35053921578	528,745830335715	1	920,649460784224	528,745830335715
8911	1072,63793215192	529,206897051234	1	927,362067848083	529,206897051234
8927	1074,25254858447	525,145695934121	1	925,747451415528	525,145695934121
8948	1069,26384144945	520,607285619752	1	930,736158550545	520,607285619752
8966	1031,97964265592	508,479941493309	1	968,020357344081	508,479941493309
8980	1012,9058554754	512,094696472396	1	987,094144524597	512,094696472396
9014	984,790498941034	496,575713293524	1	1015,20950105897	496,575713293524
9029	1001,92798258464	520,71271859804	1	998,072017415363	520,71271859804
9046	1006,7840899231	533,54727760588	1	993,215910076895	533,54727760588
9059	1006,8954890763	535,733617137001	1	993,104510923702	535,733617137001
9075	1031,3441412926	524,30094646393	1	968,655858707396	524,30094646393
9093	1034,5281558734	524,155333080387	1	965,471844126597	524,155333080387
9115	1037,6465763492	519,643109483803	1	962,353423650799	519,643109483803
9117	1046,9210292443	527,66869551534	1	953,078970755703	527,66869551534
9141	1049,35104949138	517,724031890385	1	950,648950508616	517,724031890385
9158	1040,35719438807	508,111013392712	1	959,642805611935	508,111013392712
9181	1042,22286520252	512,41113420076	1	957,777134797481	512,41113420076
9194	1030,37818401363	518,246523573261	1	969,621815986374	518,246523573261
9220	1019,12654165322	524,396755203029	1	980,873458346777	524,396755203029
9237	1007,40561462587	536,08967097569	1	992,594385374128	536,08967097569
9242	1004,29220676874	540,535607549989	1	995,707793231258	540,535607549989
9248	1012,36777063939	543,796780056777	1	987,632229360614	543,796780056777
9267	1013,71640829026	542,092085493122	1	986,283591709745	542,092085493122
9299	1014,48680213466	544,408184885467	1	985,513197865339	544,408184885467
9319	1011,44654167854	536,134232125684	1	988,553458321461	536,134232125684
9334	1009,00970191099	538,217480515045	1	990,990298089013	538,217480515045
9336	1015,66132532319	535,236098018371	1	984,338674676812	535,236098018371
9357	1016,78701317379	532,351102716028	1	983,212986826206	532,351102716028
9371	1014,55736709567	538,581621034821	1	985,44263290433	538,581621034821
9389	1014,900030689	538,022491881494	1	985,099969310996	538,022491881494
9404	1015,92194524842	534,712243857698	1	984,078054751579	534,712243857698
9416	1022,13637544741	529,613665172127	1	977,863624552593	529,613665172127
9428	1021,59602612218	529,381305604735	1	978,403973877821	529,381305604735
9461	1019,88824780323	519,839444514497	1	980,111752196772	519,839444514497
9470	1018,41724958165	519,031554512575	1	981,582750418351	519,031554512575
9490	1020,25515950737	520,037246114912	1	979,744840492625	520,037246114912
9506	1016,88331390848	519,895442509339	1	983,116686091521	519,895442509339
9521	1003,68549158548	519,360979760565	1	996,314508414517	519,360979760565
9542	1000,1584297675	521,052793687381	1	999,8415702325	521,052793687381
9561	999,364904475141	526,982309687209	1	1000,63509552486	526,982309687209
9573	997,028082286614	536,462293732678	1	1002,97191771339	536,462293732678
9591	1001,07405649441	534,982274874123	1	998,925943505589	534,982274874123
9607	1029,94048779879	531,757930750008	1	970,059512201213	531,757930750008
9628	1045,95612522071	532,175552237983	1	954,043874779289	532,175552237983
9655	1047,05405071394	532,693481894503	1	952,945949286061	532,693481894503
9666	1048,44532076305	542,498369260145	1	951,554679236947	542,498369260145
9671	1048,14408672897	536,981799700321	1	951,855913271025	536,981799700321
9686	1046,81081164408	534,316941771383	1	953,189188355925	534,316941771383
9698	1047,02000834535	544,145462955277	1	952,979991654647	544,145462955277
9728	1048,46916066787	547,033249803904	1	951,530839332133	547,033249803904
9735	1064,01476474995	546,647998086738	1	935,985235250046	546,647998086738
9770	1064,28774940705	530,778850748071	1	935,712250592951	530,778850748071
9782	1057,54573901543	546,013619956395	1	942,454260984568	546,013619956395
9786	1012,48204213967	543,014108111353	1	987,517957860332	543,014108111353
9814	991,959182821205	570,441081812783	1	1008,0408171788	570,441081812783
9820	752,733576070146	578,657111143985	1	1247,26642392985	578,657111143985
9846	723,262439524107	564,619115323163	1	1276,73756047589	564,619115323163
9863	698,79796816791	565,021051846056	1	1301,20203183209	565,021051846056
9878	648,393300470945	555,162875398349	1	1351,60669952906	555,162875398349
9915	604,088091719225	525,187497587488	1	1395,91190828078	525,187497587488
9927	606,930889012897	540,515748208037	1	1393,0691109871	540,515748208037
9944	622,994464653194	548,160413994528	1	1377,00553534681	548,160413994528
9958	463,173491438068	501,283312799873	1	1536,82650856193	501,283312799873
9972	481,802873633737	543,474912314383	1	1518,19712636626	543,474912314383
9994	420,020885398155	511,315937011381	1	1579,97911460184	511,315937011381
10013	439,707002505872	522,082560504022	1	1560,29299749413	522,082560504022
10019	462,03134840787	540,398845659238	1	1537,96865159213	540,398845659238
10039	453,155186827879	534,78204478481	1	1546,84481317212	534,78204478481
