11	736,483242086148	859,80826884129	1	1263,51675791385	859,80826884129
31	740,231294741732	870,780365388998	1	1259,76870525827	870,780365388998
44	722,367625271111	947,469788357084	1	1277,63237472889	947,469788357084
46	696,002058288358	961,298294116845	0			1303,99794171164	961,298294116845
64	683,402518749634	972,070525531119	0			1316,59748125037	972,070525531119
79	675,820469652634	976,48655207408	0			1324,17953034737	976,48655207408
97	681,302175664462	980,14369206599	0			1318,69782433554	980,14369206599
116	683,697274704757	981,711602959382	0			1316,30272529524	981,711602959382
140	670,19664489959	978,50635521374	0			1329,80335510041	978,50635521374
165	679,97114485308	985,021101196105	0			1320,02885514692	985,021101196105
190	684,146000064057	983,521956597318	0			1315,85399993594	983,521956597318
197	614,878460943163	1006,19900670199	0			1385,12153905684	1006,19900670199
201	587,561435378083	1015,81600758991	0			1412,43856462192	1015,81600758991
218	564,684916997813	1026,22701414927	0			1435,31508300219	1026,22701414927
244	541,884928329987	1031,27629115623	0			1458,11507167001	1031,27629115623
265	548,761702976715	1027,32227464766	0			1451,23829702329	1027,32227464766
274	553,510939511557	1026,77135803461	0			1446,48906048844	1026,77135803461
310	556,28113638264	1010,73009156902	0			1443,71886361736	1010,73009156902
325	618,18389147612	1036,21736710829	0			1381,81610852388	1036,21736710829
334	586,168708232869	1026,26890817668	0			1413,83129176713	1026,26890817668
349	561,837222834241	1018,81080791379	0			1438,16277716576	1018,81080791379
374	462,763676656034	978,652966281674	0			1537,23632334397	978,652966281674
389	605,923875474928	894,746032051492	1	1394,07612452507	894,746032051492
410	695,132162687228	797,352550947031	1	1304,86783731277	797,352550947031
413	701,772678399979	774,405157535326	1	1298,22732160002	774,405157535326
427	707,75366248815	767,369874460826	1	1292,24633751185	767,369874460826
461	707,894830280546	744,59013506833	1	1292,10516971945	744,59013506833
476	700,356764115218	682,17489482026	1	1299,64323588478	682,17489482026
491	713,250228415829	697,192135409691	1	1286,74977158417	697,192135409691
516	720,438935921518	704,953922698262	1	1279,56106407848	704,953922698262
528	727,121540181811	712,533519071016	1	1272,87845981819	712,533519071016
542	727,715955637376	707,125618265864	1	1272,28404436262	707,125618265864
547	728,205715838315	704,105232424803	1	1271,79428416169	704,105232424803
560	711,14149636851	690,520409596445	1	1288,85850363149	690,520409596445
577	717,642053334718	692,556520486474	1	1282,35794666528	692,556520486474
610	716,634286651679	690,441736758823	1	1283,36571334832	690,441736758823
645	716,311798895952	689,572502967534	1	1283,68820110405	689,572502967534
670	714,821215134136	687,54821083556	1	1285,17878486586	687,54821083556
676	718,18818003028	689,986906425937	1	1281,81181996972	689,986906425937
693	712,994948806982	685,446025364642	1	1287,00505119302	685,446025364642
699	711,978464784985	678,088145427782	1	1288,02153521502	678,088145427782
721	711,99828818916	675,852510099885	1	1288,00171181084	675,852510099885
737	710,98016066291	682,159076253697	1	1289,01983933709	682,159076253697
762	708,58137449653	680,963192378873	1	1291,41862550347	680,963192378873
775	671,097108770533	655,265113485884	1	1328,90289122947	655,265113485884
792	682,196242292203	630,979301616301	1	1317,8037577078	630,979301616301
824	686,085745680353	620,472996569499	1	1313,91425431965	620,472996569499
840	732,680580634937	622,150894626659	1	1267,31941936506	622,150894626659
859	754,419895635418	594,323381216652	1	1245,58010436458	594,323381216652
861	793,275679622128	555,013581398338	1	1206,72432037787	555,013581398338
873	907,618385491586	522,731456563349	1	1092,38161450841	522,731456563349
900	900,053860013451	519,157376110208	1	1099,94613998655	519,157376110208
918	922,756059379976	505,505212828222	1	1077,24394062002	505,505212828222
943	946,622492142937	461,174669685429	1	1053,37750785706	461,174669685429
957	943,454097112516	456,849879271614	1	1056,54590288748	456,849879271614
963	945,927677253937	460,383411445036	1	1054,07232274606	460,383411445036
981	957,281290493681	432,108343640193	1	1042,71870950632	432,108343640193
992	967,601859950238	420,549979723345	1	1032,39814004976	420,549979723345
1011	977,886281174009	452,79473854705	1	1022,11371882599	452,79473854705
1025	984,727660720331	434,87685896901	1	1015,27233927967	434,87685896901
1072	967,177522149716	392,444055815428	1	1032,82247785028	392,444055815428
1083	947,408694514885	407,037855792529	1	1052,59130548511	407,037855792529
3558	288,777392736145	355,041314778211	1	1711,22260726386	355,041314778211
3819	520,661881826456	278,063860321598	1	1479,33811817354	278,063860321598
4770	774,99165457815	359,073501900924	1	1225,00834542185	359,073501900924
4984	177,12718383394	134,234890665789	1	1822,87281616606	134,234890665789
5111	702,424715406301	139,03586626471	1	1297,5752845937	139,03586626471
5154	643,254612796129	173,005334265306	1	1356,74538720387	173,005334265306
5194	636,375727704077	198,492427896729	1	1363,62427229592	198,492427896729
5211	637,373823097117	206,85529803397	1	1362,62617690288	206,85529803397
5221	604,471177211735	274,521224245105	1	1395,52882278826	274,521224245105
5280	541,802152328649	230,39069785594	1	1458,19784767135	230,39069785594
5325	536,303809699889	220,269764926161	1	1463,69619030011	220,269764926161
5390	520,087502624644	181,911970735029	1	1479,91249737536	181,911970735029
5421	545,318799186069	176,451491129978	1	1454,68120081393	176,451491129978
5424	552,534262171113	168,989886822585	1	1447,46573782889	168,989886822585
5451	542,704173088528	140,318269800122	1	1457,29582691147	140,318269800122
5463	543,756485072061	116,270468149888	1	1456,24351492794	116,270468149888
5488	547,522907993969	67,2705512774934	0			1452,47709200603	67,2705512774934
5507	551,134402818148	61,7242335241839	0			1448,86559718185	61,7242335241839
5646	630,410717220368	35,8298980154513	0			1369,58928277963	35,8298980154513
5711	677,293637963946	55,852728362067	0			1322,70636203605	55,852728362067
5730	691,816460289862	87,7468585105737	1	1308,18353971014	87,7468585105737
5751	726,08117986931	173,964569852434	1	1273,91882013069	173,964569852434
5764	733,777686361723	197,757402304257	1	1266,22231363828	197,757402304257
5779	723,390519691799	182,859912429249	1	1276,6094803082	182,859912429249
5823	755,488601622122	168,771145379084	1	1244,51139837788	168,771145379084
5856	816,507341015047	191,295960026776	1	1183,49265898495	191,295960026776
5879	933,696385128806	357,068975875818	1	1066,30361487119	357,068975875818
5898	965,644694700983	371,828103953539	1	1034,35530529902	371,828103953539
5903	968,157819301724	380,318913918468	1	1031,84218069828	380,318913918468
5933	987,503943377824	385,942095154306	1	1012,49605662218	385,942095154306
5946	1019,23524578718	410,17626591093	1	980,764754212824	410,17626591093
5961	1002,00898386507	362,762272657762	1	997,991016134933	362,762272657762
6016	1026,62397839275	371,693281068953	1	973,376021607251	371,693281068953
6034	992,941848752938	341,072899331041	1	1007,05815124706	341,072899331041
6045	986,399747951581	364,875142145276	1	1013,60025204842	364,875142145276
6071	1022,21861312298	314,920716593073	1	977,781386877019	314,920716593073
6082	1039,06175096665	310,86486093686	1	960,938249033352	310,86486093686
6102	1066,66381666097	295,785131057097	1	933,336183339029	295,785131057097
6110	1050,93252629932	299,048438801732	1	949,06747370068	299,048438801732
6124	1054,19281466787	298,30736806242	1	945,807185332133	298,30736806242
6161	1078,46372059142	280,779813447089	1	921,536279408577	280,779813447089
6179	1071,45769078354	285,067911819022	1	928,542309216462	285,067911819022
6187	1085,90552396591	258,95691207023	1	914,094476034086	258,95691207023
6201	1144,1605376452	253,583330051381	1	855,839462354803	253,583330051381
6210	1145,59244103025	254,903905413997	1	854,407558969745	254,903905413997
6241	1125,11671992209	237,594628104779	1	874,883280077913	237,594628104779
6259	1154,45315908186	249,196863466833	1	845,546840918141	249,196863466833
6274	1117,35042084394	238,134593879713	1	882,649579156063	238,134593879713
6322	1138,42284226816	250,33972919003	1	861,577157731841	250,33972919003
6338	1136,59252959067	255,426212321938	1	863,407470409326	255,426212321938
6366	1167,57878777975	248,070059012765	1	832,421212220247	248,070059012765
6383	1158,2773273089	270,961187584899	1	841,722672691102	270,961187584899
6395	1162,38519306168	273,714142608614	1	837,614806938322	273,714142608614
6411	1153,65336310452	276,184216162982	1	846,346636895477	276,184216162982
6436	1148,03393392019	271,014731188084	1	851,966066079806	271,014731188084
6483	1145,22597635671	272,831478241586	1	854,774023643288	272,831478241586
6485	1132,83741013984	261,888551475487	1	867,162589860164	261,888551475487
6501	1113,69475250459	254,204901299634	1	886,305247495408	254,204901299634
6503	1098,14069450786	250,36753817486	1	901,859305492143	250,36753817486
6516	1101,8325705256	271,427783307095	1	898,167429474403	271,427783307095
6534	1108,36927582399	281,543197820638	1	891,630724176015	281,543197820638
6553	1087,1035961174	263,124737815653	1	912,896403882605	263,124737815653
6570	1079,57264220076	258,940267713974	1	920,427357799241	258,940267713974
6574	1073,28158821942	291,120880951452	1	926,718411780578	291,120880951452
6601	1080,83434174452	298,228193138836	1	919,165658255476	298,228193138836
6626	1095,94882553938	313,652215071417	1	904,05117446062	313,652215071417
6634	1085,89185792821	343,130407466576	1	914,108142071789	343,130407466576
6650	1061,42918113794	373,631429713965	1	938,570818862064	373,631429713965
6695	1051,11917293924	354,876311113406	1	948,880827060764	354,876311113406
6703	1032,97998049055	352,858107204334	1	967,020019509455	352,858107204334
6720	867,725367398843	274,610232363264	1	1132,27463260116	274,610232363264
6770	839,078144851984	283,836047581763	1	1160,92185514802	283,836047581763
6824	775,496479903175	315,172124029548	1	1224,50352009683	315,172124029548
6857	705,128879818593	445,399678216144	1	1294,87112018141	445,399678216144
6880	705,180129161743	503,202337168334	1	1294,81987083826	503,202337168334
6904	719,406829628973	501,51865864989	1	1280,59317037103	501,51865864989
6929	725,6644226044	523,321190168997	1	1274,3355773956	523,321190168997
6931	724,606348506404	526,259784766099	1	1275,3936514936	526,259784766099
6945	709,245381157472	510,035925670165	1	1290,75461884253	510,035925670165
6973	697,270899044091	492,100476542877	1	1302,72910095591	492,100476542877
6975	672,692047270518	469,298177623021	1	1327,30795272948	469,298177623021
6992	670,630025643211	474,034077161004	1	1329,36997435679	474,034077161004
7018	659,217020307036	473,872660982862	1	1340,78297969296	473,872660982862
7027	651,54076816288	460,788760771199	1	1348,45923183712	460,788760771199
7057	674,83863640844	439,645171649475	1	1325,16136359156	439,645171649475
7075	683,009590975347	450,227057299945	1	1316,99040902465	450,227057299945
7091	756,959248732178	435,415082069156	1	1243,04075126782	435,415082069156
7110	772,651769045135	438,17244189265	1	1227,34823095487	438,17244189265
7118	807,7126671243	431,50290864542	1	1192,2873328757	431,50290864542
7153	914,836288464449	454,561203371372	1	1085,16371153555	454,561203371372
7159	899,732292846351	505,676393329698	1	1100,26770715365	505,676393329698
7179	902,87605071812	492,062558520174	1	1097,12394928188	492,062558520174
7213	897,198463326662	500,468102235789	1	1102,80153667334	500,468102235789
7224	896,400842776885	467,579614022971	1	1103,59915722312	467,579614022971
7240	892,728400980955	470,457557871452	1	1107,27159901905	470,457557871452
7253	894,149859696458	470,078707173731	1	1105,85014030354	470,078707173731
7274	903,32885046787	466,435120986046	1	1096,67114953213	466,435120986046
7290	906,053411186301	473,497610916273	1	1093,9465888137	473,497610916273
7294	907,231971198619	485,654525600686	1	1092,76802880138	485,654525600686
7315	899,814122836542	487,232334548752	1	1100,18587716346	487,232334548752
7331	898,694094053609	495,02147324358	1	1101,30590594639	495,02147324358
7361	896,429558644157	501,708192523446	1	1103,57044135584	501,708192523446
7370	894,868775918883	508,671333320584	1	1105,13122408112	508,671333320584
7383	899,826611078301	507,654277553244	1	1100,1733889217	507,654277553244
7398	894,631738401632	507,502129074927	1	1105,36826159837	507,502129074927
7428	890,175469643578	503,590629889908	1	1109,82453035642	503,590629889908
7433	869,156653121245	497,662764195422	1	1130,84334687876	497,662764195422
7442	844,90139826977	509,366153773318	1	1155,09860173023	509,366153773318
7465	808,395644323604	549,698669097837	1	1191,6043556764	549,698669097837
7477	811,031692429621	545,738771797628	1	1188,96830757038	545,738771797628
7514	790,711290635121	569,282124771692	1	1209,28870936488	569,282124771692
7535	788,186927037314	560,64541161644	1	1211,81307296269	560,64541161644
7556	788,31392611531	560,527812849157	1	1211,68607388469	560,527812849157
7583	792,648707907944	579,122639539961	1	1207,35129209206	579,122639539961
7586	785,192779003172	594,275296305008	1	1214,80722099683	594,275296305008
7600	775,609339765033	609,338807393295	1	1224,39066023497	609,338807393295
7607	778,34309029653	606,738624465403	1	1221,65690970347	606,738624465403
7625	780,688258894454	611,961406705546	1	1219,31174110555	611,961406705546
7652	784,040592227899	600,691661527465	1	1215,9594077721	600,691661527465
7671	788,178164906882	589,087384275394	1	1211,82183509312	589,087384275394
7695	788,31273782916	594,434217173057	1	1211,68726217084	594,434217173057
7705	826,965803250846	575,554878418032	1	1173,03419674915	575,554878418032
7725	823,770455236823	591,507841893745	1	1176,22954476318	591,507841893745
7732	904,913165479834	581,296999658999	1	1095,08683452017	581,296999658999
7748	906,170777316003	584,847661506726	1	1093,829222684	584,847661506726
7781	900,929734885628	587,291508186325	1	1099,07026511437	587,291508186325
7798	911,283436718612	584,963509897542	1	1088,71656328139	584,963509897542
7807	913,367709448419	528,374784823072	1	1086,63229055158	528,374784823072
7826	915,435716951362	537,91152168249	1	1084,56428304864	537,91152168249
7836	917,004672930988	537,978519114717	1	1082,99532706901	537,978519114717
7858	911,334868301709	521,542617322368	1	1088,66513169829	521,542617322368
7876	917,493918988556	530,068613308506	1	1082,50608101144	530,068613308506
7878	918,774988774353	531,772600425448	1	1081,22501122565	531,772600425448
7896	914,110102465429	537,694126058154	1	1085,88989753457	537,694126058154
7907	914,740859137751	540,722892722847	1	1085,25914086225	540,722892722847
7923	916,745211236528	544,822048551896	1	1083,25478876347	544,822048551896
7964	919,069670446758	548,451032402127	1	1080,93032955324	548,451032402127
7987	923,294813864519	555,841509864591	1	1076,70518613548	555,841509864591
8008	918,124175551258	559,195469648531	1	1081,87582444874	559,195469648531
8018	919,553966819458	563,602510406139	1	1080,44603318054	563,602510406139
8033	923,690779100007	562,297523472702	1	1076,30922089999	562,297523472702
8051	937,443649220973	561,439786583044	1	1062,55635077903	561,439786583044
8058	933,438592344226	575,968199580505	1	1066,56140765577	575,968199580505
8075	932,763024353819	576,809528601871	1	1067,23697564618	576,809528601871
8112	932,792963191395	578,344546009779	1	1067,2070368086	578,344546009779
8129	922,039251733052	581,492433182624	1	1077,96074826695	581,492433182624
8141	918,744849854595	581,111853180578	1	1081,2551501454	581,111853180578
8153	924,136355890762	586,35391129631	1	1075,86364410924	586,35391129631
8168	915,517550179269	577,386745970721	1	1084,48244982073	577,386745970721
8184	912,050513845803	574,718015903152	1	1087,9494861542	574,718015903152
8191	911,275477922445	569,852340003847	1	1088,72452207755	569,852340003847
8218	911,258324589808	567,943808778044	1	1088,74167541019	567,943808778044
8229	912,146879211979	567,470950409173	1	1087,85312078802	567,470950409173
8261	909,984378696028	567,9162959602	1	1090,01562130397	567,9162959602
8331	910,398867181348	567,090212279356	1	1089,60113281865	567,090212279356
8343	910,700236176176	568,083547124169	1	1089,29976382382	568,083547124169
8349	909,616941025146	569,191027765021	1	1090,38305897485	569,191027765021
8352	905,584326133026	570,443350058792	1	1094,41567386697	570,443350058792
8356	902,510703659236	572,013972055352	1	1097,48929634076	572,013972055352
8364	899,926441564083	578,217310759443	1	1100,07355843592	578,217310759443
8379	899,760422455065	584,250674304663	1	1100,23957754493	584,250674304663
8405	900,409020818466	586,806317159212	1	1099,59097918153	586,806317159212
8423	900,579075474797	586,326605199067	1	1099,4209245252	586,326605199067
8457	900,702185214394	584,817657968984	1	1099,29781478561	584,817657968984
8483	915,979771849635	586,80252704973	1	1084,02022815036	586,80252704973
8484	923,173788606333	590,140595519223	1	1076,82621139367	590,140595519223
8486	922,117490676768	590,142222580759	1	1077,88250932323	590,142222580759
8506	918,670723035927	582,499369384802	1	1081,32927696407	582,499369384802
8513	918,015409275628	579,345510729452	1	1081,98459072437	579,345510729452
8535	926,356134587165	579,325203617232	1	1073,64386541284	579,325203617232
8555	925,135678495836	577,083273037632	1	1074,86432150416	577,083273037632
8571	924,192692320634	576,956714281185	1	1075,80730767937	576,956714281185
8592	926,412181162939	579,242334662785	1	1073,58781883706	579,242334662785
8609	927,996092799295	580,485967054702	1	1072,00390720071	580,485967054702
8615	932,660687505981	583,416779818203	1	1067,33931249402	583,416779818203
8635	933,681917800249	581,079228636168	1	1066,31808219975	581,079228636168
8662	927,176995905268	573,864165992985	1	1072,82300409473	573,864165992985
8682	925,161148191098	571,641514199055	1	1074,8388518089	571,641514199055
8706	927,66465916638	585,245047987701	1	1072,33534083362	585,245047987701
8719	926,2423331646	588,757903884719	1	1073,7576668354	588,757903884719
8733	925,810357118977	589,803789375756	1	1074,18964288102	589,803789375756
8762	924,942882328275	589,907692434675	1	1075,05711767172	589,907692434675
8784	923,518032835461	586,819731728787	1	1076,48196716454	586,819731728787
8794	923,279525734028	584,773800212873	1	1076,72047426597	584,773800212873
8798	921,674948692888	582,76697069834	1	1078,32505130711	582,76697069834
8823	920,967178548549	579,241426918533	1	1079,03282145145	579,241426918533
8845	918,993557574692	576,998416171492	1	1081,00644242531	576,998416171492
8860	915,38119076091	582,487506784297	1	1084,61880923909	582,487506784297
8877	917,35366342227	584,525481103317	1	1082,64633657773	584,525481103317
8894	917,606787514025	584,00395166148	1	1082,39321248597	584,00395166148
8911	917,233714135069	570,824626716223	1	1082,76628586493	570,824626716223
8918	915,036973732994	567,702526937401	1	1084,96302626701	567,702526937401
8938	914,822462780838	565,604812607174	1	1085,17753721916	565,604812607174
8954	914,530162673643	568,323415627853	1	1085,46983732636	568,323415627853
8981	914,57591443296	566,458731040355	1	1085,42408556704	566,458731040355
8984	900,313887814764	568,744021842363	1	1099,68611218524	568,744021842363
9025	827,870049920932	573,91624785569	1	1172,12995007907	573,91624785569
9042	623,769503303069	556,214640316596	1	1376,23049669693	556,214640316596
9050	559,194802117537	559,253774135029	1	1440,80519788246	559,253774135029
9053	571,179077687019	559,170573988955	1	1428,82092231298	559,170573988955
9077	479,551760233452	560,558592748619	1	1520,44823976655	560,558592748619
9095	506,251438870368	555,823822918968	1	1493,74856112963	555,823822918968
9100	459,329341531051	546,666351361854	1	1540,67065846895	546,666351361854
9116	429,066377190949	546,183643355419	1	1570,93362280905	546,183643355419
9150	392,177160762804	538,827922529138	1	1607,8228392372	538,827922529138
9192	399,131522564049	540,090061439392	1	1600,86847743595	540,090061439392
9212	394,093968027137	539,883846606501	1	1605,90603197286	539,883846606501
9227	410,066584834739	559,034967823425	1	1589,93341516526	559,034967823425
9251	411,076952358484	560,125587008029	1	1588,92304764152	560,125587008029
9297	411,046792154668	556,920089722878	1	1588,95320784533	556,920089722878
9323	418,327188573687	563,204002606132	1	1581,67281142631	563,204002606132
9343	408,901843091443	555,245733499717	1	1591,09815690856	555,245733499717
9354	412,208700162701	558,404413849281	1	1587,7912998373	558,404413849281
9359	413,362512483114	559,718843450963	1	1586,63748751689	559,718843450963
9384	412,687159612827	555,470880717125	1	1587,31284038717	555,470880717125
9389	411,267855532069	555,1906132387	1	1588,73214446793	555,1906132387
9407	427,850099512578	564,239962293259	1	1572,14990048742	564,239962293259
9414	426,513083870121	572,067196786094	1	1573,48691612988	572,067196786094
9429	429,597653102314	580,823739216027	1	1570,40234689769	580,823739216027
9452	445,214353398184	598,232356566894	1	1554,78564660182	598,232356566894
9603	454,179150232605	616,84511574086	1	1545,82084976739	616,84511574086
9645	467,107858009709	607,795443937693	1	1532,89214199029	607,795443937693
9665	467,107858009709	607,795443937693	1	1532,89214199029	607,795443937693
9695	528,194892510852	434,225327144802	1	1471,80510748915	434,225327144802
9715	599,393329298812	477,814506716051	1	1400,60667070119	477,814506716051
9740	539,928593035524	423,105708801643	1	1460,07140696448	423,105708801643
9763	590,325867437071	610,999657354604	1	1409,67413256293	610,999657354604
9783	571,150338506682	643,373537659547	1	1428,84966149332	643,373537659547
9786	514,137290795881	518,909574264288	1	1485,86270920412	518,909574264288
9804	500,646338028977	485,438291315952	1	1499,35366197102	485,438291315952
9821	512,423439184826	511,263045109863	1	1487,57656081517	511,263045109863
9851	556,815444496992	565,812478654287	1	1443,18455550301	565,812478654287
9860	585,744254512357	574,174131737512	1	1414,25574548764	574,174131737512
9882	605,765737882604	604,50472526929	1	1394,2342621174	604,50472526929
9902	602,105025099998	619,16515522203	1	1397,8949749	619,16515522203
9917	603,935164305504	617,776153376357	1	1396,0648356945	617,776153376357
9937	605,703713229468	615,372979266858	1	1394,29628677053	615,372979266858
9945	596,9418238792	616,645859117804	1	1403,0581761208	616,645859117804
9965	562,749561645075	591,241672157451	1	1437,25043835492	591,241672157451
9985	552,318384253724	582,912971675333	1	1447,68161574628	582,912971675333
9993	561,387159671803	587,911747555879	1	1438,6128403282	587,911747555879
10011	549,904447081074	581,033410098364	1	1450,09555291893	581,033410098364
10033	523,185474850237	571,990798182607	1	1476,81452514976	571,990798182607
