7	813,855989621172	508,824804957714	1	1186,14401037883	508,824804957714
28	814,571924381192	514,718048563244	1	1185,42807561881	514,718048563244
84	809,99156897735	493,122249759508	1	1190,00843102265	493,122249759508
103	815,92719417997	481,071811793421	1	1184,07280582003	481,071811793421
113	819,66415435105	474,085053274016	1	1180,33584564895	474,085053274016
116	820,775773124997	469,220738244281	1	1179,224226875	469,220738244281
118	820,739346438068	463,058853734509	1	1179,26065356193	463,058853734509
120	811,416532019853	462,714731464515	1	1188,58346798015	462,714731464515
133	798,562985112172	453,676007546413	1	1201,43701488783	453,676007546413
161	809,700977912153	420,336374657845	1	1190,29902208785	420,336374657845
195	815,985317734202	397,832378746792	1	1184,0146822658	397,832378746792
202	809,572448650485	402,858046020173	1	1190,42755134951	402,858046020173
237	903,786657950015	514,805455592818	1	1096,21334204999	514,805455592818
356	975,701133950243	552,397220586316	1	1024,29886604976	552,397220586316
377	1035,55183287192	437,472373988481	1	964,448167128085	437,472373988481
404	998,623727809283	400,801227184826	1	1001,37627219072	400,801227184826
407	1044,12619602885	374,880593282438	1	955,873803971145	374,880593282438
433	997,237397575621	370,138261285028	1	1002,76260242438	370,138261285028
453	1027,81523863526	363,176745803558	1	972,184761364744	363,176745803558
493	1071,52915104752	347,469822964507	1	928,47084895248	347,469822964507
543	886,104739780744	357,308140616542	1	1113,89526021926	357,308140616542
561	840,675536168851	403,392204341959	1	1159,32446383115	403,392204341959
591	867,534480268047	399,464813042411	1	1132,46551973195	399,464813042411
599	857,483390391529	399,478200698719	1	1142,51660960847	399,478200698719
691	821,432717276896	493,000916343163	1	1178,5672827231	493,000916343163
706	798,063293477363	488,960618337788	1	1201,93670652264	488,960618337788
720	740,903177300579	452,435773031296	1	1259,09682269942	452,435773031296
735	723,300725776802	420,515703172349	1	1276,6992742232	420,515703172349
1039	1321,42894954743	502,025578571063	1	678,571050452569	502,025578571063
1067	1325,95815319074	391,646155033348	1	674,041846809264	391,646155033348
1121	1370,49846657311	561,05154405545	1	629,501533426892	561,05154405545
1170	1374,88515909436	596,515350932923	1	625,114840905643	596,515350932923
1184	1374,88515909436	596,515350932923	1	625,114840905643	596,515350932923
1216	1332,86939896947	264,700976962926	1	667,130601030528	264,700976962926
1275	1303,36356392741	225,64122332035	1	696,636436072593	225,64122332035
4651	759,751082238256	430,756475581349	1	1240,24891776174	430,756475581349
4705	1035,47163781225	477,002829717577	1	964,528362187753	477,002829717577
4707	1035,47163781225	477,002829717577	1	964,528362187753	477,002829717577
4727	993,954459372799	496,428555339751	1	1006,0455406272	496,428555339751
4772	1001,84496494129	492,73661860524	1	998,155035058705	492,73661860524
4788	995,915769935733	495,510865788401	1	1004,08423006427	495,510865788401
4793	844,210328489268	782,777124673955	1	1155,78967151073	782,777124673955
4843	792,892441253125	876,931809816074	1	1207,10755874687	876,931809816074
4992	709,746840393659	1035,985017561	0			1290,25315960634	1035,985017561
5011	681,570049396996	1062,6552908928	0			1318,429950603	1062,6552908928
5111	896,224215115544	900,557172332992	1	1103,77578488446	900,557172332992
5149	945,91732086873	848,629763428388	1	1054,08267913127	848,629763428388
5163	904,874704578317	780,805697883154	1	1095,12529542168	780,805697883154
5183	969,306963928214	765,881507281576	1	1030,69303607179	765,881507281576
5191	981,796921058142	776,645005485104	1	1018,20307894186	776,645005485104
5197	994,703614991759	769,439675143047	1	1005,29638500824	769,439675143047
5223	1011,17842112319	746,099027801445	1	988,821578876811	746,099027801445
5241	1016,61018041876	742,770257384351	1	983,389819581237	742,770257384351
5251	1018,0966697178	741,508957203251	1	981,903330282197	741,508957203251
5269	1016,56214037082	732,675682244871	1	983,437859629185	732,675682244871
5307	1011,02900984429	717,324381411775	1	988,970990155712	717,324381411775
5328	1010,19127980838	715,572402393235	1	989,808720191622	715,572402393235
5332	1011,93469808238	715,211165835554	1	988,065301917624	715,211165835554
5336	1013,38033869336	711,934392841615	1	986,619661306637	711,934392841615
5362	1016,34357791965	709,502757490378	1	983,656422080351	709,502757490378
5368	1015,39140800285	707,691515136382	1	984,60859199715	707,691515136382
5387	1013,72491309339	702,87245770106	1	986,27508690661	702,87245770106
5402	1008,91565513313	702,236169120155	1	991,084344866867	702,236169120155
5417	1005,78699203197	706,423077034212	1	994,213007968028	706,423077034212
5449	1004,28685403149	706,038851115707	1	995,713145968509	706,038851115707
5470	1003,30785579746	705,66508356025	1	996,692144202543	705,66508356025
5473	1002,35843021944	706,703820535245	1	997,641569780564	706,703820535245
5494	996,634663861088	703,561080408713	1	1003,36533613891	703,561080408713
5860	1460,63177114937	990,812325034742	0			539,368228850627	990,812325034742
5893	1460,63177114937	990,812325034742	0			539,368228850627	990,812325034742
5908	1460,63177114937	990,812325034742	0			539,368228850627	990,812325034742
5917	1463,36682753686	990,538344603911	0			536,633172463136	990,538344603911
5942	1481,51578041515	988,720298748816	0			518,484219584854	988,720298748816
5957	1486,20102187147	988,250961268747	0			513,798978128533	988,250961268747
5967	1486,60470447209	990,33456846356	0			513,395295527909	990,33456846356
5994	1477,01845730461	1008,22792518645	0			522,981542695392	1008,22792518645
6021	1480,74638291595	999,430931249549	0			519,253617084046	999,430931249549
6099	688,853785443846	1060,44128951834	0			1311,14621455615	1060,44128951834
6150	688,853785443846	1060,44128951834	0			1311,14621455615	1060,44128951834
6199	688,853785443846	1060,44128951834	0			1311,14621455615	1060,44128951834
6212	688,853785443846	1060,44128951834	0			1311,14621455615	1060,44128951834
6232	688,853785443846	1060,44128951834	0			1311,14621455615	1060,44128951834
6730	584,95048843927	796,763248651476	1	1415,04951156073	796,763248651476
6759	584,95048843927	796,763248651476	1	1415,04951156073	796,763248651476
6817	584,95048843927	796,763248651476	1	1415,04951156073	796,763248651476
6823	584,95048843927	796,763248651476	1	1415,04951156073	796,763248651476
6827	584,95048843927	796,763248651476	1	1415,04951156073	796,763248651476
6829	584,95048843927	796,763248651476	1	1415,04951156073	796,763248651476
6843	584,95048843927	796,763248651476	1	1415,04951156073	796,763248651476
6856	584,95048843927	796,763248651476	1	1415,04951156073	796,763248651476
6874	584,95048843927	796,763248651476	1	1415,04951156073	796,763248651476
6887	584,95048843927	796,763248651476	1	1415,04951156073	796,763248651476
6910	584,95048843927	796,763248651476	1	1415,04951156073	796,763248651476
6914	584,95048843927	796,763248651476	1	1415,04951156073	796,763248651476
6944	584,95048843927	796,763248651476	1	1415,04951156073	796,763248651476
6960	584,95048843927	796,763248651476	1	1415,04951156073	796,763248651476
7017	799,37696592816	986,14320292476	0			1200,62303407184	986,14320292476
7038	862,960440621577	983,44191569412	0			1137,03955937842	983,44191569412
7046	869,995071863359	946,565976864461	1	1130,00492813664	946,565976864461
7064	882,107181785416	873,666246587649	1	1117,89281821458	873,666246587649
7096	883,065071303119	874,199545166464	1	1116,93492869688	874,199545166464
7114	882,297714941528	869,917093008356	1	1117,70228505847	869,917093008356
7131	894,183011383234	799,176470722779	1	1105,81698861677	799,176470722779
7137	901,195187155793	757,36259941831	1	1098,80481284421	757,36259941831
7157	910,048298200711	713,075586126338	1	1089,95170179929	713,075586126338
7170	910,050452928215	702,363840306984	1	1089,94954707178	702,363840306984
7185	909,666811664071	689,991763012952	1	1090,33318833593	689,991763012952
7204	909,319349766868	689,009865121729	1	1090,68065023313	689,009865121729
7245	902,391605658307	662,074076547541	1	1097,60839434169	662,074076547541
7274	902,540805169018	663,430878893958	1	1097,45919483098	663,430878893958
7284	879,726202352437	655,687076998935	1	1120,27379764756	655,687076998935
7307	922,992836341292	576,674436545559	1	1077,00716365871	576,674436545559
7311	926,063422403505	561,248568736297	1	1073,93657759649	561,248568736297
7331	928,057865629723	554,12125376139	1	1071,94213437028	554,12125376139
7339	925,349135587813	516,852206526564	1	1074,65086441219	516,852206526564
7353	924,606267841445	513,851974750083	1	1075,39373215855	513,851974750083
7362	927,76307852999	519,696491559952	1	1072,23692147001	519,696491559952
7409	931,233042448938	491,185303073448	1	1068,76695755106	491,185303073448
7436	935,873667805604	479,713682465053	1	1064,1263321944	479,713682465053
7474	929,632692697469	480,012832457079	1	1070,36730730253	480,012832457079
7510	925,66432267649	476,035514542967	1	1074,33567732351	476,035514542967
7513	930,02140916254	470,043586755173	1	1069,97859083746	470,043586755173
7516	920,887799488699	493,210239090074	1	1079,1122005113	493,210239090074
7519	933,879450785948	487,889618982685	1	1066,12054921405	487,889618982685
7538	930,224797698422	470,044333960599	1	1069,77520230158	470,044333960599
7545	926,050324879091	477,974433664942	1	1073,94967512091	477,974433664942
7567	933,617763368003	525,52861119704	1	1066,382236632	525,52861119704
7592	932,666740637235	514,035297245404	1	1067,33325936277	514,035297245404
7605	926,236429864102	520,332588580984	1	1073,7635701359	520,332588580984
7635	916,401645162456	507,66298945448	1	1083,59835483754	507,66298945448
7643	923,15100842951	505,420226080344	1	1076,84899157049	505,420226080344
7657	916,866370546878	485,704755551012	1	1083,13362945312	485,704755551012
7671	913,560739210853	478,533887298256	1	1086,43926078915	478,533887298256
7700	888,814110181588	421,352650616616	1	1111,18588981841	421,352650616616
7715	908,296453422851	442,916035566003	1	1091,70354657715	442,916035566003
7749	910,663471757482	441,861627422005	1	1089,33652824252	441,861627422005
7766	908,844360441461	482,953388043537	1	1091,15563955854	482,953388043537
7786	902,786648800177	460,113584171468	1	1097,21335119982	460,113584171468
7802	892,605777302294	468,420416321761	1	1107,39422269771	468,420416321761
7815	859,241806204937	538,34781303205	1	1140,75819379506	538,34781303205
7851	867,476602861595	514,612452966985	1	1132,52339713841	514,612452966985
7867	849,718655114918	535,412302530222	1	1150,28134488508	535,412302530222
7887	851,070082136183	569,587931118733	1	1148,92991786382	569,587931118733
7943	863,797591336196	573,596714563467	1	1136,2024086638	573,596714563467
7949	867,999286349719	573,713615540698	1	1132,00071365028	573,713615540698
7952	867,542527939	580,978650069846	1	1132,457472061	580,978650069846
7953	876,1375194083	589,798203848695	1	1123,8624805917	589,798203848695
7976	878,976957373252	592,277444551048	1	1121,02304262675	592,277444551048
7982	868,639464618718	603,840955814853	1	1131,36053538128	603,840955814853
8012	863,478865214665	599,990131197037	1	1136,52113478534	599,990131197037
8035	860,484215791972	589,569615182525	1	1139,51578420803	589,569615182525
8041	860,584038016007	579,159786585248	1	1139,41596198399	579,159786585248
8046	852,760488857814	575,107345620946	1	1147,23951114219	575,107345620946
8061	847,550972063547	572,431985931905	1	1152,44902793645	572,431985931905
8074	854,233324210295	573,024160701703	1	1145,7666757897	573,024160701703
8092	854,065666009024	571,130687960793	1	1145,93433399098	571,130687960793
8103	864,989999288085	586,164891594612	1	1135,01000071192	586,164891594612
8117	875,437333161409	601,999533444616	1	1124,56266683859	601,999533444616
8151	863,32202042126	606,181835467165	1	1136,67797957874	606,181835467165
8165	851,206084737665	587,318125445841	1	1148,79391526233	587,318125445841
8179	867,353256468263	597,137817916669	1	1132,64674353174	597,137817916669
8199	879,291890383803	605,85105323733	1	1120,7081096162	605,85105323733
8223	891,965012882418	620,119292465812	1	1108,03498711758	620,119292465812
8258	889,889336020348	622,311011499722	1	1110,11066397965	622,311011499722
8265	890,302667370712	627,323013153756	1	1109,69733262929	627,323013153756
8267	887,310918898799	628,597250015437	1	1112,6890811012	628,597250015437
8269	886,840298024355	629,340329500118	1	1113,15970197565	629,340329500118
8304	887,112443644238	634,058492317863	1	1112,88755635576	634,058492317863
8312	881,97107420568	659,780545152557	1	1118,02892579432	659,780545152557
8340	884,522831194993	664,131788938263	1	1115,47716880501	664,131788938263
8357	887,900116371409	667,28803211969	1	1112,09988362859	667,28803211969
8380	892,638548484187	671,907833279092	1	1107,36145151581	671,907833279092
8383	908,506978696006	668,854671625327	1	1091,49302130399	668,854671625327
8398	907,214271097669	652,745579378759	1	1092,78572890233	652,745579378759
8401	895,431205466772	632,073125236294	1	1104,56879453323	632,073125236294
8417	903,094641339379	634,18230136855	1	1096,90535866062	634,18230136855
8444	897,225784026785	628,005650566413	1	1102,77421597321	628,005650566413
8461	894,142132839732	628,653780172135	1	1105,85786716027	628,653780172135
8480	875,020897505417	619,064123790581	1	1124,97910249458	619,064123790581
8487	867,860707280247	615,31132898432	1	1132,13929271975	615,31132898432
8511	868,789975605342	617,86348754214	1	1131,21002439466	617,86348754214
8533	871,795929476725	617,950546953778	1	1128,20407052328	617,950546953778
8537	869,419800249948	612,685657863541	1	1130,58019975005	612,685657863541
8581	861,915675888811	601,641982513949	1	1138,08432411119	601,641982513949
8583	865,749501152306	609,974946950278	1	1134,25049884769	609,974946950278
8597	861,093114927526	604,350984859973	1	1138,90688507247	604,350984859973
8616	843,552376351569	602,310572773451	1	1156,44762364843	602,310572773451
8630	843,9402235128	609,009604554364	1	1156,0597764872	609,009604554364
8644	839,434596491563	618,072211459798	1	1160,56540350844	618,072211459798
8659	836,535411073297	619,630758693465	1	1163,4645889267	619,630758693465
8677	836,11884652952	617,501715074415	1	1163,88115347048	617,501715074415
8714	837,164252396181	621,15274256886	1	1162,83574760382	621,15274256886
8725	837,063737978908	625,63800125983	1	1162,93626202109	625,63800125983
8735	836,762323321845	631,436348459674	1	1163,23767667816	631,436348459674
8749	837,98338148637	636,161384162293	1	1162,01661851363	636,161384162293
8761	837,869750306402	636,040315437495	1	1162,1302496936	636,040315437495
8779	844,430097028775	635,972471945966	1	1155,56990297122	635,972471945966
8799	848,979792945862	635,024265026222	1	1151,02020705414	635,024265026222
8820	850,691483935334	634,400476996051	1	1149,30851606467	634,400476996051
8842	851,741641088409	630,665524993983	1	1148,25835891159	630,665524993983
8851	851,422314206137	632,252410130294	1	1148,57768579386	632,252410130294
8871	836,465145000493	615,199624372032	1	1163,53485499951	615,199624372032
8895	840,123446989099	619,588480727079	1	1159,8765530109	619,588480727079
8915	843,666998374743	621,303587772626	1	1156,33300162526	621,303587772626
8942	856,850297882023	654,100432938987	1	1143,14970211798	654,100432938987
8945	863,284931133649	650,507962941838	1	1136,71506886635	650,507962941838
8966	873,89296952841	656,731179803903	1	1126,10703047159	656,731179803903
8971	880,154340894921	671,161901496329	1	1119,84565910508	671,161901496329
8985	878,161225260581	662,579568484192	1	1121,83877473942	662,579568484192
9004	874,9015926774	649,708809071333	1	1125,0984073226	649,708809071333
9027	863,783498108369	641,508594504161	1	1136,21650189163	641,508594504161
9052	857,643561964299	632,892233040888	1	1142,3564380357	632,892233040888
9074	860,324458401205	627,028677358521	1	1139,6755415988	627,028677358521
9077	857,250637862665	626,419415794942	1	1142,74936213734	626,419415794942
9105	855,00699564209	627,882479983679	1	1144,99300435791	627,882479983679
9125	853,369388811313	629,194896314718	1	1146,63061118869	629,194896314718
9132	850,428232398103	628,752346719098	1	1149,5717676019	628,752346719098
9143	850,669365563851	625,517560735563	1	1149,33063443615	625,517560735563
9166	848,878316568683	623,085262900891	1	1151,12168343132	623,085262900891
9173	849,095148945535	626,691724478896	1	1150,90485105446	626,691724478896
9214	845,878396278822	622,133030413568	1	1154,12160372118	622,133030413568
9229	849,231400318262	620,986971864391	1	1150,76859968174	620,986971864391
9235	855,883819693539	623,647984405855	1	1144,11618030646	623,647984405855
9427	943,024639635796	458,657761868648	1	1056,9753603642	458,657761868648
9464	1096,98334234046	435,440661363933	1	903,016657659537	435,440661363933
9495	917,246260887607	365,709663653976	1	1082,75373911239	365,709663653976
9544	903,559269320794	417,499159963868	1	1096,44073067921	417,499159963868
9573	977,256629369791	458,003430175081	1	1022,74337063021	458,003430175081
9576	1011,41728449224	441,981321495536	1	988,582715507765	441,981321495536
9593	1009,80756508593	432,767042385647	1	990,192434914069	432,767042385647
9600	1007,85637297173	429,968689705317	1	992,143627028269	429,968689705317
9677	1033,49331883126	430,929097846669	1	966,506681168742	430,929097846669
9697	1034,30022520603	425,542914395826	1	965,699774793972	425,542914395826
9699	1020,29828435942	412,74679486867	1	979,701715640582	412,74679486867
9704	1026,75976321293	413,506657067528	1	973,240236787068	413,506657067528
9706	966,05419478562	476,063527293356	1	1033,94580521438	476,063527293356
9726	953,308314134145	480,811911358544	1	1046,69168586585	480,811911358544
9744	980,004158532178	464,324431905978	1	1019,99584146782	464,324431905978
9760	990,304533622904	460,781225668122	1	1009,6954663771	460,781225668122
9772	984,543589089019	506,694076135886	1	1015,45641091098	506,694076135886
9795	1019,88008825636	478,087830211206	1	980,119911743642	478,087830211206
9809	984,42833342591	513,790187263985	1	1015,57166657409	513,790187263985
9837	1012,35591169681	508,903837255441	1	987,644088303188	508,903837255441
9854	962,224449126087	548,76129493901	1	1037,77555087391	548,76129493901
9883	916,784424153934	585,896685831841	1	1083,21557584607	585,896685831841
9900	879,700649700852	601,301629783199	1	1120,29935029915	601,301629783199
9957	955,454559799071	533,054727307499	1	1044,54544020093	533,054727307499
9970	897,918228001656	478,450602617387	1	1102,08177199834	478,450602617387
9976	863,081211960471	522,794177788572	1	1136,91878803953	522,794177788572
9994	797,023674788315	587,556025701753	1	1202,97632521168	587,556025701753
