8	910,838098891485	367,086226088208	1	1089,16190110851	367,086226088208
24	911,702762863261	369,126693735246	1	1088,29723713674	369,126693735246
29	912,733357936571	372,768510126191	1	1087,26664206343	372,768510126191
535	721,438455427349	237,288245551979	1	1278,56154457265	237,288245551979
581	721,730900736688	271,291392741882	1	1278,26909926331	271,291392741882
601	721,730900736688	271,291392741882	1	1278,26909926331	271,291392741882
628	725,667620211271	271,718995418084	1	1274,33237978873	271,718995418084
667	766,934562237634	274,063187474546	1	1233,06543776237	274,063187474546
673	727,906311988449	254,582522054708	1	1272,09368801155	254,582522054708
688	744,169211930134	276,3032182347	1	1255,83078806987	276,3032182347
718	759,22916807462	302,421845524295	1	1240,77083192538	302,421845524295
733	693,053481735075	284,708328134671	1	1306,94651826492	284,708328134671
748	727,221419105527	294,584222036161	1	1272,77858089447	294,584222036161
765	786,980689311028	470,485153487461	1	1213,01931068897	470,485153487461
783	767,036098506295	400,401743324137	1	1232,96390149371	400,401743324137
806	765,367364761149	339,231908607831	1	1234,63263523885	339,231908607831
830	795,249729534622	325,059555338825	1	1204,75027046538	325,059555338825
837	809,649760682638	308,341149544979	1	1190,35023931736	308,341149544979
860	821,576168161417	305,137727089364	1	1178,42383183858	305,137727089364
879	809,74786151195	307,468378622837	1	1190,25213848805	307,468378622837
885	805,794898838381	311,874948343988	1	1194,20510116162	311,874948343988
905	806,389100566098	308,624152155216	1	1193,6108994339	308,624152155216
921	819,55936088918	284,095239595555	1	1180,44063911082	284,095239595555
926	858,743547141317	255,331705169949	1	1141,25645285868	255,331705169949
958	875,616507583927	227,559829151063	1	1124,38349241607	227,559829151063
972	861,478630122753	230,411420709534	1	1138,52136987725	230,411420709534
990	880,682885170756	230,029120476957	1	1119,31711482924	230,029120476957
2540	815,471459052324	331,496303229831	1	1184,52854094768	331,496303229831
2543	761,824798583984	460,125670877547	1	1238,17520141602	460,125670877547
2583	811,900742695485	380,286225768887	1	1188,09925730451	380,286225768887
2603	852,349710649854	331,160005672402	1	1147,65028935015	331,160005672402
2634	863,098055228399	340,445261130372	1	1136,9019447716	340,445261130372
2644	835,327559222956	276,448201851434	1	1164,67244077704	276,448201851434
2676	819,309952477286	288,481879311331	1	1180,69004752271	288,481879311331
2684	811,002886986997	295,23302974638	1	1188,997113013	295,23302974638
2722	865,793634127204	295,928935146685	1	1134,2063658728	295,928935146685
3080	259,990684731493	490,321231939441	1	1740,00931526851	490,321231939441
3146	230,409966626214	426,178209492536	1	1769,59003337379	426,178209492536
3169	232,545111525353	436,601707102296	1	1767,45488847465	436,601707102296
3206	256,883813889521	434,632302980337	1	1743,11618611048	434,632302980337
3236	264,84116349479	433,156412229555	1	1735,15883650521	433,156412229555
3252	265,438825546704	436,483699950363	1	1734,5611744533	436,483699950363
3282	85,5841937259059	491,032295804027	0			1914,41580627409	491,032295804027
3509	-6,03114254652104	484,541145713734	0			2006,03114254652	484,541145713734
3515	-16,9133356088188	497,788784209829	0			2016,91333560882	497,788784209829
3559	-14,9762627464449	490,892913582736	0			2014,97626274644	490,892913582736
3575	-15,29855070809	492,040240630337	0			2015,29855070809	492,040240630337
3608	7,06284614505724	440,510113724963	0			1992,93715385494	440,510113724963
3634	-32,9744919845678	401,235837474727	0			2032,97449198457	401,235837474727
3662	-18,4368164744762	410,901307241327	0			2018,43681647448	410,901307241327
3689	-39,6709426784794	469,097492648021	0			2039,67094267848	469,097492648021
3708	-37,2542357770806	471,250441420468	0			2037,25423577708	471,250441420468
3737	-16,3529214703223	462,529119134492	0			2016,35292147032	462,529119134492
3752	-24,0082128737542	454,670154599547	0			2024,00821287375	454,670154599547
3779	-9,2318372574847	427,686694278619	0			2009,23183725748	427,686694278619
3826	6,38676514420865	382,804861085095	0			1993,61323485579	382,804861085095
3847	10,379844151658	385,589349038381	0			1989,62015584834	385,589349038381
3872	19,1861244383162	396,190356790774	0			1980,81387556168	396,190356790774
3916	13,5308660277411	423,50809133425	0			1986,46913397226	423,50809133425
3943	23,5585336367096	455,220742268362	0			1976,44146636329	455,220742268362
3996	39,1088968293971	444,205668525517	0			1960,8911031706	444,205668525517
4023	24,8848062440363	459,873546827478	0			1975,11519375596	459,873546827478
4048	46,2960133726801	459,708971143954	0			1953,70398662732	459,708971143954
4069	63,9147278236462	461,495131737352	0			1936,08527217635	461,495131737352
4112	73,9492047707508	381,466274551288	0			1926,05079522925	381,466274551288
4155	81,4211130935221	413,330117756578	0			1918,57888690648	413,330117756578
4204	60,0635097854975	430,159372559562	0			1939,9364902145	430,159372559562
4250	-143,869462985437	127,718693785087	0			2143,86946298544	127,718693785087
4278	-75,4071868534485	196,34867737979	0			2075,40718685345	196,34867737979
4305	-54,6570829377787	219,114866824187	0			2054,65708293778	219,114866824187
4307	-41,5737277701405	201,175669256459	0			2041,57372777014	201,175669256459
4318	-24,1916490845174	201,522574956483	0			2024,19164908452	201,522574956483
4729	-179,651471480583	313,318545668403	0			2179,65147148058	313,318545668403
5586	117,079019392193	504,049522965886	0			1882,92098060781	504,049522965886
5652	182,23797943214	740,801429037401	1	1817,76202056786	740,801429037401
5655	165,166011491292	587,875410672396	0			1834,83398850871	587,875410672396
5675	185,042150494331	489,96532160242	1	1814,95784950567	489,96532160242
5703	187,529280983526	465,049678585459	1	1812,47071901647	465,049678585459
5705	195,768790267507	341,101122836313	1	1804,23120973249	341,101122836313
5724	106,034940935086	273,560673768194	0			1893,96505906491	273,560673768194
5732	114,731110336217	286,00880668662	0			1885,26888966378	286,00880668662
5762	112,847512382824	279,261502482784	0			1887,15248761718	279,261502482784
5781	149,327886127559	309,062761749557	0			1850,67211387244	309,062761749557
5783	148,275030630499	310,667632988274	0			1851,7249693695	310,667632988274
5803	113,693494738232	315,800363870672	0			1886,30650526177	315,800363870672
5822	125,306686917586	326,359656859835	0			1874,69331308241	326,359656859835
5836	144,900192964926	335,676777653256	0			1855,09980703507	335,676777653256
5862	114,611731978948	314,295919380456	0			1885,38826802105	314,295919380456
5872	133,788630713438	331,055173867626	0			1866,21136928656	331,055173867626
5875	176,19441426497	389,233206263468	1	1823,80558573503	389,233206263468
5914	154,816085643854	396,96630861151	0			1845,18391435615	396,96630861151
5918	169,358459472878	385,775080330274	1	1830,64154052712	385,775080330274
5937	140,15978342735	378,666239757609	0			1859,84021657265	378,666239757609
5963	130,357982921013	372,153366256532	0			1869,64201707899	372,153366256532
5965	132,361693698879	373,662552055637	0			1867,63830630112	373,662552055637
5986	130,260334113352	364,305154064868	0			1869,73966588665	364,305154064868
6000	120,694724689536	353,968555273895	0			1879,30527531046	353,968555273895
6013	159,932109776385	373,617667021683	0			1840,06789022361	373,617667021683
6032	163,213612389008	366,27923249456	0			1836,78638761099	366,27923249456
6052	188,023618796975	400,695941602438	1	1811,97638120303	400,695941602438
6072	141,439984452304	348,457917538089	0			1858,5600155477	348,457917538089
6085	121,294520507655	351,33982000414	0			1878,70547949234	351,33982000414
6101	144,611652227445	386,274110071351	0			1855,38834777255	386,274110071351
6115	118,197521720874	451,99334478632	0			1881,80247827913	451,99334478632
6136	91,5280655981386	447,777757818633	0			1908,47193440186	447,777757818633
6141	67,1861922716929	435,878690814637	0			1932,81380772831	435,878690814637
6164	62,3720693283025	427,863366179149	0			1937,6279306717	427,863366179149
6182	72,5699418371788	417,926621055204	0			1927,43005816282	417,926621055204
6208	41,8988402396145	393,031736363526	0			1958,10115976039	393,031736363526
6238	43,6744357198519	390,600272571437	0			1956,32556428015	390,600272571437
6244	39,897185853561	396,046622676901	0			1960,10281414644	396,046622676901
6251	48,7188469220013	461,616319927966	0			1951,281153078	461,616319927966
6270	43,9057608625496	450,30254317002	0			1956,09423913745	450,30254317002
6278	57,3187688024945	417,181780098019	0			1942,68123119751	417,181780098019
6563	1005,01460103155	549,090442577914	1	994,985398968447	549,090442577914
6613	860,751821771023	301,545367253877	1	1139,24817822898	301,545367253877
6659	911,546715419662	260,546319168369	1	1088,45328458034	260,546319168369
6672	955,534743079823	281,361611957276	1	1044,46525692018	281,361611957276
6704	945,958492377698	343,150491148538	1	1054,0415076223	343,150491148538
6717	957,277075491114	382,408689171952	1	1042,72292450889	382,408689171952
6748	951,567603431025	377,620865413772	1	1048,43239656898	377,620865413772
6767	977,385931987302	387,861170060733	1	1022,6140680127	387,861170060733
6811	990,606357768135	399,112832562726	1	1009,39364223186	399,112832562726
6840	1007,42898645423	438,855550322218	1	992,571013545769	438,855550322218
6869	1012,07244398842	432,93525591515	1	987,927556011577	432,93525591515
6871	1008,55038360325	427,823234830962	1	991,449616396746	427,823234830962
6886	976,983267018331	419,10732291341	1	1023,01673298167	419,10732291341
6909	943,465720287347	425,201641866327	1	1056,53427971265	425,201641866327
6911	941,221912894536	423,357584889175	1	1058,77808710546	423,357584889175
6935	936,3420936512	419,178339526833	1	1063,6579063488	419,178339526833
6954	924,175770743352	411,467247485014	1	1075,82422925665	411,467247485014
6984	922,405372033412	421,504647592942	1	1077,59462796659	421,504647592942
6996	932,400997944301	435,282762914434	1	1067,5990020557	435,282762914434
7016	940,444551992594	441,910241946419	1	1059,55544800741	441,910241946419
7033	928,946424270465	444,521714150821	1	1071,05357572954	444,521714150821
7040	931,980185741065	440,167543199356	1	1068,01981425893	440,167543199356
7049	927,989872733657	441,590946651347	1	1072,01012726634	441,590946651347
7068	931,44233654458	442,511375379983	1	1068,55766345542	442,511375379983
7085	937,676464068314	445,743132886556	1	1062,32353593169	445,743132886556
7106	939,013339500656	446,959552245745	1	1060,98666049934	446,959552245745
7125	941,456231363857	440,965936311126	1	1058,54376863614	440,965936311126
7143	933,641118070448	440,417434977877	1	1066,35888192955	440,417434977877
7154	932,572561381341	430,637021778109	1	1067,42743861866	430,637021778109
7175	921,952700119126	415,998043078812	1	1078,04729988087	415,998043078812
7211	915,831722427135	423,640109851838	1	1084,16827757287	423,640109851838
7226	914,259909071349	426,221509538912	1	1085,74009092865	426,221509538912
7275	985,887833323927	504,103529140476	1	1014,11216667607	504,103529140476
7316	964,996080062373	512,712309497081	1	1035,00391993763	512,712309497081
7324	956,335004300561	580,831383666753	1	1043,66499569944	580,831383666753
7335	991,393591200447	600,211647111441	1	1008,60640879955	600,211647111441
7337	975,672998719496	607,914896997426	1	1024,3270012805	607,914896997426
7339	988,173173196634	602,582975535402	1	1011,82682680337	602,582975535402
7354	996,883644114479	620,634400751084	1	1003,11635588552	620,634400751084
7372	1004,97002241539	639,450606133946	1	995,029977584615	639,450606133946
7387	1001,13952196644	645,735086806282	1	998,860478033555	645,735086806282
7415	898,393566522438	685,203480719146	1	1101,60643347756	685,203480719146
7424	905,127496244541	700,172499759631	1	1094,87250375546	700,172499759631
7442	926,854374773996	694,641242481035	1	1073,145625226	694,641242481035
7458	905,577360812217	702,625432480674	1	1094,42263918778	702,625432480674
7475	899,505022231003	690,027121178592	1	1100,494977769	690,027121178592
7494	957,109650501505	657,327965945676	1	1042,8903494985	657,327965945676
7497	949,990128091177	646,762315493556	1	1050,00987190882	646,762315493556
7516	920,796555269606	654,588837267027	1	1079,20344473039	654,588837267027
7545	928,196556185664	654,699446416698	1	1071,80344381434	654,699446416698
7564	955,99711624398	656,281775326445	1	1044,00288375602	656,281775326445
7576	980,756058866796	660,860333506629	1	1019,2439411332	660,860333506629
7590	940,553637800465	658,806366532832	1	1059,44636219953	658,806366532832
7606	940,507147167512	658,226157590473	1	1059,49285283249	658,226157590473
7635	931,0608017465	685,86416339337	1	1068,9391982535	685,86416339337
7653	936,954338416457	695,190119230052	1	1063,04566158354	695,190119230052
7666	964,349368685237	686,70551118869	1	1035,65063131476	686,70551118869
7679	969,645967071637	686,685919862518	1	1030,35403292836	686,685919862518
7721	955,864825674578	699,261189057504	1	1044,13517432542	699,261189057504
7753	911,470190061675	717,176577702587	1	1088,52980993833	717,176577702587
7776	850,553083852982	722,718013213768	1	1149,44691614702	722,718013213768
7809	837,032354416877	718,473043048383	1	1162,96764558312	718,473043048383
7819	898,038918389416	723,791311128847	1	1101,96108161058	723,791311128847
7835	857,020781402928	724,119430441478	1	1142,97921859707	724,119430441478
7838	873,496012338989	728,145514549307	1	1126,50398766101	728,145514549307
7857	935,139698512604	735,131830162968	1	1064,8603014874	735,131830162968
7875	934,176604901743	734,736323309806	1	1065,82339509826	734,736323309806
7905	934,502756069168	730,904731310383	1	1065,49724393083	730,904731310383
7920	938,467415382964	728,393589048961	1	1061,53258461704	728,393589048961
7936	935,406528479698	732,384433653694	1	1064,5934715203	732,384433653694
7961	985,193594931639	703,000699251053	1	1014,80640506836	703,000699251053
7977	997,651945157899	696,442344610012	1	1002,3480548421	696,442344610012
7989	987,385216894939	708,853444282577	1	1012,61478310506	708,853444282577
7991	988,496468765749	697,552663904912	1	1011,50353123425	697,552663904912
8016	991,385368499486	687,92217590418	1	1008,61463150051	687,92217590418
8033	940,895384471861	670,256972256853	1	1059,10461552814	670,256972256853
8035	920,023888163823	700,865290155304	1	1079,97611183618	700,865290155304
8050	908,861735659634	666,615916299479	1	1091,13826434037	666,615916299479
8079	854,487095753243	549,289445212318	1	1145,51290424676	549,289445212318
8086	864,587590129606	596,255540718047	1	1135,41240987039	596,255540718047
8108	869,090580309287	611,158646752262	1	1130,90941969071	611,158646752262
8124	867,412009569888	608,606164436734	1	1132,58799043011	608,606164436734
8129	842,637259744421	632,190304930798	1	1157,36274025558	632,190304930798
8158	828,772476401899	616,423610002339	1	1171,2275235981	616,423610002339
8170	818,045129034417	574,263039095598	1	1181,95487096558	574,263039095598
8187	805,261425682171	501,943303030934	1	1194,73857431783	501,943303030934
8199	781,104127758686	505,515158811598	1	1218,89587224131	505,515158811598
8219	777,914377746713	501,24453938031	1	1222,08562225329	501,24453938031
8236	802,407595087227	500,573784794908	1	1197,59240491277	500,573784794908
8268	804,127000369834	528,612141386657	1	1195,87299963017	528,612141386657
8282	800,684654864332	519,465446771477	1	1199,31534513567	519,465446771477
8286	825,442101278976	520,589326421516	1	1174,55789872102	520,589326421516
8303	821,971805988301	517,462722492201	1	1178,0281940117	517,462722492201
8330	828,265091540374	513,201413211489	1	1171,73490845963	513,201413211489
8340	829,546657732018	501,074691562116	1	1170,45334226798	501,074691562116
8358	807,714428196588	488,05441086468	1	1192,28557180341	488,05441086468
8374	802,646827117893	479,403874810607	1	1197,35317288211	479,403874810607
8391	805,035963677722	485,537991660573	1	1194,96403632228	485,537991660573
8396	807,955656518645	485,73478803827	1	1192,04434348136	485,73478803827
8413	808,914444743928	486,540624078778	1	1191,08555525607	486,540624078778
8430	806,097793228861	485,375813306547	1	1193,90220677114	485,375813306547
8461	805,846702582432	472,799001308029	1	1194,15329741757	472,799001308029
8477	805,650700854448	475,191913046018	1	1194,34929914555	475,191913046018
8484	801,796461777445	479,786645302718	1	1198,20353822255	479,786645302718
8503	799,060490306489	483,521848565479	1	1200,93950969351	483,521848565479
8519	798,896409154185	486,337854197864	1	1201,10359084581	486,337854197864
8536	803,549536217673	496,467141513313	1	1196,45046378233	496,467141513313
8555	812,498114222434	509,583511035543	1	1187,50188577757	509,583511035543
8566	813,591380045472	502,144447961414	1	1186,40861995453	502,144447961414
8585	839,031667834848	494,369419660384	1	1160,96833216515	494,369419660384
8614	818,39515099954	508,167394462699	1	1181,60484900046	508,167394462699
8623	821,042489051637	504,314689065941	1	1178,95751094836	504,314689065941
8639	815,103557255793	497,132700328778	1	1184,89644274421	497,132700328778
8656	805,873337722786	493,053382986093	1	1194,12666227721	493,053382986093
8672	809,494631770633	488,808531440982	1	1190,50536822937	488,808531440982
8687	817,735843973957	494,513901753546	1	1182,26415602604	494,513901753546
8712	799,49402186493	509,830510922523	1	1200,50597813507	509,830510922523
8729	789,894234744742	509,104019073677	1	1210,10576525526	509,104019073677
8736	762,535007509873	539,885139848041	1	1237,46499249013	539,885139848041
8785	745,292365048869	542,568239502094	1	1254,70763495113	542,568239502094
8790	734,482171015025	539,471472347793	1	1265,51782898498	539,471472347793
8796	698,472170244499	516,000653178579	1	1301,5278297555	516,000653178579
8819	522,5513267145	423,435453550947	1	1477,4486732855	423,435453550947
8845	503,027836613994	400,463966576082	1	1496,97216338601	400,463966576082
8854	435,048491191261	429,358890753464	1	1564,95150880874	429,358890753464
8870	390,990493393132	442,6057054381	1	1609,00950660687	442,6057054381
8877	342,515431051123	467,583279716319	1	1657,48456894888	467,583279716319
8904	332,516628787775	480,023980976189	1	1667,48337121223	480,023980976189
8924	320,875103559414	497,647048944503	1	1679,12489644059	497,647048944503
8953	295,155498421362	490,59275084663	1	1704,84450157864	490,59275084663
8973	293,337133585501	493,371914593029	1	1706,6628664145	493,371914593029
8999	266,184621467888	460,239435672696	1	1733,81537853211	460,239435672696
9017	286,079714558923	473,063143564901	1	1713,92028544108	473,063143564901
9059	276,067934038367	447,904494984009	1	1723,93206596163	447,904494984009
9086	239,805166283168	382,302837987254	1	1760,19483371683	382,302837987254
9114	259,407610989406	420,244463268564	1	1740,59238901059	420,244463268564
9121	306,208461905885	485,741882377303	1	1693,79153809412	485,741882377303
9139	335,941967272916	534,511445627377	1	1664,05803272708	534,511445627377
9160	314,806669107195	503,01047747618	1	1685,1933308928	503,01047747618
9170	335,437297021999	527,030557771375	1	1664,562702978	527,030557771375
9186	343,679205195695	531,204166623298	1	1656,3207948043	531,204166623298
9229	312,993686607004	494,10402197902	1	1687,006313393	494,10402197902
9240	337,484166385375	518,469411353387	1	1662,51583361463	518,469411353387
9249	348,350509322058	531,319239348543	1	1651,64949067794	531,319239348543
9265	236,390262728496	426,28311815604	1	1763,6097372715	426,28311815604
9281	258,399454795166	455,507524291771	1	1741,60054520483	455,507524291771
9296	276,324833144032	477,467866726635	1	1723,67516685597	477,467866726635
9312	242,170382168366	437,454391077333	1	1757,82961783163	437,454391077333
9330	275,804024618273	495,473245891191	1	1724,19597538173	495,473245891191
9363	270,659025481439	500,997386319146	1	1729,34097451856	500,997386319146
9379	261,721238697014	471,903069222743	1	1738,27876130299	471,903069222743
9384	289,341766649046	501,827242373825	1	1710,65823335095	501,827242373825
9405	291,765107061574	512,949358121747	1	1708,23489293843	512,949358121747
9417	276,377257029665	471,483619871752	1	1723,62274297034	471,483619871752
9435	326,549614046023	497,177963024831	1	1673,45038595398	497,177963024831
9451	306,77997074374	489,469279613564	1	1693,22002925626	489,469279613564
9469	300,411349290765	487,54424969088	1	1699,58865070924	487,54424969088
9484	314,535699569047	496,933180245201	1	1685,46430043095	496,933180245201
9508	297,947455853508	451,615790119212	1	1702,05254414649	451,615790119212
9537	244,032644430276	503,97531157428	1	1755,96735556972	503,97531157428
9565	244,267446701582	504,845397973303	1	1755,73255329842	504,845397973303
9589	189,97643724489	472,433603585061	1	1810,02356275511	472,433603585061
9597	239,248290054014	471,110414355664	1	1760,75170994599	471,110414355664
9629	232,025847478951	456,881190518323	1	1767,97415252105	456,881190518323
9678	190,746994951717	417,457070739961	1	1809,25300504828	417,457070739961
9700	199,934480876527	420,782872245275	1	1800,06551912347	420,782872245275
9722	212,642120784149	409,053814508596	1	1787,35787921585	409,053814508596
9738	355,762524226585	490,449514791365	1	1644,23747577342	490,449514791365
9765	298,245641374961	464,516513619862	1	1701,75435862504	464,516513619862
9783	258,857199226662	404,474242675414	1	1741,14280077334	404,474242675414
9809	241,510052847585	394,984304336259	1	1758,48994715242	394,984304336259
9836	268,973761590594	383,281432076027	1	1731,02623840941	383,281432076027
9854	300,271108065987	354,619598731899	1	1699,72889193401	354,619598731899
9868	421,857358312493	370,115509183424	1	1578,14264168751	370,115509183424
9892	567,075667651246	410,162736236984	1	1432,92433234875	410,162736236984
9909	581,543042204989	414,405251320389	1	1418,45695779501	414,405251320389
9927	619,782071233778	431,108909360186	1	1380,21792876622	431,108909360186
9975	604,368002964388	453,132869113831	1	1395,63199703561	453,132869113831
9989	596,282500617624	458,792312020957	1	1403,71749938238	458,792312020957
10008	584,43038243391	441,09118477251	1	1415,56961756609	441,09118477251
10015	609,240990862969	490,204603392832	1	1390,75900913703	490,204603392832
10039	610,799160378629	493,194513112237	1	1389,20083962137	493,194513112237
10058	606,33196510699	484,68645099592	1	1393,66803489301	484,68645099592
