2	846,354834494053	480,079559708868	1	1153,64516550595	480,079559708868
20	830,922150783319	493,115097479006	1	1169,07784921668	493,115097479006
45	811,469155837282	525,00946141226	1	1188,53084416272	525,00946141226
55	811,515363667511	537,061375016991	1	1188,48463633249	537,061375016991
75	803,866749695653	548,754442898857	1	1196,13325030435	548,754442898857
92	805,308762898788	548,511609871024	1	1194,69123710121	548,511609871024
112	806,762572291786	539,885801942002	1	1193,23742770821	539,885801942002
130	818,9225557958	532,442199294509	1	1181,0774442042	532,442199294509
137	821,732558672544	529,699783797269	1	1178,26744132746	529,699783797269
143	818,908390669384	539,704372031094	1	1181,09160933062	539,704372031094
165	818,132714725089	543,944366090111	1	1181,86728527491	543,944366090111
179	818,827008275061	546,743600931034	1	1181,17299172494	546,743600931034
194	819,111069411748	547,134587373779	1	1180,88893058825	547,134587373779
228	824,412069793346	559,512928301515	1	1175,58793020665	559,512928301515
234	825,421899330253	560,034959595135	1	1174,57810066975	560,034959595135
256	828,132988248	564,428792126236	1	1171,867011752	564,428792126236
268	826,591834708079	563,273243468311	1	1173,40816529192	563,273243468311
279	816,153184535869	555,117398723574	1	1183,84681546413	555,117398723574
309	814,300020634661	554,15638171402	1	1185,69997936534	554,15638171402
316	808,880357803956	541,282432009192	1	1191,11964219604	541,282432009192
328	808,927504325404	540,731623853225	1	1191,0724956746	540,731623853225
348	812,762043742047	545,735102504007	1	1187,23795625795	545,735102504007
368	815,545338736187	552,883457883126	1	1184,45466126381	552,883457883126
389	814,506819997527	547,900607321654	1	1185,49318000247	547,900607321654
409	822,092529706341	556,647492110361	1	1177,90747029366	556,647492110361
417	796,057622160137	548,149849910971	1	1203,94237783986	548,149849910971
434	792,836923227049	550,878666418576	1	1207,16307677295	550,878666418576
449	745,255886753357	550,952800497772	1	1254,74411324664	550,952800497772
469	724,838423093195	567,606741820211	1	1275,1615769068	567,606741820211
505	728,815734913571	576,61659723027	1	1271,18426508643	576,61659723027
508	700,752637554151	607,90358634359	1	1299,24736244585	607,90358634359
532	695,79171613916	622,631537180215	1	1304,20828386084	622,631537180215
547	703,497796072017	619,848042486545	1	1296,50220392798	619,848042486545
560	702,959472112531	618,414227147677	1	1297,04052788747	618,414227147677
575	681,489659624759	620,809369917041	1	1318,51034037524	620,809369917041
597	658,541073731806	601,459736873571	1	1341,45892626819	601,459736873571
604	669,567427060076	604,872626706823	1	1330,43257293992	604,872626706823
624	655,84014012717	597,50291551678	1	1344,15985987283	597,50291551678
639	658,580893581449	598,450017411212	1	1341,41910641855	598,450017411212
642	664,338782210691	601,001784968596	1	1335,66121778931	601,001784968596
676	666,615359489843	596,945326149853	1	1333,38464051016	596,945326149853
685	667,166650740662	596,958458409728	1	1332,83334925934	596,958458409728
702	670,136006739202	598,373644478008	1	1329,8639932608	598,373644478008
718	653,71078740547	593,448922801324	1	1346,28921259453	593,448922801324
734	664,268290721344	597,310102357558	1	1335,73170927866	597,310102357558
749	670,634070214434	599,132444502655	1	1329,36592978557	599,132444502655
767	671,49382055697	587,976782571404	1	1328,50617944303	587,976782571404
775	661,918867203846	538,436927431959	1	1338,08113279615	538,436927431959
793	721,62190128094	461,679406062191	1	1278,37809871906	461,679406062191
819	825,788147164999	296,645054278615	1	1174,211852835	296,645054278615
2043	1185,70955640676	543,422955242262	1	814,290443593244	543,422955242262
2761	748,380563482883	307,826480762559	1	1251,61943651712	307,826480762559
2789	780,875873257041	342,071107312886	1	1219,12412674296	342,071107312886
2816	780,875873257041	342,071107312886	1	1219,12412674296	342,071107312886
2835	927,633445398573	314,148861734189	1	1072,36655460143	314,148861734189
2875	1002,03126934412	689,626532618739	1	997,968730655877	689,626532618739
2891	1079,55320825315	506,155339222026	1	920,446791746851	506,155339222026
2919	1102,14533956279	465,008721086405	1	897,854660437214	465,008721086405
2935	1053,14765031245	514,254231207175	1	946,852349687551	514,254231207175
2938	1019,56348334937	469,363474238921	1	980,436516650632	469,363474238921
2961	1024,11334600899	400,753511232147	1	975,88665399101	400,753511232147
2978	965,89148284832	431,740649044787	1	1034,10851715168	431,740649044787
2981	951,809706176271	425,465252967262	1	1048,19029382373	425,465252967262
3012	970,982623162346	453,46443527008	1	1029,01737683765	453,46443527008
3026	965,609399954068	449,850510625597	1	1034,39060004593	449,850510625597
3046	957,716518057484	454,741187373361	1	1042,28348194252	454,741187373361
3073	957,161777848486	458,796640928308	1	1042,83822215151	458,796640928308
3099	981,137635141529	513,212157171549	1	1018,86236485847	513,212157171549
3112	972,679069937384	506,457781544899	1	1027,32093006262	506,457781544899
3133	957,296619935379	505,919633694208	1	1042,70338006462	505,919633694208
3147	967,415828443016	498,75492325964	1	1032,58417155698	498,75492325964
3159	968,748193209905	496,221697985545	1	1031,25180679009	496,221697985545
3174	932,979043072971	519,27621307173	1	1067,02095692703	519,27621307173
3199	924,79453324446	500,923299121405	1	1075,20546675554	500,923299121405
3222	923,159085313891	504,4321033556	1	1076,84091468611	504,4321033556
3250	894,771073635181	582,246386697888	1	1105,22892636482	582,246386697888
3252	887,316844266913	613,679269252066	1	1112,68315573309	613,679269252066
3271	874,286521249835	648,577400022999	1	1125,71347875017	648,577400022999
3297	869,278210101067	671,696646694925	1	1130,72178989893	671,696646694925
3313	855,346626806876	712,532620997549	1	1144,65337319312	712,532620997549
3335	871,501461322553	726,323756952667	1	1128,49853867745	726,323756952667
3342	863,230965834319	723,906113711331	1	1136,76903416568	723,906113711331
3376	867,521767156196	740,398822064981	1	1132,4782328438	740,398822064981
3416	864,828981811662	736,220032821493	1	1135,17101818834	736,220032821493
3423	863,715661459679	740,378609773883	1	1136,28433854032	740,378609773883
3427	857,884955509215	745,62259563705	1	1142,11504449079	745,62259563705
3432	856,344778938177	730,36886754326	1	1143,65522106182	730,36886754326
3454	844,887240884994	736,83391283659	1	1155,11275911501	736,83391283659
3476	844,565483241559	732,1127848304	1	1155,43451675844	732,1127848304
3492	844,206167252714	736,003824438972	1	1155,79383274729	736,003824438972
3498	841,691531254332	733,865088977973	1	1158,30846874567	733,865088977973
3524	840,318257872835	735,619107809828	1	1159,68174212717	735,619107809828
3541	829,615468733293	746,505554656585	1	1170,38453126671	746,505554656585
3555	801,77167526847	758,926199247691	1	1198,22832473153	758,926199247691
3563	789,544510129147	746,50250099037	1	1210,45548987085	746,50250099037
3580	749,246078525365	722,064635970815	1	1250,75392147464	722,064635970815
3600	742,858318799615	718,474215371028	1	1257,14168120038	718,474215371028
3617	739,680410690883	715,264886930632	1	1260,31958930912	715,264886930632
3637	745,842048181277	734,788774175284	1	1254,15795181872	734,788774175284
3644	742,43744912298	732,193767245177	1	1257,56255087702	732,193767245177
3679	753,908349611908	758,578900412728	1	1246,09165038809	758,578900412728
3705	754,705698645505	752,727894272887	1	1245,2943013545	752,727894272887
3733	677,674290327696	703,800426703262	1	1322,3257096723	703,800426703262
3748	631,758737184884	695,109524783711	1	1368,24126281512	695,109524783711
3764	565,8265495839	671,938572583576	1	1434,1734504161	671,938572583576
3790	460,150801339331	640,359673175459	1	1539,84919866067	640,359673175459
3798	247,516443800515	556,40267832512	1	1752,48355619949	556,40267832512
3822	220,484470404791	551,071968771988	1	1779,51552959521	551,071968771988
3843	231,826879071985	562,652756012705	1	1768,17312092801	562,652756012705
3852	241,929980695698	565,777489623312	1	1758,0700193043	565,777489623312
3874	249,491457774321	569,085763324419	1	1750,50854222568	569,085763324419
3902	241,990285980135	555,287482148694	1	1758,00971401986	555,287482148694
3909	246,277330211244	551,777614024179	1	1753,72266978876	551,777614024179
3912	249,001595752002	554,558306599808	1	1750,998404248	554,558306599808
3932	267,92718979158	581,334136229511	1	1732,07281020842	581,334136229511
3943	267,096869042484	579,486585889937	1	1732,90313095752	579,486585889937
3973	303,739388950944	616,893358226003	1	1696,26061104906	616,893358226003
3990	295,369208306876	609,408876821938	1	1704,63079169312	609,408876821938
4005	288,698332867984	608,024356911147	1	1711,30166713202	608,024356911147
4021	278,987712610329	602,974490633826	1	1721,01228738967	602,974490633826
4030	274,472589984112	597,593430866974	1	1725,52741001589	597,593430866974
4057	273,666558172819	597,695484460046	1	1726,33344182718	597,695484460046
4075	255,88408412785	574,970082280414	1	1744,11591587215	574,970082280414
4091	221,230731949239	524,957807465162	1	1778,76926805076	524,957807465162
4136	201,166910743872	482,922918329944	1	1798,83308925613	482,922918329944
4148	200,611703555122	482,749104905777	1	1799,38829644488	482,749104905777
4183	197,083108348079	484,558865426609	1	1802,91689165192	484,558865426609
4197	214,082159325461	511,331503155654	1	1785,91784067454	511,331503155654
4234	212,690595276744	504,074389185596	1	1787,30940472326	504,074389185596
4247	213,612742119346	502,207352218223	1	1786,38725788065	502,207352218223
4277	195,840142277448	481,941493863451	1	1804,15985772255	481,941493863451
4283	186,742475676444	474,892715183945	1	1813,25752432356	474,892715183945
4316	-26,5374101477642	467,557270055434	0			2026,53741014776	467,557270055434
4337	-20,8533565235102	485,51753092577	0			2020,85335652351	485,51753092577
4348	-30,9761681058708	519,174268833209	0			2030,97616810587	519,174268833209
4363	-51,5682937292772	480,966306608729	0			2051,56829372928	480,966306608729
4381	-59,7111920859884	465,078074046392	0			2059,71119208599	465,078074046392
4422	-59,9189534471763	458,120791421478	0			2059,91895344718	458,120791421478
4450	-80,364663647954	381,079717432866	0			2080,36466364795	381,079717432866
4462	-80,4697962127122	380,259272856654	0			2080,46979621271	380,259272856654
4498	-80,7859801801143	378,306961894327	0			2080,78598018011	378,306961894327
4508	-93,7739250029011	398,44154074791	0			2093,7739250029	398,44154074791
4543	-97,2535415978639	415,200075573498	0			2097,25354159786	415,200075573498
4576	-116,797960757293	399,533859194227	0			2116,79796075729	399,533859194227
4589	-105,320091381517	408,932334365561	0			2105,32009138152	408,932334365561
4597	-71,490598593882	487,513728947311	0			2071,49059859388	487,513728947311
4617	-78,1013807573723	471,654084243772	0			2078,10138075737	471,654084243772
4631	-73,3776663226401	416,735202961695	0			2073,37766632264	416,735202961695
4644	-54,6309602708212	408,704345965178	0			2054,63096027082	408,704345965178
4664	19,3228269335529	426,504010565701	0			1980,67717306645	426,504010565701
4675	176,548655918521	430,394416038637	1	1823,45134408148	430,394416038637
4695	280,980318372544	444,494988523004	1	1719,01968162746	444,494988523004
4726	357,979961734723	457,432117221682	1	1642,02003826528	457,432117221682
4738	443,884519737217	488,755476345708	1	1556,11548026278	488,755476345708
4767	582,286909332516	530,406041170083	1	1417,71309066748	530,406041170083
4780	589,404933769764	526,173923745653	1	1410,59506623024	526,173923745653
4813	628,553466602549	558,460785357981	1	1371,44653339745	558,460785357981
4832	624,078086699348	550,669752745272	1	1375,92191330065	550,669752745272
4842	618,882026594029	541,923247075912	1	1381,11797340597	541,923247075912
4845	599,804483111541	525,749264199531	1	1400,19551688846	525,749264199531
4872	571,890224904139	483,280060776962	1	1428,10977509586	483,280060776962
4895	578,079565523805	495,797684302755	1	1421,9204344762	495,797684302755
4917	568,353764720662	478,200749234671	1	1431,64623527934	478,200749234671
4937	594,49528750722	508,147650784307	1	1405,50471249278	508,147650784307
4966	631,262512338055	524,179332631358	1	1368,73748766194	524,179332631358
4983	729,847996530823	512,810431177808	1	1270,15200346918	512,810431177808
4986	858,588088048431	483,681229711283	1	1141,41191195157	483,681229711283
5004	870,353817080367	482,115852298565	1	1129,64618291963	482,115852298565
5022	836,181114158295	470,69658674445	1	1163,8188858417	470,69658674445
5044	833,507826724252	476,265784138276	1	1166,49217327575	476,265784138276
5055	981,518049548308	468,606691922854	1	1018,48195045169	468,606691922854
5069	947,493401426474	456,860148405754	1	1052,50659857353	456,860148405754
5086	945,081585029438	458,011848123264	1	1054,91841497056	458,011848123264
5105	964,309465640224	461,749053750778	1	1035,69053435978	461,749053750778
5122	941,432359170071	445,323525994334	1	1058,56764082993	445,323525994334
5139	967,565691977373	445,93040569417	1	1032,43430802263	445,93040569417
5143	974,644265621754	448,808281584186	1	1025,35573437825	448,808281584186
5174	1020,37015463211	457,915446117104	1	979,629845367885	457,915446117104
5188	1029,10481547826	508,595813932758	1	970,895184521736	508,595813932758
5219	1058,42469139002	470,081860658687	1	941,575308609982	470,081860658687
5232	1050,72032316247	472,40691191269	1	949,279676837527	472,40691191269
5248	1046,24834915441	456,892988442823	1	953,751650845593	456,892988442823
5269	1041,90946090854	454,962575945587	1	958,090539091459	454,962575945587
5276	1037,44543558435	465,629727008769	1	962,554564415648	465,629727008769
5297	1004,17894424872	456,653876437279	1	995,821055751284	456,653876437279
5327	1010,97403583387	461,528506052883	1	989,025964166132	461,528506052883
5373	1026,14038437844	472,709775051879	1	973,859615621561	472,709775051879
5378	1031,40544712207	474,884469999921	1	968,594552877935	474,884469999921
5381	1031,74834141072	474,686083265496	1	968,251658589284	474,686083265496
5402	1044,38338182864	471,89563861312	1	955,616618171358	471,89563861312
5416	1045,02559139675	472,657884890365	1	954,974408603254	472,657884890365
5443	1036,42876255536	465,056360351954	1	963,571237444641	465,056360351954
5482	1030,2701311038	436,934232456737	1	969,729868896196	436,934232456737
5504	1029,92244710873	416,887470280933	1	970,07755289127	416,887470280933
5518	1031,83715135412	411,355816957345	1	968,162848645881	411,355816957345
5542	1028,4074789498	495,815416111416	1	971,592521050201	495,815416111416
5553	1028,79540462308	491,433041483855	1	971,204595376919	491,433041483855
5563	1027,31222589507	493,339723535029	1	972,687774104934	493,339723535029
5577	1030,68253828635	493,007081354748	1	969,31746171365	493,007081354748
5591	1035,30886960165	503,369853450335	1	964,691130398351	503,369853450335
5618	1025,68865722051	486,312586087855	1	974,311342779488	486,312586087855
5634	1032,97726200364	499,685372948331	1	967,022737996364	499,685372948331
5651	1030,23505120309	497,031515844452	1	969,764948796912	497,031515844452
5677	1047,1398617591	487,854800927209	1	952,860138240896	487,854800927209
5701	1040,08961578235	478,440126269585	1	959,910384217655	478,440126269585
5704	1035,59498223441	474,960064183072	1	964,405017765587	474,960064183072
5714	1028,91229360911	487,954708380039	1	971,087706390893	487,954708380039
5734	1030,48126251273	490,321598070004	1	969,518737487268	490,321598070004
5748	1047,11101234336	488,342773640436	1	952,888987656642	488,342773640436
5767	1043,40922021011	494,197015739507	1	956,590779789894	494,197015739507
5790	1081,08360983615	530,328842293302	1	918,91639016385	530,328842293302
5844	1079,17442172099	521,422550067445	1	920,825578279015	521,422550067445
5848	1075,33994548172	519,952255960105	1	924,660054518275	519,952255960105
5851	1093,59727401972	547,715840704571	1	906,402725980281	547,715840704571
5856	1070,3917956035	551,934650509589	1	929,6082043965	551,934650509589
5861	1044,62062190643	534,267416384369	1	955,37937809357	534,267416384369
5877	1057,18311034177	527,783302935633	1	942,816889658229	527,783302935633
5899	1046,6532249721	526,580282144703	1	953,346775027896	526,580282144703
5923	1059,09930210003	527,533920224769	1	940,900697899972	527,533920224769
5937	1063,36867915383	524,454816800354	1	936,63132084617	524,454816800354
5949	1063,81066138219	523,352220338507	1	936,189338617814	523,352220338507
5979	1054,83277304875	500,773508883627	1	945,167226951254	500,773508883627
5996	1057,65643257792	503,388754715386	1	942,343567422079	503,388754715386
6020	1080,65773220381	510,796223429348	1	919,342267796193	510,796223429348
6044	1073,60090058013	468,031898455148	1	926,399099419869	468,031898455148
6077	1087,64357879389	489,209102294083	1	912,356421206106	489,209102294083
6090	1059,74595770341	478,685535334452	1	940,254042296595	478,685535334452
6109	1072,42002822115	474,630992093785	1	927,57997177885	474,630992093785
6138	1051,72407130161	480,765130406173	1	948,27592869839	480,765130406173
6141	1036,24636292165	544,027992217242	1	963,753637078353	544,027992217242
6158	1031,90170229247	548,534013082009	1	968,098297707529	548,534013082009
6167	1032,23530944612	544,319501750336	1	967,764690553881	544,319501750336
6175	1033,04586204391	555,479369118683	1	966,954137956092	555,479369118683
6204	1035,15228757663	552,664040580096	1	964,84771242337	552,664040580096
6229	1041,58210877233	537,523851577458	1	958,417891227674	537,523851577458
6244	1047,46237869245	535,402507150812	1	952,53762130755	535,402507150812
6256	1050,24129762914	540,747958323158	1	949,75870237086	540,747958323158
6270	1049,94603183056	542,205105324842	1	950,053968169438	542,205105324842
6283	1051,39387307918	544,157553639319	1	948,606126920815	544,157553639319
6310	1049,40130183167	552,637082735311	1	950,598698168332	552,637082735311
6344	1051,98220890097	565,23594058354	1	948,017791099032	565,23594058354
6351	1056,60352193059	589,940795135922	1	943,396478069406	589,940795135922
6354	1059,74680901724	594,27304823977	1	940,253190982762	594,27304823977
6374	1061,65820490649	602,431855712733	1	938,341795093507	602,431855712733
6395	1063,64341887157	577,893281714635	1	936,356581128429	577,893281714635
6417	1063,52145323005	579,154989675184	1	936,478546769949	579,154989675184
6427	1060,68933319124	599,832480715624	1	939,310666808761	599,832480715624
6436	1061,34459747912	589,194367229838	1	938,655402520879	589,194367229838
6454	1061,92368380316	590,031818853706	1	938,076316196843	590,031818853706
6468	1061,4649694276	586,00327005779	1	938,535030572403	586,00327005779
6489	1060,16265186277	587,413332654717	1	939,83734813723	587,413332654717
6495	1052,16411993153	587,569673212321	1	947,835880068465	587,569673212321
6530	1049,36364944535	582,218165449915	1	950,636350554649	582,218165449915
6539	1045,13880564839	580,255445200097	1	954,861194351609	580,255445200097
6552	1037,48086098176	579,110431628762	1	962,519139018244	579,110431628762
6569	1035,71843610474	576,651219206925	1	964,281563895258	576,651219206925
6591	1036,08566458839	566,652819382275	1	963,914335411613	566,652819382275
6608	1036,17674591536	569,759408050914	1	963,823254084645	569,759408050914
6630	1038,01040776305	569,223220951986	1	961,989592236949	569,223220951986
6633	1040,54517977672	578,695700401071	1	959,454820223284	578,695700401071
6647	1040,81900444122	584,569943197005	1	959,180995558784	584,569943197005
6672	1043,35849124557	587,538406962223	1	956,641508754433	587,538406962223
6692	1041,49013989982	583,508494176672	1	958,509860100183	583,508494176672
6711	1040,05261989804	578,574177428546	1	959,94738010196	578,574177428546
6716	1041,97171496101	578,776602353617	1	958,028285038994	578,776602353617
6739	1044,13092734007	577,276201410199	1	955,869072659934	577,276201410199
6766	1046,70006069646	580,328928457507	1	953,299939303539	580,328928457507
6781	1038,313479254	579,357804817679	1	961,686520746	579,357804817679
6796	1043,42887839704	585,423450111482	1	956,571121602964	585,423450111482
6802	1046,06331952228	590,113588589437	1	953,936680477725	590,113588589437
6846	1050,04413150229	595,023537673756	1	949,955868497707	595,023537673756
6862	1050,10755260152	600,9663147062	1	949,892447398482	600,9663147062
6865	1048,46388740482	601,556620554364	1	951,536112595176	601,556620554364
6874	1045,07703326427	599,40659613695	1	954,922966735734	599,40659613695
6893	1044,03879998273	600,693952600884	1	955,961200017266	600,693952600884
6897	1044,22869300284	601,474646200902	1	955,771306997159	601,474646200902
6911	1052,86857958324	601,525188876724	1	947,131420416764	601,525188876724
6939	1049,99286722277	598,725641086031	1	950,007132777233	598,725641086031
6944	1061,79149274025	594,156495337557	1	938,208507259746	594,156495337557
6987	994,572433554352	624,278730224803	1	1005,42756644565	624,278730224803
6989	979,432165911951	635,859159790538	1	1020,56783408805	635,859159790538
7010	987,29025905865	612,094108942804	1	1012,70974094135	612,094108942804
7031	968,200605133583	623,659466068181	1	1031,79939486642	623,659466068181
7036	933,395271718244	658,561250019669	1	1066,60472828176	658,561250019669
7061	888,657662112707	678,292554575653	1	1111,34233788729	678,292554575653
7090	898,817211373868	678,910086655227	1	1101,18278862613	678,910086655227
7122	866,583463697482	684,090136609394	1	1133,41653630252	684,090136609394
7137	861,519686367745	683,17991414694	1	1138,48031363226	683,17991414694
7162	857,287965376112	688,274171365115	1	1142,71203462389	688,274171365115
7166	855,454826734043	693,241158999109	1	1144,54517326596	693,241158999109
7181	862,572690771406	690,635967284422	1	1137,42730922859	690,635967284422
7210	864,861967471509	694,095666327118	1	1135,13803252849	694,095666327118
7233	872,515363908763	693,562258072774	1	1127,48463609124	693,562258072774
7263	877,96544675143	703,732404471461	1	1122,03455324857	703,732404471461
7310	858,873272574258	722,043369655346	1	1141,12672742574	722,043369655346
7326	861,65603064177	717,586709845597	1	1138,34396935823	717,586709845597
7331	854,684429548056	726,405576185237	1	1145,31557045194	726,405576185237
7335	841,150982520123	722,70560032236	1	1158,84901747988	722,70560032236
7344	840,681649378759	724,993198083859	1	1159,31835062124	724,993198083859
7346	817,585511051866	747,64156049395	1	1182,41448894813	747,64156049395
7363	818,733368683891	766,417464544973	1	1181,26663131611	766,417464544973
7381	817,652459374853	757,475407042897	1	1182,34754062515	757,475407042897
7399	811,012949755587	752,976422075107	1	1188,98705024441	752,976422075107
7429	801,232296776656	767,541500182985	1	1198,76770322334	767,541500182985
7446	801,705181663147	761,271522190258	1	1198,29481833685	761,271522190258
7460	801,473182536399	754,383307600845	1	1198,5268174636	754,383307600845
7476	802,858730371176	758,523792287545	1	1197,14126962882	758,523792287545
7479	801,413552552251	754,325967978154	1	1198,58644744775	754,325967978154
7507	801,976842849606	788,095157037861	1	1198,02315715039	788,095157037861
7523	800,606864115769	786,511814174108	1	1199,39313588423	786,511814174108
7526	802,057128684851	782,705175804553	1	1197,94287131515	782,705175804553
7542	816,694382799898	757,298578982799	1	1183,3056172001	757,298578982799
7572	809,644427657111	772,285680255197	1	1190,35557234289	772,285680255197
7602	811,272027563029	773,682143884119	1	1188,72797243697	773,682143884119
7618	817,017678915273	762,146671857663	1	1182,98232108473	762,146671857663
7634	813,377882165151	764,992645066954	1	1186,62211783485	764,992645066954
7637	815,307806552222	792,474284619582	1	1184,69219344778	792,474284619582
7651	815,954618606248	796,73384164492	1	1184,04538139375	796,73384164492
7657	811,013983664689	788,959269881022	1	1188,98601633531	788,959269881022
7677	819,312822201316	799,916585477837	1	1180,68717779868	799,916585477837
7692	818,876444236402	796,479768393676	1	1181,1235557636	796,479768393676
7737	816,724657345992	788,021802507103	1	1183,27534265401	788,021802507103
7763	806,334406545697	773,419932925756	1	1193,6655934543	773,419932925756
7779	810,312217834573	772,857373894801	1	1189,68778216543	772,857373894801
7781	816,880198082128	789,579426349014	1	1183,11980191787	789,579426349014
7787	820,09098082776	817,338101831415	1	1179,90901917224	817,338101831415
7806	821,359076212703	795,200665968677	1	1178,6409237873	795,200665968677
7818	823,555005505605	793,051001391253	1	1176,4449944944	793,051001391253
7835	824,547679643732	793,036569373959	1	1175,45232035627	793,036569373959
7845	828,554267368448	811,341969235893	1	1171,44573263155	811,341969235893
7873	834,104438916943	878,888750051801	1	1165,89556108306	878,888750051801
7893	841,272415474072	948,36921343851	1	1158,72758452593	948,36921343851
7909	843,818285142058	982,158407324659	0			1156,18171485794	982,158407324659
7932	841,538478094715	975,680809390472	0			1158,46152190528	975,680809390472
7935	824,89834037184	972,152135896159	0			1175,10165962816	972,152135896159
7946	820,64190662352	1001,46312179767	0			1179,35809337648	1001,46312179767
7968	807,390714030713	998,946786198695	0			1192,60928596929	998,946786198695
7976	799,042034110407	988,187796379058	0			1200,95796588959	988,187796379058
7996	816,566094694696	1001,36229239164	0			1183,4339053053	1001,36229239164
8351	719,321681149183	1025,03430689086	0			1280,67831885082	1025,03430689086
8368	882,4462890625	825,080887150678	1	1117,5537109375	825,080887150678
8398	825,649446019517	875,759942279199	1	1174,35055398048	875,759942279199
8410	798,226448829848	894,32960448622	1	1201,77355117015	894,32960448622
8430	791,588643410787	891,377804170216	1	1208,41135658921	891,377804170216
8442	806,516577315412	871,099316759627	1	1193,48342268459	871,099316759627
8469	793,123800537836	878,337006627397	1	1206,87619946216	878,337006627397
8487	795,808650629061	875,297507855338	1	1204,19134937094	875,297507855338
8507	803,147899450611	869,199133837953	1	1196,85210054939	869,199133837953
8516	825,69560679579	857,491267174044	1	1174,30439320421	857,491267174044
8545	871,239447936525	861,687409288159	1	1128,76055206347	861,687409288159
8567	902,544744948206	847,317224643479	1	1097,45525505179	847,317224643479
8577	901,8829945325	845,586597210091	1	1098,1170054675	845,586597210091
8581	895,693367148959	838,582647902906	1	1104,30663285104	838,582647902906
8591	892,055965115566	822,683829674995	1	1107,94403488443	822,683829674995
8623	889,115343635728	825,642075629437	1	1110,88465636427	825,642075629437
8663	890,549927800498	821,161008330677	1	1109,4500721995	821,161008330677
8679	898,105948534947	815,421182494215	1	1101,89405146505	815,421182494215
8685	901,053185086825	806,253905112913	1	1098,94681491317	806,253905112913
8701	873,546961461521	767,754990361689	1	1126,45303853848	767,754990361689
8703	876,030244002315	770,862424088429	1	1123,96975599769	770,862424088429
8713	934,945076002847	727,326448362536	1	1065,05492399715	727,326448362536
8732	959,746635429191	714,443972517506	1	1040,25336457081	714,443972517506
8746	967,049521887025	705,89879936679	1	1032,95047811297	705,89879936679
8771	1015,60606700017	718,166095379104	1	984,393932999834	718,166095379104
8787	1016,90526366823	710,300867317853	1	983,094736331775	710,300867317853
8801	1016,98198346173	710,839002159481	1	983,018016538266	710,839002159481
8817	1016,69507815582	710,171622663446	1	983,30492184418	710,171622663446
8833	994,176334071438	688,493238632497	1	1005,82366592856	688,493238632497
8854	993,70242406431	682,336900165157	1	1006,29757593569	682,336900165157
8871	992,330821463857	676,339338586125	1	1007,66917853614	676,339338586125
8886	992,078810657884	672,654831189106	1	1007,92118934212	672,654831189106
8892	975,646257618033	675,200673234138	1	1024,35374238197	675,200673234138
8927	993,286425483969	658,39516550566	1	1006,71357451603	658,39516550566
8949	991,631842840183	658,668561713126	1	1008,36815715982	658,668561713126
8977	986,336832662506	659,970142821421	1	1013,66316733749	659,970142821421
8985	993,06888829876	658,412079967307	1	1006,93111170124	658,412079967307
8990	1003,15487792635	661,554172683136	1	996,845122073651	661,554172683136
8998	1003,74757674694	668,503628324377	1	996,252423253059	668,503628324377
9013	997,456570377617	677,039658209944	1	1002,54342962238	677,039658209944
9035	993,455469057495	682,462881663351	1	1006,5445309425	682,462881663351
9051	998,980990430701	684,644667818713	1	1001,0190095693	684,644667818713
9073	990,183716746473	682,967746247929	1	1009,81628325353	682,967746247929
9086	990,606960716775	681,297467817098	1	1009,39303928322	681,297467817098
9100	989,790660376107	678,654456747365	1	1010,20933962389	678,654456747365
9134	991,505984648537	677,925316182531	1	1008,49401535146	677,925316182531
9165	993,216775926114	673,368620922857	1	1006,78322407389	673,368620922857
9198	994,907864099834	674,20320685395	1	1005,09213590017	674,20320685395
9207	1002,37706846643	666,345857115055	1	997,622931533565	666,345857115055
9209	1054,08171247806	616,815244571626	1	945,918287521943	616,815244571626
9228	1050,2119305294	619,855869126494	1	949,788069470603	619,855869126494
9250	1053,58415206325	616,688727444671	1	946,415847936746	616,688727444671
9268	1052,62201123515	608,319131320681	1	947,377988764851	608,319131320681
9278	1042,80345828018	598,780437886748	1	957,196541719824	598,780437886748
9282	1045,11841713118	601,176125634998	1	954,881582868819	601,176125634998
9299	1047,58238053702	602,42574130674	1	952,417619462978	602,42574130674
9315	1060,22001897676	601,696731391576	1	939,779981023237	601,696731391576
9328	1062,11122241368	602,41301897006	1	937,888777586319	602,41301897006
9350	1069,66542635319	603,426864837704	1	930,334573646812	603,426864837704
9369	1069,78677499027	606,865652579381	1	930,213225009727	606,865652579381
9393	1072,36227814071	600,146176755941	1	927,637721859289	600,146176755941
9405	1073,75468699985	599,577896200771	1	926,245313000152	599,577896200771
9417	1061,56190149553	575,373106427727	1	938,438098504469	575,373106427727
9450	1054,53480556107	562,820504114666	1	945,465194438929	562,820504114666
9463	1056,26245902804	558,139678364103	1	943,737540971956	558,139678364103
9475	1062,73844950576	530,758438863676	1	937,261550494243	530,758438863676
9480	1099,20005898783	500,121160455644	1	900,799941012167	500,121160455644
9499	1103,50214770025	495,817667696875	1	896,497852299752	495,817667696875
9525	1105,63927947492	489,534087797798	1	894,360720525079	489,534087797798
9540	1107,37466121709	488,496124563334	1	892,62533878291	488,496124563334
9555	1106,05861259303	494,182156629772	1	893,941387406968	494,182156629772
9572	1121,21562782975	486,212196323797	1	878,784372170247	486,212196323797
9585	1121,94513599419	491,814702112581	1	878,054864005813	491,814702112581
9596	1134,25318017465	470,522278603588	1	865,746819825349	470,522278603588
9623	1133,1347905693	474,759010871612	1	866,865209430699	474,759010871612
9657	1132,70666444243	475,922346494289	1	867,293335557573	475,922346494289
9661	1141,97684656741	471,935466881073	1	858,023153432594	471,935466881073
9676	1141,58710990504	472,449665466104	1	858,412890094961	472,449665466104
9689	1150,32647507999	468,337470894173	1	849,673524920007	468,337470894173
9701	1150,30398174192	460,403685118868	1	849,696018258082	460,403685118868
9723	1141,67545954343	451,599612787477	1	858,324540456571	451,599612787477
9746	1148,94830618588	441,480300397295	1	851,051693814121	441,480300397295
9763	1157,22544689818	421,786984702059	1	842,774553101818	421,786984702059
9790	1141,19590052618	420,182562972256	1	858,804099473818	420,182562972256
9837	1139,98557284446	412,802468654929	1	860,014427155538	412,802468654929
9860	1138,57041291352	418,361055785802	1	861,429587086483	418,361055785802
9885	1130,32976186613	404,472589665465	1	869,670238133874	404,472589665465
9897	1128,71373477612	401,800376905127	1	871,286265223882	401,800376905127
9911	1128,11426700323	404,851898709201	1	871,885732996775	404,851898709201
9931	1122,66455892341	402,213967810759	1	877,335441076591	402,213967810759
9944	1123,25832348977	398,376448356516	1	876,741676510225	398,376448356516
9976	1125,02497259304	370,263795209774	1	874,975027406961	370,263795209774
9993	1112,57537367743	382,763723462	1	887,424626322569	382,763723462
10013	1095,94572515589	398,027017177918	1	904,054274844111	398,027017177918
10037	1068,10233482441	416,879476791516	1	931,897665175588	416,879476791516
10039	1082,92252744148	458,108422208311	1	917,077472558522	458,108422208311
10043	1084,23045743424	437,8420717527	1	915,769542565762	437,8420717527
10064	1099,00444176878	401,329142020004	1	900,995558231224	401,329142020004
10093	1090,59060833758	391,022226429088	1	909,409391662417	391,022226429088
10097	1077,5334305136	389,738205063363	1	922,466569486396	389,738205063363
