15	-50,4036990917961	479,079158133624	0			2050,4036990918	479,079158133624
50	-95,2943525479701	407,44308424972	0			2095,29435254797	407,44308424972
56	-122,083178622473	375,025608106194	0			2122,08317862247	375,025608106194
72	-114,593600288051	371,430745341395	0			2114,59360028805	371,430745341395
84	-109,866455016205	372,44779365346	0			2109,86645501621	372,44779365346
103	-109,499316807344	367,20126851382	0			2109,49931680734	367,20126851382
113	-110,29825168148	390,361267042816	0			2110,29825168148	390,361267042816
123	-102,82629788709	385,876505476798	0			2102,82629788709	385,876505476798
146	-49,599651831377	410,528216489306	0			2049,59965183138	410,528216489306
162	-53,9059373308306	402,623704708117	0			2053,90593733083	402,623704708117
174	-46,6782706459644	383,364340699315	0			2046,67827064596	383,364340699315
203	-39,5428113222368	373,826051504665	0			2039,54281132224	373,826051504665
217	-51,7468397235772	349,401047803839	0			2051,74683972358	349,401047803839
232	-87,3756973827673	301,298780988128	0			2087,37569738277	301,298780988128
248	-107,095514032955	285,791994998135	0			2107,09551403296	285,791994998135
263	-84,3689411159487	254,619051411085	0			2084,36894111595	254,619051411085
275	-102,563811931091	259,594109740882	0			2102,56381193109	259,594109740882
306	-106,372869665072	250,339885051472	0			2106,37286966507	250,339885051472
356	-84,4841215341095	207,307274748348	0			2084,48412153411	207,307274748348
365	-90,1546768607766	191,3073751313	0			2090,15467686078	191,3073751313
387	-105,664907543772	105,921203939871	0			2105,66490754377	105,921203939871
392	-107,473842678868	92,2793476928106	0			2107,47384267887	92,2793476928106
410	-147,766664125279	40,141366141584	0			2147,76666412528	40,141366141584
423	-135,556590859838	49,2031441941034	0			2135,55659085984	49,2031441941034
438	-135,244973404463	51,8259633894256	0			2135,24497340446	51,8259633894256
472	-138,733978589038	46,0041520883929	0			2138,73397858904	46,0041520883929
506	-152,15469160978	35,8042062624427	0			2152,15469160978	35,8042062624427
523	-154,637424288716	34,9108953537631	0			2154,63742428872	34,9108953537631
530	-146,976406906323	138,854752381959	0			2146,97640690632	138,854752381959
566	-147,683075102413	73,7502480837174	0			2147,68307510241	73,7502480837174
578	-122,09865755125	64,4585399775179	0			2122,09865755125	64,4585399775179
610	-99,1931179764641	57,488336092103	0			2099,19311797646	57,488336092103
663	74,2046872140505	-38,4706678820739	0			1925,79531278595	-38,4706678820739
695	114,359576597156	-37,3322784891935	0			1885,64042340284	-37,3322784891935
1875	860,367300286648	-94,8411353022312	0			1139,63269971335	-94,8411353022312
1905	779,610252997636	-114,494819600707	0			1220,38974700236	-114,494819600707
1954	779,610252997636	-114,494819600707	0			1220,38974700236	-114,494819600707
2019	853,699490939143	-21,9623935607374	0			1146,30050906086	-21,9623935607374
2035	853,325625871846	13,072677112597	0			1146,67437412815	13,072677112597
2059	885,239367272623	-0,671652268004608	0			1114,76063272738	-0,671652268004608
2081	877,877671134045	23,6119509351804	0			1122,12232886595	23,6119509351804
2107	850,732359718873	28,7827206853097	0			1149,26764028113	28,7827206853097
2131	839,241034867417	-6,7145422365283	0			1160,75896513258	-6,7145422365283
2153	838,927649878793	-14,1321012978238	0			1161,07235012121	-14,1321012978238
2172	846,382556755074	2,47371793587327	0			1153,61744324493	2,47371793587327
2193	826,2081773459	20,5165141676698	0			1173,7918226541	20,5165141676698
2217	828,902965018863	17,1784821043575	0			1171,09703498114	17,1784821043575
2239	887,542620377646	34,3793411218449	0			1112,45737962235	34,3793411218449
2258	891,919806253096	39,3918157553442	0			1108,0801937469	39,3918157553442
2304	874,982018245937	54,058039392945	0			1125,01798175406	54,058039392945
2323	890,313226726034	47,2989452199914	0			1109,68677327397	47,2989452199914
2328	761,573883977295	141,025310399357	1	1238,42611602271	141,025310399357
2360	664,090922351826	176,744618001068	1	1335,90907764817	176,744618001068
2379	631,335405122522	171,611645932822	1	1368,66459487748	171,611645932822
2381	639,301266148498	208,953159685622	1	1360,6987338515	208,953159685622
2410	706,861813598037	231,555254907026	1	1293,13818640196	231,555254907026
2423	699,96452598812	233,219219187133	1	1300,03547401188	233,219219187133
2429	680,4030613719	229,491759954509	1	1319,5969386281	229,491759954509
2459	674,674225024959	229,31118105929	1	1325,32577497504	229,31118105929
2466	661,644302428694	217,701405671364	1	1338,35569757131	217,701405671364
2486	661,61784212258	217,100911398097	1	1338,38215787742	217,100911398097
2505	652,733453837961	216,416844948718	1	1347,26654616204	216,416844948718
2515	642,408738669364	213,873301131222	1	1357,59126133064	213,873301131222
2536	641,186091448787	220,264207577559	1	1358,81390855121	220,264207577559
2565	642,468981424139	268,464653301255	1	1357,53101857586	268,464653301255
2614	631,309374186827	262,688227539433	1	1368,69062581317	262,688227539433
2621	506,626833947484	280,181429401488	1	1493,37316605252	280,181429401488
2630	479,558931707771	289,262151792993	1	1520,44106829223	289,262151792993
2645	378,414392165364	229,540541454969	1	1621,58560783464	229,540541454969
2661	381,725796249489	229,563422310798	1	1618,27420375051	229,563422310798
2686	350,772441356944	215,923509860613	1	1649,22755864306	215,923509860613
2707	307,070596826287	195,879818357729	1	1692,92940317371	195,879818357729
2722	296,660538551455	179,878940757001	1	1703,33946144855	179,878940757001
2753	219,042564214931	159,768622093278	1	1780,95743578507	159,768622093278
2782	277,973085178686	204,13404251124	1	1722,02691482131	204,13404251124
2799	219,990237490749	170,481891148182	1	1780,00976250925	170,481891148182
2816	163,07403854181	134,188311723458	0			1836,92596145819	134,188311723458
2825	158,866942900929	124,546769775513	0			1841,13305709907	124,546769775513
2841	162,521159169995	137,732331451476	0			1837,47884083	137,732331451476
2872	72,7506845521638	75,7982131906863	0			1927,24931544784	75,7982131906863
2921	71,4808937960821	87,2611960722805	0			1928,51910620392	87,2611960722805
2958	34,7909735387091	43,2600978648634	0			1965,20902646129	43,2600978648634
2993	33,5174264259709	41,8756516584526	0			1966,48257357403	41,8756516584526
3002	-93,7045735754835	152,274662531207	0			2093,70457357548	152,274662531207
3047	-190,309706200885	55,5189872158406	0			2190,30970620089	55,5189872158406
3092	-246,339267288164	192,607203924139	0			2246,33926728816	192,607203924139
3110	-265,716720338325	226,240265745531	0			2265,71672033833	226,240265745531
3134	-268,451556030172	191,481244737464	0			2268,45155603017	191,481244737464
3158	-267,760056359981	207,795668409061	0			2267,76005635998	207,795668409061
3164	-267,608475173811	209,694093412594	0			2267,60847517381	209,694093412594
3175	-268,708265391664	145,138888460338	0			2268,70826539166	145,138888460338
3223	-283,728482858604	2,76943804802351	0			2283,7284828586	2,76943804802351
3227	-283,480034764207	2,53241171841136	0			2283,48003476421	2,53241171841136
3682	123,320407311893	406,045383151864	0			1876,67959268811	406,045383151864
3685	77,6064579540858	282,705961441472	0			1922,39354204591	282,705961441472
3703	70,673202001353	287,482833157658	0			1929,32679799865	287,482833157658
3716	65,399246128828	291,116481015407	0			1934,60075387117	291,116481015407
3721	67,6393443803296	315,887238407519	0			1932,36065561967	315,887238407519
3739	72,2054679750354	316,901332399852	0			1927,79453202496	316,901332399852
3759	124,754364610563	385,417381622259	0			1875,24563538944	385,417381622259
3770	125,433198437378	385,549197218149	0			1874,56680156262	385,549197218149
3805	152,714412307457	408,287499658709	0			1847,28558769254	408,287499658709
3816	144,806255000655	407,113551979819	0			1855,19374499934	407,113551979819
3860	158,647495604394	418,065763830034	0			1841,35250439561	418,065763830034
3876	142,755656857192	417,49062500223	0			1857,24434314281	417,49062500223
3905	128,101974881516	417,713725403389	0			1871,89802511848	417,713725403389
3909	118,160492352759	409,469588276727	0			1881,83950764724	409,469588276727
3931	75,7792583833035	382,507049101255	0			1924,2207416167	382,507049101255
3952	47,9108842054323	381,703495780579	0			1952,08911579457	381,703495780579
3977	33,7665927142177	383,399575731915	0			1966,23340728578	383,399575731915
3989	11,4361837660757	364,812606619616	0			1988,56381623392	364,812606619616
3998	9,56102907951031	364,398217559376	0			1990,43897092049	364,398217559376
4024	10,2769854332049	374,4218783622	0			1989,7230145668	374,4218783622
4029	4,04639588598111	374,339189014446	0			1995,95360411402	374,339189014446
4042	5,82190053502183	379,050457672721	0			1994,17809946498	379,050457672721
4060	8,85957814550965	377,171950281295	0			1991,14042185449	377,171950281295
4073	9,12213596563714	373,135342160899	0			1990,87786403436	373,135342160899
4107	11,644811448564	366,506588561426	0			1988,35518855144	366,506588561426
4117	12,0054285208172	362,007401986007	0			1987,99457147918	362,007401986007
4128	17,0883623059475	348,062133679973	0			1982,91163769405	348,062133679973
4146	6,45256656243108	339,657096955171	0			1993,54743343757	339,657096955171
4169	10,3397187138387	334,889930836468	0			1989,66028128616	334,889930836468
4176	11,1064739843899	337,712057120203	0			1988,89352601561	337,712057120203
4208	-3,84777173603946	325,417813104812	0			2003,84777173604	325,417813104812
4220	-15,3209675396769	311,422921396488	0			2015,32096753968	311,422921396488
4258	-28,2263927955603	287,575775656816	0			2028,22639279556	287,575775656816
4266	-43,4174914932343	271,486966120252	0			2043,41749149323	271,486966120252
4293	-55,5048340063624	258,717252461623	0			2055,50483400636	258,717252461623
4304	-141,281012893817	178,167569080258	0			2141,28101289382	178,167569080258
4325	-152,158694317281	168,194242501112	0			2152,15869431728	168,194242501112
4362	-165,342083240484	176,574320796201	0			2165,34208324048	176,574320796201
4368	-165,31346861408	180,579870229858	0			2165,31346861408	180,579870229858
4386	-168,014303643053	180,166792250429	0			2168,01430364305	180,166792250429
4401	-179,207221684925	174,659459974806	0			2179,20722168493	174,659459974806
4417	-187,225497458942	148,852755692501	0			2187,22549745894	148,852755692501
4431	-189,346298673667	135,513098012894	0			2189,34629867367	135,513098012894
4446	-189,893896794496	133,565956156986	0			2189,8938967945	133,565956156986
4464	-194,021898457896	130,89838713963	0			2194,0218984579	130,89838713963
4475	-232,90137573578	129,911709782714	0			2232,90137573578	129,911709782714
4498	-233,296263519162	129,470552793473	0			2233,29626351916	129,470552793473
4506	-246,065647029795	135,812476623338	0			2246,0656470298	135,812476623338
4582	-212,883507817147	156,826851889211	0			2212,88350781715	156,826851889211
4637	-174,473873002629	-154,46330374233	0			2174,47387300263	-154,46330374233
5837	1356,71264253388	323,296160277597	1	643,287357466121	323,296160277597
5893	1347,0229065534	355,973805903425	1	652,977093446602	355,973805903425
5927	1347,0229065534	355,973805903425	1	652,977093446602	355,973805903425
5938	1347,0229065534	355,973805903425	1	652,977093446602	355,973805903425
5962	1356,63459368392	522,134545564391	1	643,365406316078	522,134545564391
5979	1360,21195376142	537,31278864576	1	639,788046238575	537,31278864576
6005	1408,80375840069	484,314871432045	1	591,196241599308	484,314871432045
6055	1515,80895045697	340,04241657591	0			484,191049543026	340,04241657591
6085	1505,75646254131	352,266682585128	0			494,243537458691	352,266682585128
6130	1496,85867528135	360,529153920951	0			503,141324718654	360,529153920951
6146	1497,13885392727	360,372575933021	0			502,86114607273	360,372575933021
6173	1443,33982979723	424,901494593624	1	556,660170202774	424,901494593624
6238	1422,45670749547	447,279239840308	1	577,543292504529	447,279239840308
6269	1417,76326089121	449,913921878997	1	582,236739108786	449,913921878997
6276	1396,70838280241	431,445605308757	1	603,291617197587	431,445605308757
6312	1400,10978835052	434,161913026367	1	599,89021164948	434,161913026367
6355	1442,13017745281	397,42926434793	1	557,869822547192	397,42926434793
6382	1460,95074320784	361,694684910334	1	539,04925679216	361,694684910334
6419	1452,09505086436	366,920572837072	1	547,904949135642	366,920572837072
6434	1460,29750832605	353,58724875556	1	539,702491673945	353,58724875556
6453	1448,94861332458	370,884651737454	1	551,05138667542	370,884651737454
6475	1446,83853273744	388,579786032377	1	553,161467262564	388,579786032377
6521	1450,03285689383	397,125888694545	1	549,967143106169	397,125888694545
6540	1449,26775983622	397,582584152113	1	550,732240163775	397,582584152113
6569	1436,19879999401	400,069225260622	1	563,801200005989	400,069225260622
6597	1434,15478887868	386,641158828451	1	565,845211121318	386,641158828451
6605	1446,98470905956	351,975959646941	1	553,015290940435	351,975959646941
6665	1468,29430205743	301,735762986866	1	531,705697942568	301,735762986866
6688	1471,31018786366	292,079169036387	1	528,689812136341	292,079169036387
6695	1464,86322543339	297,466576300813	1	535,136774566614	297,466576300813
6995	870,570467359425	681,31758163592	1	1129,42953264057	681,31758163592
7012	689,733029955028	342,870850707597	1	1310,26697004497	342,870850707597
7049	697,859976711278	351,814361505465	1	1302,14002328872	351,814361505465
7060	756,461442160553	460,955049196706	1	1243,53855783945	460,955049196706
7075	750,409620654641	455,356109575205	1	1249,59037934536	455,356109575205
7098	746,548489357569	470,070252234224	1	1253,45151064243	470,070252234224
7115	739,23875842658	496,714478460345	1	1260,76124157342	496,714478460345
7134	734,056548175273	509,689923708118	1	1265,94345182473	509,689923708118
7156	733,607066517495	516,360283518452	1	1266,39293348251	516,360283518452
7165	730,12292215903	518,376268231506	1	1269,87707784097	518,376268231506
7188	757,628003191286	499,558391165672	1	1242,37199680871	499,558391165672
7194	789,911749569496	466,40003308074	1	1210,0882504305	466,40003308074
7214	773,061782892681	461,493115690689	1	1226,93821710732	461,493115690689
7232	802,706113998215	434,620913889789	1	1197,29388600179	434,620913889789
7252	799,761418648795	328,971154826127	1	1200,23858135121	328,971154826127
7268	802,731038060897	298,155629266958	1	1197,2689619391	298,155629266958
7288	797,037399629452	298,594844273486	1	1202,96260037055	298,594844273486
7303	793,609214447312	290,664581471219	1	1206,39078555269	290,664581471219
7319	804,456610617017	292,013453173443	1	1195,54338938298	292,013453173443
7337	808,171610381559	299,3793615429	1	1191,82838961844	299,3793615429
7345	822,835962673555	287,30951740065	1	1177,16403732644	287,30951740065
7356	826,147509310616	285,300861243182	1	1173,85249068938	285,300861243182
7367	840,162894118603	290,463535077419	1	1159,8371058814	290,463535077419
7400	834,487182530636	307,355423541035	1	1165,51281746936	307,355423541035
7413	824,719729725942	311,806658344801	1	1175,28027027406	311,806658344801
7438	817,00150229163	305,395428356068	1	1182,99849770837	305,395428356068
7474	783,804084301799	311,277614871439	1	1216,1959156982	311,277614871439
7476	777,055166988805	311,181303150721	1	1222,94483301119	311,181303150721
7487	779,839746478539	327,952955968466	1	1220,16025352146	327,952955968466
7500	784,401540331738	319,611722895093	1	1215,59845966826	319,611722895093
7513	769,904991241991	294,641533493278	1	1230,09500875801	294,641533493278
7527	775,458404517612	300,28796724104	1	1224,54159548239	300,28796724104
7556	774,502191932901	295,174099394794	1	1225,4978080671	295,174099394794
7575	783,357623536179	289,247501920884	1	1216,64237646382	289,247501920884
7584	775,268222687804	287,843115925843	1	1224,7317773122	287,843115925843
7595	784,042486103828	287,493520256092	1	1215,95751389617	287,493520256092
7615	786,766107736206	301,14657877701	1	1213,23389226379	301,14657877701
7632	784,18134384994	302,330934548782	1	1215,81865615006	302,330934548782
7644	785,469768304895	310,047757229055	1	1214,5302316951	310,047757229055
7692	783,680300867428	320,34310414703	1	1216,31969913257	320,34310414703
7694	770,908674341933	347,55942839275	1	1229,09132565807	347,55942839275
7708	790,306943516742	329,921295496176	1	1209,69305648326	329,921295496176
7725	794,987352284417	311,62332329252	1	1205,01264771558	311,62332329252
7730	789,231898611868	239,669407491436	1	1210,76810138813	239,669407491436
7747	799,753173787467	262,552372024725	1	1200,24682621253	262,552372024725
7762	778,425641272704	281,455252953849	1	1221,5743587273	281,455252953849
7776	777,930045096527	283,964109885195	1	1222,06995490347	283,964109885195
7793	780,695167692469	269,594452501166	1	1219,30483230753	269,594452501166
7811	784,948094016972	262,066918103309	1	1215,05190598303	262,066918103309
7826	786,038642349381	258,684834703489	1	1213,96135765062	258,684834703489
7859	816,939185565609	234,330071697643	1	1183,06081443439	234,330071697643
7873	796,702583150431	242,776447970221	1	1203,29741684957	242,776447970221
7888	796,592750568759	268,787886087866	1	1203,40724943124	268,787886087866
7896	776,470027760695	294,21157966231	1	1223,5299722393	294,21157966231
7908	763,782015810054	282,093571871729	1	1236,21798418995	282,093571871729
7927	754,071034875961	294,793866230538	1	1245,92896512404	294,793866230538
7945	758,04630856234	271,049577587893	1	1241,95369143766	271,049577587893
7953	767,962129606163	249,217903637174	1	1232,03787039384	249,217903637174
7970	773,230594139547	231,994154645084	1	1226,76940586045	231,994154645084
8009	769,545243602068	224,821037015228	1	1230,45475639793	224,821037015228
8020	760,569442122502	238,068204518732	1	1239,4305578775	238,068204518732
8034	755,202196310071	239,288161881282	1	1244,79780368993	239,288161881282
8042	756,008472463275	226,98802471577	1	1243,99152753672	226,98802471577
8065	751,051857953934	222,759838777698	1	1248,94814204607	222,759838777698
8082	750,278228371798	211,140049182555	1	1249,7217716282	211,140049182555
8104	746,839370619867	206,165645783869	1	1253,16062938013	206,165645783869
8119	746,826667835321	209,499273132027	1	1253,17333216468	209,499273132027
8137	735,395167073343	227,587129246361	1	1264,60483292666	227,587129246361
8155	712,95314944314	258,328434804163	1	1287,04685055686	258,328434804163
8169	692,096561462818	255,093978973162	1	1307,90343853718	255,093978973162
8183	690,459731712872	257,932434427043	1	1309,54026828713	257,932434427043
8202	682,443777142679	251,268081604139	1	1317,55622285732	251,268081604139
8218	696,760748274023	227,072670396065	1	1303,23925172598	227,072670396065
8223	702,232205234578	207,280214109366	1	1297,76779476542	207,280214109366
8247	703,708727164524	205,332120305059	1	1296,29127283548	205,332120305059
8269	696,293664384007	206,660080618555	1	1303,70633561599	206,660080618555
8272	687,296432571186	216,362618225827	1	1312,70356742881	216,362618225827
8305	687,830264706506	215,72762356129	1	1312,16973529349	215,72762356129
8315	683,761307498829	213,592577371716	1	1316,23869250117	213,592577371716
8339	710,711155421631	216,083282544249	1	1289,28884457837	216,083282544249
8358	776,18324649533	216,101318866179	1	1223,81675350467	216,101318866179
8373	779,228026169459	220,334730863676	1	1220,77197383054	220,334730863676
8390	720,667067616562	243,685343735921	1	1279,33293238344	243,685343735921
8409	722,352709320427	239,899274034602	1	1277,64729067957	239,899274034602
8426	729,447634631113	229,05069631943	1	1270,55236536889	229,05069631943
8451	724,330906014786	231,826135880897	1	1275,66909398521	231,826135880897
8475	728,087280829958	231,230739896039	1	1271,91271917004	231,230739896039
8500	727,634091015884	230,715236731841	1	1272,36590898412	230,715236731841
8502	703,824650976308	248,833074756611	1	1296,17534902369	248,833074756611
8517	692,718745964749	265,199325426689	1	1307,28125403525	265,199325426689
8534	717,209492438844	266,376920311781	1	1282,79050756116	266,376920311781
8556	720,568502957918	291,010056899164	1	1279,43149704208	291,010056899164
8573	704,753843753523	271,483402675293	1	1295,24615624648	271,483402675293
8590	711,890112453484	275,721359714508	1	1288,10988754652	275,721359714508
8622	718,414450783987	287,983882834759	1	1281,58554921601	287,983882834759
8630	709,055028658821	280,337891915804	1	1290,94497134118	280,337891915804
8632	694,296823923228	266,87874484056	1	1305,70317607677	266,87874484056
8657	690,316251882432	269,223548183028	1	1309,68374811757	269,223548183028
8673	688,621114139051	271,52662036791	1	1311,37888586095	271,52662036791
8676	687,922311547692	267,670745361335	1	1312,07768845231	267,670745361335
8698	681,742924585196	258,456825100304	1	1318,2570754148	258,456825100304
8715	678,99800182857	243,088682504541	1	1321,00199817143	243,088682504541
8726	684,576238578996	241,280123447197	1	1315,423761421	241,280123447197
8753	702,315702418489	258,250590973315	1	1297,68429758151	258,250590973315
8764	700,508613492789	252,353330074605	1	1299,49138650721	252,353330074605
8797	692,839656794329	269,760021649874	1	1307,16034320567	269,760021649874
8814	685,15694296049	273,127497788949	1	1314,84305703951	273,127497788949
8831	668,17901880123	273,092149640585	1	1331,82098119877	273,092149640585
8847	674,140274117032	262,177903572217	1	1325,85972588297	262,177903572217
8861	683,619867306844	227,651538685897	1	1316,38013269316	227,651538685897
8873	684,020115100231	219,955201094927	1	1315,97988489977	219,955201094927
8901	683,981963778853	205,942050025431	1	1316,01803622115	205,942050025431
8924	683,076780795896	197,032064739717	1	1316,9232192041	197,032064739717
8935	679,795429889069	185,545249156291	1	1320,20457011093	185,545249156291
8943	677,369275340515	186,283001332443	1	1322,63072465948	186,283001332443
8964	677,30267312811	186,062314769401	1	1322,69732687189	186,062314769401
8986	677,740789571528	194,696517556847	1	1322,25921042847	194,696517556847
8988	677,36328500296	200,709674695153	1	1322,63671499704	200,709674695153
9032	676,370055381523	222,833946776948	1	1323,62994461848	222,833946776948
9042	663,271363344377	335,185505823892	1	1336,72863665562	335,185505823892
9062	667,958564584026	303,650308342445	1	1332,04143541597	303,650308342445
9082	667,733974400455	286,181116725229	1	1332,26602559955	286,181116725229
9088	672,3543239373	279,573938491012	1	1327,6456760627	279,573938491012
9101	683,519706756001	286,403068440414	1	1316,480293244	286,403068440414
9117	707,301365629984	275,848169220995	1	1292,69863437002	275,848169220995
9129	694,709611823818	261,246179650491	1	1305,29038817618	261,246179650491
9158	700,982050265643	250,579367225837	1	1299,01794973436	250,579367225837
9163	695,92040107972	247,602011436776	1	1304,07959892028	247,602011436776
9170	693,902836042757	240,24919596414	1	1306,09716395724	240,24919596414
9215	681,972398418295	233,009061135275	1	1318,02760158171	233,009061135275
9236	670,065141013677	236,403805644576	1	1329,93485898632	236,403805644576
9254	672,813116373652	222,823804881129	1	1327,18688362635	222,823804881129
9258	673,304577305334	230,601066495065	1	1326,69542269467	230,601066495065
9294	688,418593257611	229,833035453412	1	1311,58140674239	229,833035453412
9310	699,452303294872	236,188198034669	1	1300,54769670513	236,188198034669
9327	697,465543264523	247,966218016759	1	1302,53445673548	247,966218016759
9354	708,692771824651	249,190344090064	1	1291,30722817535	249,190344090064
9370	706,82229033734	248,372061879515	1	1293,17770966266	248,372061879515
9388	704,253955031742	239,742031895103	1	1295,74604496826	239,742031895103
9396	701,694871902526	239,357886699854	1	1298,30512809747	239,357886699854
9434	696,72600122654	240,096702501536	1	1303,27399877346	240,096702501536
9447	684,105250669583	235,593870578308	1	1315,89474933042	235,593870578308
9464	670,651539803567	278,480368481064	1	1329,34846019643	278,480368481064
9468	667,876140014372	285,555383330014	1	1332,12385998563	285,555383330014
9486	665,944925922431	285,771667333261	1	1334,05507407757	285,771667333261
9532	653,645725113392	321,541418273427	1	1346,35427488661	321,541418273427
9554	643,615378426823	353,214961912105	1	1356,38462157318	353,214961912105
9565	625,64507332087	368,244452803167	1	1374,35492667913	368,244452803167
9587	629,215956513951	367,199262433724	1	1370,78404348605	367,199262433724
9627	627,674184610796	372,419822348682	1	1372,3258153892	372,419822348682
9635	625,286124708908	368,907373159359	1	1374,71387529109	368,907373159359
9664	624,55013417132	367,409690583308	1	1375,44986582868	367,409690583308
9701	624,174141789386	328,651387187779	1	1375,82585821061	328,651387187779
9717	624,3480864586	326,944289732126	1	1375,6519135414	326,944289732126
9753	632,199829774458	223,910044302214	1	1367,80017022554	223,910044302214
