7724	1210,22909713795	526,460204254009	1	789,770902862055	526,460204254009
7731	1222,77069585609	493,065672987673	1	777,229304143912	493,065672987673
7750	1193,89844283539	460,470792458613	1	806,101557164613	460,470792458613
7752	1166,27570811152	427,191589152378	1	833,724291888482	427,191589152378
7755	1118,06131798979	363,036192571338	1	881,93868201021	363,036192571338
7777	1132,9641939913	385,67586598493	1	867,035806008703	385,67586598493
7781	1122,43398911345	374,430438284021	1	877,566010886552	374,430438284021
8454	1163,52329686236	781,967214277284	1	836,476703137642	781,967214277284
8472	1186,53955552184	776,322400081444	1	813,460444478155	776,322400081444
8495	1190,20870104092	775,890290670819	1	809,791298959084	775,890290670819
8503	1189,31100744412	789,737505102798	1	810,688992555878	789,737505102798
8516	1186,96589326102	783,805341978238	1	813,034106738975	783,805341978238
8533	1181,29871605286	793,166913339068	1	818,701283947142	793,166913339068
8563	1175,34160453714	810,169881886901	1	824,658395462863	810,169881886901
8576	1174,15250663031	812,822077995687	1	825,847493369687	812,822077995687
8593	1180,68978576572	810,947543219073	1	819,31021423428	810,947543219073
8604	1181,10139163327	813,368271312382	1	818,898608366728	813,368271312382
8641	1184,90904154632	809,745323816905	1	815,090958453682	809,745323816905
8664	1190,20474314077	812,971546572864	1	809,795256859232	812,971546572864
8666	1191,07691851558	814,502061063028	1	808,923081484419	814,502061063028
8679	1185,96618811087	806,142105673965	1	814,033811889132	806,142105673965
8931	805,032444000244	1063,37777848928	0			1194,96755599976	1063,37777848928
8952	805,032444000244	1063,37777848928	0			1194,96755599976	1063,37777848928
8961	815,025936668639	1055,64403762635	0			1184,97406333136	1055,64403762635
8977	832,658426822486	1046,47712460828	0			1167,34157317751	1046,47712460828
9005	826,737506183398	1050,34772872958	0			1173,2624938166	1050,34772872958
9023	822,38424964237	1050,38074222709	0			1177,61575035763	1050,38074222709
9060	724,36258771373	1033,66088351779	0			1275,63741228627	1033,66088351779
9097	596,984158121591	1007,0768099355	0			1403,01584187841	1007,0768099355
9192	131,426192101537	738,962122572058	1	1868,57380789846	738,962122572058
9195	85,310594608198	695,822747727633	1	1914,6894053918	695,822747727633
9212	9,94247849857901	645,437818715878	0			1990,05752150142	645,437818715878
9227	-15,7575633997358	634,67962880764	0			2015,75756339974	634,67962880764
9231	10,0013094145606	656,451158560545	0			1989,99869058544	656,451158560545
9258	15,9953511507428	662,454554819889	0			1984,00464884926	662,454554819889
9275	54,0365069599141	678,984307058628	1	1945,96349304009	678,984307058628
9287	56,9310168096522	680,386562321558	1	1943,06898319035	680,386562321558
9354	29,652497871736	684,076945284953	0			1970,34750212826	684,076945284953
9357	42,1433308676587	692,680643773317	1	1957,85666913234	692,680643773317
9388	59,9387157719616	693,91088473372	1	1940,06128422804	693,91088473372
9400	-69,3438030394994	656,998320852031	0			2069,3438030395	656,998320852031
9402	-188,088106072245	622,742424358356	0			2188,08810607224	622,742424358356
9415	-218,494182876345	623,797270468659	0			2218,49418287635	623,797270468659
9450	-255,933890117924	614,877111256105	0			2255,93389011792	614,877111256105
