364	1039,81522742213	225,203704044548	1	960,184772577872	225,203704044548
436	1084,4263169372	188,733209673413	1	915,573683062803	188,733209673413
449	1085,00278008505	201,514747477309	1	914,997219914949	201,514747477309
465	1091,42009917281	213,402279051867	1	908,579900827185	213,402279051867
496	1104,41892634897	202,997731488839	1	895,581073651026	202,997731488839
501	1147,45168975747	162,755720101407	1	852,548310242535	162,755720101407
535	1078,22678633261	262,330222074621	1	921,773213667391	262,330222074621
572	1021,71478445665	309,342798142426	1	978,285215543351	309,342798142426
590	1001,05779294276	288,406785736461	1	998,942207057245	288,406785736461
622	983,730845759227	252,182255598603	1	1016,26915424077	252,182255598603
638	990,287645401653	239,58622745123	1	1009,71235459835	239,58622745123
1705	34,1418417526294	105,292634496182	0			1965,85815824737	105,292634496182
1729	-24,9071633545712	79,6889440396898	0			2024,90716335457	79,6889440396898
1762	-24,9071633545712	79,6889440396898	0			2024,90716335457	79,6889440396898
1776	-17,9526687297691	93,1130842479552	0			2017,95266872977	93,1130842479552
1794	-20,7581921097956	91,9633428995636	0			2020,7581921098	91,9633428995636
1811	-68,7430098404071	83,1890261149698	0			2068,74300984041	83,1890261149698
1821	-81,6246157903725	83,12636361818	0			2081,62461579037	83,12636361818
1834	-70,897587113967	93,1485440960025	0			2070,89758711397	93,1485440960025
1852	-76,8765726708439	88,1363633837555	0			2076,87657267084	88,1363633837555
1860	-70,9404182467395	96,6774975337345	0			2070,94041824674	96,6774975337345
1879	-88,0165784188089	119,655854407438	0			2088,01657841881	119,655854407438
1909	-106,567250436776	227,283106521975	0			2106,56725043678	227,283106521975
1927	-131,318029793126	206,725273018433	0			2131,31802979313	206,725273018433
1955	-124,689923268454	194,550832551794	0			2124,68992326845	194,550832551794
1984	-105,922537476693	214,297611397567	0			2105,92253747669	214,297611397567
2032	-100,884732876299	152,225382911633	0			2100,8847328763	152,225382911633
2062	-100,715513754045	152,277078437347	0			2100,71551375405	152,277078437347
2076	-103,245222153818	166,9503626638	0			2103,24522215382	166,9503626638
2087	-107,542838012781	186,474061446219	0			2107,54283801278	186,474061446219
2102	-112,625074839119	200,408293107066	0			2112,62507483912	200,408293107066
2121	-112,996060879245	215,767390107262	0			2112,99606087925	215,767390107262
2156	-100,861451199629	226,881534973008	0			2100,86145119963	226,881534973008
2237	-87,9615759000809	245,061412293757	0			2087,96157590008	245,061412293757
2256	-81,5676721166891	244,825252019012	0			2081,56767211669	244,825252019012
2285	-62,4402113460448	244,220392940059	0			2062,44021134604	244,220392940059
2302	-58,1947529644102	239,494867133342	0			2058,19475296441	239,494867133342
2335	-51,9539232327448	239,175953069497	0			2051,95392323274	239,175953069497
2510	206,080721265676	504,223556282347	1	1793,91927873432	504,223556282347
2532	331,481973098706	798,791478070388	1	1668,51802690129	798,791478070388
2560	335,766143840956	817,57922434178	1	1664,23385615904	817,57922434178
2604	343,638533226721	819,247588795703	1	1656,36146677328	819,247588795703
2622	345,936420907791	818,005316723105	1	1654,06357909221	818,005316723105
2625	350,91998046905	831,609264192126	1	1649,08001953095	831,609264192126
2631	355,89359948545	855,654920566534	1	1644,10640051455	855,654920566534
2635	351,646790875263	867,907879722064	1	1648,35320912474	867,907879722064
2686	350,349333732487	886,205412646022	1	1649,65066626751	886,205412646022
2698	349,101056492654	891,738388341267	1	1650,89894350735	891,738388341267
2709	319,398311448265	889,096092597846	1	1680,60168855173	889,096092597846
2727	329,50371653312	898,729074357652	1	1670,49628346688	898,729074357652
2749	762,434794544565	948,350820260787	0			1237,56520545544	948,350820260787
2762	730,267812184643	943,901538031893	0			1269,73218781536	943,901538031893
2808	782,52179688809	955,725332111345	0			1217,47820311191	955,725332111345
2830	780,894347950614	957,667580205396	0			1219,10565204939	957,667580205396
2848	776,010680076503	967,955052017993	0			1223,9893199235	967,955052017993
2860	778,28153995845	972,109900033814	0			1221,71846004155	972,109900033814
2895	771,213159432421	973,2770886394	0			1228,78684056758	973,2770886394
2897	775,324106933865	983,050736561701	0			1224,67589306613	983,050736561701
2932	981,746406362277	998,776232256294	0			1018,25359363772	998,776232256294
2995	1103,19921476857	1009,9853159905	0			896,800785231425	1009,9853159905
3021	1004,3739536826	988,348700508202	0			995,6260463174	988,348700508202
3023	1071,05215137967	988,12731053281	0			928,947848620332	988,12731053281
3026	1093,89380089374	983,839533670724	0			906,106199106262	983,839533670724
3030	1102,8449453901	980,494307313158	0			897,155054609902	980,494307313158
3048	1094,07976681334	955,925716661936	0			905,920233186658	955,925716661936
3067	1093,62527063309	952,559831435528	0			906,374729366908	952,559831435528
3078	1094,18139657362	950,979715032749	0			905,818603426375	950,979715032749
3326	1093,73769420636	233,22422689188	1	906,262305793639	233,22422689188
3367	1523,94237333131	159,995146036425	0			476,057626668689	159,995146036425
3409	1532,82424873083	168,474716699315	0			467,17575126917	168,474716699315
3425	1475,29752142321	182,063295865425	1	524,702478576792	182,063295865425
3437	1365,28477376761	250,752666991368	1	634,715226232387	250,752666991368
3459	1324,0881887782	259,706587503994	1	675,911811221803	259,706587503994
3475	1286,39283104891	274,513122184423	1	713,60716895109	274,513122184423
3506	1288,21199681114	300,022476479409	1	711,788003188863	300,022476479409
3519	1288,99198165177	291,698450830895	1	711,008018348235	291,698450830895
3559	1267,97586294811	323,937893530448	1	732,024137051888	323,937893530448
3578	1270,927967952	324,678630950275	1	729,072032047997	324,678630950275
3605	1365,30187110893	355,858027047936	1	634,698128891074	355,858027047936
3622	1342,13751956389	343,947484895558	1	657,862480436108	343,947484895558
3648	1438,44854810915	313,80286989186	1	561,551451890845	313,80286989186
3667	1451,2444144319	312,312068331186	1	548,755585568097	312,312068331186
3707	1474,8833143094	344,062346999374	1	525,116685690601	344,062346999374
3741	1494,63836982008	396,731748464965	0			505,361630179916	396,731748464965
3757	1500,40193766716	389,473436424161	0			499,598062332845	389,473436424161
4087	1248,52456892193	460,959973454854	1	751,475431078075	460,959973454854
4130	1186,74363812197	583,596670368463	1	813,256361878034	583,596670368463
4175	1003,24829537936	299,385934073752	1	996,751704620642	299,385934073752
4204	954,214991545072	206,573454816122	1	1045,78500845493	206,573454816122
4224	974,402440665215	322,586597507431	1	1025,59755933479	322,586597507431
4243	1012,80295719683	285,720166480153	1	987,197042803171	285,720166480153
4255	1008,15766412155	281,623909649764	1	991,842335878447	281,623909649764
4283	1001,00037283331	247,725188957897	1	998,999627166692	247,725188957897
4293	1000,94708356633	269,486549544407	1	999,052916433671	269,486549544407
4310	998,720482905296	258,346139253787	1	1001,2795170947	258,346139253787
4342	981,898196491684	293,487688809419	1	1018,10180350832	293,487688809419
4344	975,53401668834	273,913566819618	1	1024,46598331166	273,913566819618
4358	969,166916730772	288,617121291338	1	1030,83308326923	288,617121291338
4380	960,376846345344	325,097513063772	1	1039,62315365466	325,097513063772
4399	960,185977552431	325,617012697031	1	1039,81402244757	325,617012697031
4414	960,586410125306	318,8758428889	1	1039,41358987469	318,8758428889
4459	957,380975062847	304,783402389937	1	1042,61902493715	304,783402389937
4473	963,649491736319	286,069529774176	1	1036,35050826368	286,069529774176
4492	983,881983366726	261,910385606977	1	1016,11801663327	261,910385606977
4510	990,911491350841	251,753163470777	1	1009,08850864916	251,753163470777
4938	1174,43772596835	399,449595617281	1	825,562274031654	399,449595617281
4978	1199,93019474363	361,179545431469	1	800,069805256371	361,179545431469
4987	1225,55969695355	304,440884342392	1	774,440303046455	304,440884342392
5012	1228,71512784632	217,422186079676	1	771,284872153681	217,422186079676
5014	1225,30210627665	219,058146753957	1	774,697893723347	219,058146753957
5031	1217,55403728041	230,147442320265	1	782,44596271959	230,147442320265
5373	176,181790743831	77,5320799580754	1	1823,81820925617	77,5320799580754
5408	190,512450381776	94,9483519856347	1	1809,48754961822	94,9483519856347
5447	189,695049607378	67,1680555359175	1	1810,30495039262	67,1680555359175
5699	201,582687032261	469,315507996849	1	1798,41731296774	469,315507996849
5903	38,2362933606392	551,184945032756	1	1961,76370663936	551,184945032756
5991	56,9170016686893	670,941464213582	1	1943,08299833131	670,941464213582
6006	56,9170016686893	670,941464213582	1	1943,08299833131	670,941464213582
6038	-200,363998659992	357,406022863615	0			2200,36399865999	357,406022863615
6044	-203,874898838181	357,748435200826	0			2203,87489883818	357,748435200826
6126	-221,904786736448	359,506860602164	0			2221,90478673645	359,506860602164
6311	-238,423704869539	956,494320086431	0			2238,42370486954	956,494320086431
6652	1357,07035990595	718,709777082636	1	642,929640094053	718,709777082636
6678	1395,41035377478	515,530151970497	1	604,589646225222	515,530151970497
6684	1400,28854110955	515,389147529612	1	599,711458890453	515,389147529612
6734	1396,68764935331	524,36127535736	1	603,312350646695	524,36127535736
6738	1395,39775165121	519,108645771924	1	604,60224834879	519,108645771924
6755	1398,24617863088	536,705526293579	1	601,753821369122	536,705526293579
6789	1388,07392712305	530,557341401859	1	611,926072876954	530,557341401859
6804	1401,22644393431	533,177009164052	1	598,77355606569	533,177009164052
6841	1429,32915160992	512,094146099596	1	570,670848390082	512,094146099596
6873	1431,17275564255	511,759142189764	1	568,827244357447	511,759142189764
6922	1486,3409844329	463,647887972166	1	513,659015567095	463,647887972166
6965	1498,00871321299	454,424750476605	0			501,991286787015	454,424750476605
7017	1498,00871321299	454,424750476605	0			501,991286787015	454,424750476605
7077	1135,73821260353	391,473059675023	1	864,261787396466	391,473059675023
7418	1646,50191520024	205,783943291329	0			353,498084799757	205,783943291329
7429	1529,62674137844	245,034533675541	0			470,373258621561	245,034533675541
7480	1482,07521111935	273,692412645192	1	517,924788880645	273,692412645192
7482	1467,336360333	300,597259218432	1	532,663639667001	300,597259218432
7497	1463,73487829848	303,9102904608	1	536,265121701517	303,9102904608
7505	1470,14523454819	309,910745527266	1	529,854765451808	309,910745527266
7574	1446,00220670224	401,400023389948	1	553,997793297755	401,400023389948
7588	1449,88874386232	444,240109765108	1	550,111256137682	444,240109765108
7591	1473,3701356329	493,294378297587	1	526,629864367096	493,294378297587
7594	1501,69886467489	494,673360412023	0			498,301135325113	494,673360412023
7612	1523,28775710913	508,389243248387	0			476,71224289087	508,389243248387
7622	1527,22983702939	513,080063172109	0			472,770162970607	513,080063172109
7660	1492,91102983728	534,977629236568	0			507,08897016272	534,977629236568
7666	1508,77584719341	519,766384517098	0			491,224152806588	519,766384517098
7700	1472,21640855002	532,333967385905	1	527,783591449978	532,333967385905
7722	1465,40520142684	549,723661283589	1	534,594798573161	549,723661283589
7734	1483,46587811969	578,993378105446	1	516,534121880311	578,993378105446
7908	1491,39510960255	612,250176952075	0			508,604890397452	612,250176952075
7939	1483,39827948018	633,945548836853	1	516,601720519822	633,945548836853
7955	1477,12800112606	639,922015934092	1	522,871998873938	639,922015934092
7970	1479,41576009071	632,063748058941	1	520,584239909288	632,063748058941
7983	1452,8050198598	591,596733389436	1	547,194980140195	591,596733389436
8137	1078,04585182165	438,941587819785	1	921,954148178347	438,941587819785
8401	725,68578627503	333,866766685559	1	1274,31421372497	333,866766685559
8422	721,98705580628	453,016556365806	1	1278,01294419372	453,016556365806
8462	704,118593843926	455,152452115286	1	1295,88140615607	455,152452115286
8500	783,743648383466	384,432218135507	1	1216,25635161653	384,432218135507
8525	802,548643330129	367,496014204217	1	1197,45135666987	367,496014204217
8538	820,227082854592	351,748300163118	1	1179,77291714541	351,748300163118
8557	883,965521365707	292,269816624416	1	1116,03447863429	292,269816624416
8588	956,609581523803	220,842459631382	1	1043,3904184762	220,842459631382
8601	959,237181229083	220,202886533058	1	1040,76281877092	220,202886533058
8631	958,606777367522	213,400898949273	1	1041,39322263248	213,400898949273
8672	955,381847052871	201,68601925008	1	1044,61815294713	201,68601925008
8689	952,588899679288	188,723063064752	1	1047,41110032071	188,723063064752
8727	951,063113799946	177,13615273139	1	1048,93688620005	177,13615273139
8739	948,991003986934	151,243040232629	1	1051,00899601307	151,243040232629
8763	949,547293634152	160,506503737538	1	1050,45270636585	160,506503737538
8789	954,722875209827	163,662654531197	1	1045,27712479017	163,662654531197
8810	947,79027248289	146,778126233587	1	1052,20972751711	146,778126233587
8831	936,014231673364	136,148499939364	1	1063,98576832664	136,148499939364
8858	920,100865596784	128,899067651312	1	1079,89913440322	128,899067651312
8992	967,282588427892	163,05661788254	1	1032,71741157211	163,05661788254
9032	967,282588427892	163,05661788254	1	1032,71741157211	163,05661788254
9137	630,830101827973	135,561734136132	1	1369,16989817203	135,561734136132
