948	578,384725329945	128,292699944576	1	1421,61527467005	128,292699944576
963	602,502915465716	163,636342328489	1	1397,49708453428	163,636342328489
988	599,579330402734	181,532886766566	1	1400,42066959727	181,532886766566
1007	601,696460330151	192,231292325126	1	1398,30353966985	192,231292325126
1040	603,190759255783	193,964351576231	1	1396,80924074422	193,964351576231
1981	-279,869064775485	343,848784635595	0			2279,86906477549	343,848784635595
2004	-279,869064775485	343,848784635595	0			2279,86906477549	343,848784635595
2009	-214,212730740906	370,420704338985	0			2214,21273074091	370,420704338985
2033	-164,789468863676	409,172315871308	0			2164,78946886368	409,172315871308
2045	-138,784051725006	706,734508426919	0			2138,78405172501	706,734508426919
2078	-80,6786899344142	668,527959610035	0			2080,67868993441	668,527959610035
2089	-68,1396022662631	647,028223802674	0			2068,13960226626	647,028223802674
2121	242,306018079858	719,667460926881	1	1757,69398192014	719,667460926881
2146	496,930033586008	695,166426894033	1	1503,06996641399	695,166426894033
2180	652,616939343035	757,567400134925	1	1347,38306065697	757,567400134925
2214	736,144943941903	730,574897217862	1	1263,8550560581	730,574897217862
2221	701,855430731462	768,903082583593	1	1298,14456926854	768,903082583593
2237	741,305586158346	727,394629430156	1	1258,69441384165	727,394629430156
2273	736,792224561263	745,821585757622	1	1263,20777543874	745,821585757622
2302	745,58813923134	788,79305746674	1	1254,41186076866	788,79305746674
2309	751,262469115637	857,409949816245	1	1248,73753088436	857,409949816245
2315	749,75364906352	860,948366342072	1	1250,24635093648	860,948366342072
2324	749,196037923007	868,056636951693	1	1250,80396207699	868,056636951693
2329	747,814989838325	882,626409204298	1	1252,18501016167	882,626409204298
2331	749,50849043527	887,464751658259	1	1250,49150956473	887,464751658259
3269	585,915377224919	757,11558165133	1	1414,08462277508	757,11558165133
3788	977,102098187197	379,016202138545	1	1022,8979018128	379,016202138545
3801	972,485825621966	395,043184778047	1	1027,51417437803	395,043184778047
3837	958,701293519252	274,617603047962	1	1041,29870648075	274,617603047962
3851	951,763907758888	197,455193776927	1	1048,23609224111	197,455193776927
3874	954,308365122536	183,534908627758	1	1045,69163487746	183,534908627758
3876	950,999634936645	98,2805398330283	1	1049,00036506336	98,2805398330283
3886	950,868307917619	89,3479931420965	1	1049,13169208238	89,3479931420965
4413	910,857482712632	385,598172741982	1	1089,14251728737	385,598172741982
4456	970,358088718649	612,245620196875	1	1029,64191128135	612,245620196875
4472	963,314786662146	603,734867755213	1	1036,68521333785	603,734867755213
4516	959,993445109184	590,486331398693	1	1040,00655489082	590,486331398693
4533	957,123263172979	592,75312971764	1	1042,87673682702	592,75312971764
4568	965,953825890933	544,953511636232	1	1034,04617410907	544,953511636232
4577	1136,25869063897	468,728002452978	1	863,741309361028	468,728002452978
4609	1264,34468231628	443,439662926865	1	735,655317683722	443,439662926865
4635	1215,11101958213	453,59265994609	1	784,88898041787	453,59265994609
4660	1394,66832103163	437,216787249664	1	605,331678968371	437,216787249664
4684	1397,65135670731	445,020666585463	1	602,34864329269	445,020666585463
4732	1401,99918926101	439,880061335823	1	598,000810738994	439,880061335823
4750	1406,73729119334	433,682174515699	1	593,262708806664	433,682174515699
4753	1388,95767567366	433,32330816997	1	611,042324326342	433,32330816997
4769	1368,29040756559	429,019579841731	1	631,70959243441	429,019579841731
4783	1226,58922680229	518,427828152843	1	773,410773197714	518,427828152843
4965	1060,70451952493	632,380041316643	1	939,295480475071	632,380041316643
4987	1028,89023074054	732,277303832641	1	971,109769259456	732,277303832641
5004	1034,3276770395	719,315398581414	1	965,672322960498	719,315398581414
5031	1027,49074386241	716,252298535257	1	972,509256137588	716,252298535257
5046	1024,92299503513	711,289566944335	1	975,077004964868	711,289566944335
5913	469,079214546673	545,389025642097	1	1530,92078545333	545,389025642097
5930	460,193937727549	550,523913779025	1	1539,80606227245	550,523913779025
6361	1165,24792519974	436,862665657068	1	834,752074800263	436,862665657068
6374	1165,24792519974	436,862665657068	1	834,752074800263	436,862665657068
6857	723,659799322727	792,522782379037	1	1276,34020067727	792,522782379037
6870	714,582059298518	814,694513184534	1	1285,41794070148	814,694513184534
7080	705,504373593624	836,866191413643	1	1294,49562640638	836,866191413643
7102	721,349095218004	925,649774362196	0			1278,650904782	925,649774362196
7134	751,27468559985	948,316681296922	0			1248,72531440015	948,316681296922
7138	769,280259633998	961,736965619087	0			1230,719740366	961,736965619087
7493	856,046865518811	244,417262780151	1	1143,95313448119	244,417262780151
7685	807,201862026573	444,043174389443	1	1192,79813797343	444,043174389443
8117	423,666470722087	256,445150824056	1	1576,33352927791	256,445150824056
8129	422,254642622371	286,883030781392	1	1577,74535737763	286,883030781392
8148	446,446124754876	290,735003686975	1	1553,55387524512	290,735003686975
8165	445,762915330726	285,122784924778	1	1554,23708466927	285,122784924778
8171	448,10550685304	286,389782838794	1	1551,89449314696	286,389782838794
8199	448,163345777085	288,536010460435	1	1551,83665422291	288,536010460435
8210	457,548380561919	294,553610344353	1	1542,45161943808	294,553610344353
8225	461,230764967393	294,132881383591	1	1538,76923503261	294,132881383591
8608	594,969320451557	642,373693069335	1	1405,03067954844	642,373693069335
8632	475,970656509152	334,124369167627	1	1524,02934349085	334,124369167627
8642	509,026144271642	361,737697946568	1	1490,97385572836	361,737697946568
8663	530,42375886885	368,912701432253	1	1469,57624113115	368,912701432253
9482	995,037367737409	541,07218546281	1	1004,96263226259	541,07218546281
9567	1208,88995815635	344,700265658527	1	791,110041843649	344,700265658527
