2964	638,229370117188	824,992904942816	1	1361,77062988281	824,992904942816
2977	658,039189310907	815,508828965369	1	1341,96081068909	815,508828965369
3004	656,541250156784	780,511000816375	1	1343,45874984322	780,511000816375
3035	663,54071810973	788,177189333781	1	1336,45928189027	788,177189333781
3040	660,8315005269	795,073370345556	1	1339,1684994731	795,073370345556
3239	780,478478095292	951,530838476708	0			1219,52152190471	951,530838476708
3263	780,478478095292	951,530838476708	0			1219,52152190471	951,530838476708
3268	704,3389869182	821,170538882629	1	1295,6610130818	821,170538882629
3329	775,972893046828	969,542506858591	0			1224,02710695317	969,542506858591
3341	774,661971940013	964,288669165457	0			1225,33802805999	964,288669165457
3402	774,190521240234	946,530985667745	0			1225,80947875977	946,530985667745
3431	745,175673876681	907,614637115934	0			1254,82432612332	907,614637115934
3461	700,645497702731	866,226648713948	1	1299,35450229727	866,226648713948
3500	723,672756812353	825,984421034391	1	1276,32724318765	825,984421034391
3529	732,70603693341	826,037087376532	1	1267,29396306659	826,037087376532
3534	754,312968612417	862,177914734793	1	1245,68703138758	862,177914734793
3537	746,939266247924	845,542955011543	1	1253,06073375208	845,542955011543
3617	802,449607849121	975,714491400155	0			1197,55039215088	975,714491400155
3624	632,403362432149	792,178438046868	1	1367,59663756785	792,178438046868
3636	682,92730694376	852,515157342494	1	1317,07269305624	852,515157342494
3665	713,64579715591	890,946930942993	1	1286,35420284409	890,946930942993
3713	724,553891863035	874,389413069105	1	1275,44610813696	874,389413069105
3986	615,225841929612	776,391547533581	1	1384,77415807039	776,391547533581
4006	580,841538512591	743,252586504378	1	1419,15846148741	743,252586504378
4026	613,538697896499	750,989761658281	1	1386,4613021035	750,989761658281
4029	618,343320976403	748,243225605149	1	1381,6566790236	748,243225605149
4062	613,851118564312	753,792194023931	1	1386,14888143569	753,792194023931
4083	615,105931034852	724,016917125398	1	1384,89406896515	724,016917125398
4461	1151,72423328782	139,939799701671	1	848,275766712176	139,939799701671
4488	993,431180194744	319,714119199387	1	1006,56881980526	319,714119199387
4497	961,951466700064	416,437523597991	1	1038,04853329994	416,437523597991
4527	951,929829887865	456,46076060817	1	1048,07017011213	456,46076060817
4582	1013,67711523621	344,823389910492	1	986,322884763791	344,823389910492
4612	1041,92888292704	351,040854905462	1	958,071117072962	351,040854905462
4624	1042,8843990595	348,478473033474	1	957,115600940502	348,478473033474
4643	1056,65289589498	362,714949320509	1	943,347104105024	362,714949320509
4662	1055,75845371962	382,36814777477	1	944,241546280384	382,36814777477
4688	1056,30854165036	371,81920785601	1	943,691458349642	371,81920785601
4721	1058,10809311446	315,353212262711	1	941,891906885537	315,353212262711
4737	1101,81705553985	327,196462342412	1	898,18294446015	327,196462342412
4754	1098,07577592341	326,0553641613	1	901,924224076592	326,0553641613
4785	1093,68707144861	320,82635282507	1	906,312928551389	320,82635282507
4789	1056,7213943927	338,896533958908	1	943,278605607303	338,896533958908
4807	1048,49136612262	354,244525772063	1	951,508633877379	354,244525772063
4831	1058,3576469334	354,270877737046	1	941,642353066597	354,270877737046
4865	1058,85861313766	357,513493679291	1	941,14138686234	357,513493679291
4882	1062,22526814284	375,899342797747	1	937,774731857156	375,899342797747
4914	1038,2534544887	370,654737759917	1	961,746545511297	370,654737759917
4929	1019,87306929976	376,17508690305	1	980,126930700245	376,17508690305
4945	1012,16186508742	380,588377713515	1	987,838134912582	380,588377713515
4963	1010,51441050295	377,733963298019	1	989,485589497048	377,733963298019
4969	1009,44585961865	384,12170603109	1	990,554140381355	384,12170603109
5032	989,392412724347	385,857027575132	1	1010,60758727565	385,857027575132
5067	1016,308742266	398,950769660014	1	983,691257733998	398,950769660014
5078	1014,3592120947	394,773018089431	1	985,640787905301	394,773018089431
5103	1017,26217361796	392,692379245267	1	982,737826382037	392,692379245267
5128	1011,32654267878	394,811712839219	1	988,673457321221	394,811712839219
5141	986,689762597427	430,989514455305	1	1013,31023740257	430,989514455305
5181	962,017408960215	452,185547255234	1	1037,98259103979	452,185547255234
5198	966,696082118323	476,441015436773	1	1033,30391788168	476,441015436773
5214	967,667038942469	469,854322756284	1	1032,33296105753	469,854322756284
5228	970,834215845987	464,261020125629	1	1029,16578415401	464,261020125629
5241	971,668864417227	453,266552997254	1	1028,33113558277	453,266552997254
5260	977,807932781766	466,726938269904	1	1022,19206721823	466,726938269904
5271	986,19647937939	466,211040549541	1	1013,80352062061	466,211040549541
5291	994,982820445635	435,270703484138	1	1005,01717955436	435,270703484138
5321	986,451324476591	453,381357568637	1	1013,54867552341	453,381357568637
5332	986,662960565271	443,479490017831	1	1013,33703943473	443,479490017831
5365	976,328816376684	462,871180211105	1	1023,67118362332	462,871180211105
5380	979,268961973342	438,981004320992	1	1020,73103802666	438,981004320992
5397	984,87411311913	421,540855249066	1	1015,12588688087	421,540855249066
5409	981,725162218998	434,170651017562	1	1018,274837781	434,170651017562
5422	980,262490921028	432,742567514769	1	1019,73750907897	432,742567514769
5437	977,580358161211	385,830523012055	1	1022,41964183879	385,830523012055
5470	978,249948589575	370,592380997723	1	1021,75005141043	370,592380997723
5502	965,981887127404	375,956078106923	1	1034,0181128726	375,956078106923
5522	854,313408686585	401,973499278689	1	1145,68659131342	401,973499278689
5531	872,261708084671	382,583563819688	1	1127,73829191533	382,583563819688
5533	676,194489681728	377,290651716639	1	1323,80551031827	377,290651716639
5542	570,898362266317	377,739511596202	1	1429,10163773368	377,739511596202
5555	536,196176461005	360,907467784184	1	1463,803823539	360,907467784184
5568	476,622548627185	389,982400486179	1	1523,37745137281	389,982400486179
5586	402,328159191131	400,996059893425	1	1597,67184080887	400,996059893425
5617	361,132612028939	407,713186254379	1	1638,86738797106	407,713186254379
5628	366,563421290946	392,930378951615	1	1633,43657870905	392,930378951615
5658	408,051448639155	455,676873347316	1	1591,94855136084	455,676873347316
5669	399,538280790789	462,386367676873	1	1600,46171920921	462,386367676873
5684	401,76593931422	460,842667163545	1	1598,23406068578	460,842667163545
5690	366,493959980868	428,023982267061	1	1633,50604001913	428,023982267061
5724	373,94092781927	399,90641503706	1	1626,05907218073	399,90641503706
5727	489,447687655832	420,997343058833	1	1510,55231234417	420,997343058833
5741	434,973012827975	398,657710653307	1	1565,02698717202	398,657710653307
5774	423,782876331558	417,805498312838	1	1576,21712366844	417,805498312838
5799	387,691439436849	407,707821032168	1	1612,30856056315	407,707821032168
5804	440,018593236158	399,660438568027	1	1559,98140676384	399,660438568027
5817	444,332398456421	403,373233760338	1	1555,66760154358	403,373233760338
5835	361,625873034428	386,828834502323	1	1638,37412696557	386,828834502323
5848	376,688264079186	394,668823725881	1	1623,31173592081	394,668823725881
5870	401,186886296144	375,833825148393	1	1598,81311370386	375,833825148393
5888	434,256950547799	355,594389082028	1	1565,7430494522	355,594389082028
5924	341,473938014872	307,596177886364	1	1658,52606198513	307,596177886364
5934	360,242063693314	299,198599756933	1	1639,75793630669	299,198599756933
5953	347,727230921769	311,495228402221	1	1652,27276907823	311,495228402221
5975	310,243436142023	306,100801019663	1	1689,75656385798	306,100801019663
5995	330,318287729934	309,329939159568	1	1669,68171227007	309,329939159568
6000	332,444175251062	317,931035187459	1	1667,55582474894	317,931035187459
6025	330,309963678246	317,912875433178	1	1669,69003632175	317,912875433178
6040	342,140836099325	323,779669976392	1	1657,85916390068	323,779669976392
6072	375,129532366998	334,156082383918	1	1624,870467633	334,156082383918
6087	398,72451566404	350,466889686278	1	1601,27548433596	350,466889686278
6100	341,155288473195	376,995692025427	1	1658,8447115268	376,995692025427
6114	379,887136908845	371,504511617181	1	1620,11286309116	371,504511617181
6128	398,056636262033	365,994847633221	1	1601,94336373797	365,994847633221
6139	377,763151019686	372,86460089853	1	1622,23684898031	372,86460089853
6168	342,254126872689	379,643367582413	1	1657,74587312731	379,643367582413
6173	368,070110236492	375,122706061257	1	1631,92988976351	375,122706061257
6186	322,859273831699	370,381923837531	1	1677,1407261683	370,381923837531
6220	319,991332423277	336,83129641193	1	1680,00866757672	336,83129641193
6235	274,047526271734	318,009272700669	1	1725,95247372827	318,009272700669
6252	314,705397120231	315,719138645739	1	1685,29460287977	315,719138645739
6266	323,274738342102	324,506451136919	1	1676,7252616579	324,506451136919
6276	316,876169815915	353,822483019912	1	1683,12383018408	353,822483019912
6300	344,597305648664	352,091109093845	1	1655,40269435134	352,091109093845
6305	371,676295167339	362,401310744292	1	1628,32370483266	362,401310744292
6361	523,271897621115	324,805593677762	1	1476,72810237888	324,805593677762
6396	488,779958328345	324,093513379373	1	1511,22004167166	324,093513379373
6410	400,213492988929	320,966716983601	1	1599,78650701107	320,966716983601
6438	407,814945795089	324,937336249092	1	1592,18505420491	324,937336249092
6458	412,47930726405	331,307005069157	1	1587,52069273595	331,307005069157
6460	438,261164524789	343,180318972933	1	1561,73883547521	343,180318972933
6491	410,455482770159	430,705982750091	1	1589,54451722984	430,705982750091
6525	446,901446804775	383,42320432831	1	1553,09855319522	383,42320432831
6538	461,343197301065	411,587402969874	1	1538,65680269893	411,587402969874
6553	482,332952244723	490,200899154757	1	1517,66704775528	490,200899154757
6567	490,243179776463	469,007133547278	1	1509,75682022354	469,007133547278
6580	468,248668334478	416,806598822821	1	1531,75133166552	416,806598822821
6597	466,567696485046	376,281540903217	1	1533,43230351495	376,281540903217
6609	465,932022225744	353,593694700623	1	1534,06797777426	353,593694700623
6627	463,165403445257	428,09852318062	1	1536,83459655474	428,09852318062
6635	463,017235260591	404,799296050526	1	1536,98276473941	404,799296050526
6670	450,614249969612	329,945482037119	1	1549,38575003039	329,945482037119
6680	463,639419042035	335,096031256182	1	1536,36058095797	335,096031256182
6708	456,260626089054	321,245257008935	1	1543,73937391095	321,245257008935
7523	413,275561286408	198,070751069287	1	1586,72443871359	198,070751069287
7852	768,065309987485	178,271756350084	1	1231,93469001252	178,271756350084
7969	771,190070488692	179,407266683534	1	1228,80992951131	179,407266683534
8030	763,615464392603	245,482299344524	1	1236,3845356074	245,482299344524
8059	764,289395264335	244,604330230803	1	1235,71060473567	244,604330230803
8238	711,006446023589	377,055802818093	1	1288,99355397641	377,055802818093
8381	1077,95105968093	143,206644153597	1	922,048940319074	143,206644153597
8393	916,796489826684	97,0028264698438	1	1083,20351017332	97,0028264698438
8426	960,006772223955	104,394152707151	1	1039,99322777604	104,394152707151
8443	908,865138961075	134,844592968864	1	1091,13486103893	134,844592968864
8482	900,509447182857	150,943808401318	1	1099,49055281714	150,943808401318
8525	866,543556606444	165,292727815927	1	1133,45644339356	165,292727815927
8527	930,335850250455	118,314107053839	1	1069,66414974954	118,314107053839
8564	910,156469448025	165,309678754381	1	1089,84353055197	165,309678754381
8648	1002,12763814093	76,8259464397347	1	997,872361859072	76,8259464397347
8694	1012,22395912343	127,616007482181	1	987,776040876568	127,616007482181
8735	1001,25724003489	109,411105678493	1	998,742759965108	109,411105678493
8800	1037,6876318199	74,041849434575	1	962,312368180097	74,041849434575
8832	1051,99328083124	45,8791012081176	1	948,006719168762	45,8791012081176
8873	1054,66906735382	36,1083448113797	0			945,330932646182	36,1083448113797
8922	1032,23050087291	51,743280936187	1	967,769499127094	51,743280936187
8961	1037,85595172024	51,0446848557042	1	962,144048279761	51,0446848557042
9420	749,289893486739	124,940607257006	1	1250,71010651326	124,940607257006
9439	682,424640346885	172,073713010165	1	1317,57535965311	172,073713010165
9465	724,454016264271	274,171489672783	1	1275,54598373573	274,171489672783
9471	729,034719161206	306,486733140817	1	1270,96528083879	306,486733140817
9517	735,830207842206	312,686336252114	1	1264,16979215779	312,686336252114
9546	761,237121356641	218,33807624151	1	1238,76287864336	218,33807624151
9563	749,809151335873	190,206769810714	1	1250,19084866413	190,206769810714
9595	738,526535701341	175,204768207413	1	1261,47346429866	175,204768207413
9610	737,270950617092	164,278228869569	1	1262,72904938291	164,278228869569
9639	698,208174787546	258,951690732468	1	1301,79182521245	258,951690732468
9696	689,319851435452	293,037708236319	1	1310,68014856455	293,037708236319
9716	679,016762969693	262,664886697722	1	1320,98323703031	262,664886697722
9736	681,644379571445	232,068540024313	1	1318,35562042855	232,068540024313
9743	718,677095891025	214,052731582806	1	1281,32290410897	214,052731582806
9746	744,941375627223	209,0884050423	1	1255,05862437278	209,0884050423
9771	752,579133732968	210,588057778958	1	1247,42086626703	210,588057778958
9786	760,762114420255	206,078165205591	1	1239,23788557975	206,078165205591
9821	808,816960194842	188,748184713207	1	1191,18303980516	188,748184713207
9833	814,715125855705	194,865671621681	1	1185,28487414429	194,865671621681
9846	839,032760313959	219,181598456842	1	1160,96723968604	219,181598456842
9866	845,899221266874	221,630153044087	1	1154,10077873313	221,630153044087
9891	872,997185519045	255,647235005258	1	1127,00281448095	255,647235005258
9907	871,714433173285	254,993308296545	1	1128,28556682672	254,993308296545
9945	870,386882765471	263,984506647644	1	1129,61311723453	263,984506647644
9985	854,864128849072	283,366655595962	1	1145,13587115093	283,366655595962
9998	842,968240890555	286,594056725031	1	1157,03175910944	286,594056725031
10019	854,41796720168	288,724081022883	1	1145,58203279832	288,724081022883
10036	841,254245106524	302,069311738984	1	1158,74575489348	302,069311738984
10059	837,633794074393	322,75001550868	1	1162,36620592561	322,75001550868
10076	845,338125371238	339,484611290074	1	1154,66187462876	339,484611290074
10090	848,894574121636	339,816794587402	1	1151,10542587836	339,816794587402
