6	704,303976015751	627,445913387236	1	1295,69602398425	627,445913387236
49	704,303976015751	627,445913387236	1	1295,69602398425	627,445913387236
132	704,303976015751	627,445913387236	1	1295,69602398425	627,445913387236
461	773,624230048417	780,803885699429	1	1226,37576995158	780,803885699429
538	674,045757799858	565,755475448119	1	1325,95424220014	565,755475448119
556	665,971666908487	590,767207466649	1	1334,02833309151	590,767207466649
587	659,658625828024	610,323600112073	1	1340,34137417198	610,323600112073
638	659,658625828024	610,323600112073	1	1340,34137417198	610,323600112073
675	659,658625828024	610,323600112073	1	1340,34137417198	610,323600112073
734	1045,04185154986	631,664059272961	1	954,958148450142	631,664059272961
779	878,329343924307	349,227634059135	1	1121,67065607569	349,227634059135
849	750,931705055702	208,504129236326	1	1249,0682949443	208,504129236326
975	715,827374010796	265,047289601933	1	1284,1726259892	265,047289601933
1011	608,194631434567	95,5581378591804	1	1391,80536856543	95,5581378591804
1071	489,478200013199	324,933858028093	1	1510,5217999868	324,933858028093
1094	524,965608064843	112,412307820937	1	1475,03439193516	112,412307820937
1188	566,724403159132	311,722174269442	1	1433,27559684087	311,722174269442
1203	513,904756712682	293,42019582572	1	1486,09524328732	293,42019582572
1323	683,534620957853	253,895701132697	1	1316,46537904215	253,895701132697
1393	703,643660560781	159,853955748658	1	1296,35633943922	159,853955748658
1440	848,431776719572	242,232683919706	1	1151,56822328043	242,232683919706
1486	837,721296714886	248,790537011035	1	1162,27870328511	248,790537011035
1501	833,011817314864	251,674074819655	1	1166,98818268514	251,674074819655
1527	827,16683469405	278,567440884143	1	1172,83316530595	278,567440884143
1549	826,013412458336	279,020979556147	1	1173,98658754166	279,020979556147
1577	729,368615842016	80,6042905032057	1	1270,63138415798	80,6042905032057
1595	733,953144301369	92,155269051938	1	1266,04685569863	92,155269051938
1617	743,217881953728	108,917712179822	1	1256,78211804627	108,917712179822
1663	840,814478317647	312,953463228181	1	1159,18552168235	312,953463228181
1845	829,584216762901	300,669155344556	1	1170,4157832371	300,669155344556
1850	773,340749894917	29,790611154177	1	1226,65925010508	29,790611154177
1887	781,097235567284	31,2287136504983	1	1218,90276443272	31,2287136504983
1901	784,503650356651	31,8602849340689	1	1215,49634964335	31,8602849340689
1935	712,846218568075	13,188153865927	1	1287,15378143193	13,188153865927
1954	773,875704600838	87,6427651023967	1	1226,12429539916	87,6427651023967
1982	788,74177217734	91,4449354427923	1	1211,25822782266	91,4449354427923
2037	915,827648269305	125,399169267933	1	1084,1723517307	125,399169267933
2070	884,099199336776	135,112933808769	1	1115,90080066322	135,112933808769
2116	717,647535877734	39,8712417021343	1	1282,35246412227	39,8712417021343
2133	779,153495637901	94,8471139288923	1	1220,8465043621	94,8471139288923
2206	854,717183094039	187,483877115295	1	1145,28281690596	187,483877115295
2251	908,926490363951	212,818217777015	1	1091,07350963605	212,818217777015
2301	904,999326600771	209,902913024983	1	1095,00067339923	209,902913024983
2339	902,281282717597	219,331301894702	1	1097,7187172824	219,331301894702
2426	846,287823032021	-64,1647565025081	1	1153,71217696798	-64,1647565025081
2445	955,089374036079	264,932259772169	1	1044,91062596392	264,932259772169
2476	832,800962486392	134,909728712749	1	1167,19903751361	134,909728712749
2520	808,746067690084	126,587062786619	1	1191,25393230992	126,587062786619
2537	877,796175107781	190,932250459754	1	1122,20382489222	190,932250459754
2563	866,94878395962	189,771247358181	1	1133,05121604038	189,771247358181
2581	801,219058919751	150,267647867712	1	1198,78094108025	150,267647867712
2700	837,838554999589	208,152046600671	1	1162,16144500041	208,152046600671
2746	866,640662529708	161,291752748478	1	1133,35933747029	161,291752748478
2805	853,871677644038	147,15226553077	1	1146,12832235596	147,15226553077
2812	848,320918945088	153,260866751631	1	1151,67908105491	153,260866751631
2852	895,54497993026	145,112384361041	1	1104,45502006974	145,112384361041
2879	927,051542991456	153,570503526349	1	1072,94845700854	153,570503526349
2923	959,170659384889	139,744457364828	1	1040,82934061511	139,744457364828
3111	670,383687929814	-5,93024221310305	1	1329,61631207019	-5,93024221310305
3148	678,629537539189	-76,9067991673066	1	1321,37046246081	-76,9067991673066
3192	785,022770970594	-96,7703880851876	1	1214,97722902941	-96,7703880851876
3253	734,513815535319	-73,1610466828099	1	1265,48618446468	-73,1610466828099
3283	684,339231709163	40,8814400077997	1	1315,66076829084	40,8814400077997
3376	680,496077552968	-27,0010621764866	1	1319,50392244703	-27,0010621764866
3396	770,602703403115	211,684636012024	1	1229,39729659689	211,684636012024
3553	794,411039506733	192,330311817771	1	1205,58896049327	192,330311817771
3598	797,928524017334	156,150681037704	1	1202,07147598267	156,150681037704
3704	762,090824954332	-127,136664232601	1	1237,90917504567	-127,136664232601
3782	734,722470774234	-109,271190215634	1	1265,27752922577	-109,271190215634
3798	734,722470774234	-109,271190215634	1	1265,27752922577	-109,271190215634
3823	786,47899689412	37,0647702211918	1	1213,52100310588	37,0647702211918
3886	918,295428706291	89,9631796586967	1	1081,70457129371	89,9631796586967
4139	795,4102037794	-176,347677282762	0			1204,5897962206	-176,347677282762
4586	825,316619873047	101,229546410854	1	1174,68338012695	101,229546410854
4645	838,710308383584	93,7651398659822	1	1161,28969161642	93,7651398659822
5069	294,328431558455	-139,057499716621	1	1705,67156844155	-139,057499716621
5098	686,026336768684	88,897136303405	1	1313,97366323132	88,897136303405
5134	766,510264810411	74,0438523705036	1	1233,48973518959	74,0438523705036
5357	1010,1151450938	-58,8102674971242	1	989,8848549062	-58,8102674971242
5376	969,676015909436	419,434302975478	1	1030,32398409056	419,434302975478
5402	975,270602908947	442,530004797289	1	1024,72939709105	442,530004797289
5416	1040,67003301716	404,869218823699	1	959,329966982841	404,869218823699
5487	1004,13143797629	363,001495259543	1	995,868562023707	363,001495259543
5527	976,889589682108	326,545943804841	1	1023,11041031789	326,545943804841
5535	962,457773743771	257,591612068714	1	1037,54222625623	257,591612068714
5587	984,542407562981	226,95165528234	1	1015,45759243702	226,95165528234
5646	984,796075357071	241,556668225011	1	1015,20392464293	241,556668225011
5672	979,167379785677	324,992876359717	1	1020,83262021432	324,992876359717
5688	977,784649133387	241,60664793095	1	1022,21535086661	241,60664793095
5726	967,689091556223	138,607659532918	1	1032,31090844378	138,607659532918
5853	850,87337555623	298,73529072974	1	1149,12662444377	298,73529072974
6623	303,95551267951	89,2713263104671	1	1696,04448732049	89,2713263104671
7091	179,950721518507	192,124777378883	0			1820,04927848149	192,124777378883
7156	86,4553309567152	318,325099538886	0			1913,54466904328	318,325099538886
7201	86,4553309567152	318,325099538886	0			1913,54466904328	318,325099538886
7290	424,027111460862	106,906572086022	1	1575,97288853914	106,906572086022
7334	298,632654480178	183,362503132228	1	1701,36734551982	183,362503132228
7377	199,047771154505	246,695116845958	0			1800,9522288455	246,695116845958
7739	660,565136165681	106,645345093433	1	1339,43486383432	106,645345093433
7783	547,427417545257	113,380104390633	1	1452,57258245474	113,380104390633
7802	624,627245091438	210,858236718933	1	1375,37275490856	210,858236718933
7830	714,085441921001	268,014168862304	1	1285,914558079	268,014168862304
8188	706,673621514083	67,1470614398968	1	1293,32637848592	67,1470614398968
8235	661,873293385922	8,04599158108779	1	1338,12670661408	8,04599158108779
8281	662,996579374923	61,4468716282847	1	1337,00342062508	61,4468716282847
8506	719,859121378186	60,0380379679074	1	1280,14087862181	60,0380379679074
8518	829,795360873818	319,629015942089	1	1170,20463912618	319,629015942089
8547	793,84755617431	321,225689207216	1	1206,15244382569	321,225689207216
8574	681,14592985239	233,217881381797	1	1318,85407014761	233,217881381797
8600	685,286231628328	227,300705449293	1	1314,71376837167	227,300705449293
8816	715,763040190761	102,263334725628	1	1284,23695980924	102,263334725628
9007	765,49291518128	35,1952430086865	1	1234,50708481872	35,1952430086865
9016	924,354271749848	329,835587679749	1	1075,64572825015	329,835587679749
9086	940,567123995217	321,811651121723	1	1059,43287600478	321,811651121723
9177	926,878549520252	328,601851714528	1	1073,12145047975	328,601851714528
9542	686,538271610791	51,6996784971334	1	1313,46172838921	51,6996784971334
9948	730,520866912545	-21,3592295531841	1	1269,47913308745	-21,3592295531841
9988	715,702775381144	125,283973843586	1	1284,29722461886	125,283973843586
