318	680,762143428272	112,453655218029	1	1319,23785657173	112,453655218029
391	721,826028669536	322,929067547127	1	1278,17397133046	322,929067547127
453	756,930206200066	347,104870216544	1	1243,06979379993	347,104870216544
486	747,554557961785	361,589377282783	1	1252,44544203821	361,589377282783
709	742,275808389904	369,744555840212	1	1257,7241916101	369,744555840212
5485	978,872769550212	930,533109979554	1	1021,12723044979	930,533109979554
5490	1001,80683814978	983,129835488915	0			998,193161850223	983,129835488915
5507	996,962851418156	989,481100610627	0			1003,03714858184	989,481100610627
5526	991,642824636358	994,633289633828	0			1008,35717536364	994,633289633828
5551	991,291760963865	995,102963482844	0			1008,70823903614	995,102963482844
5562	990,586973492548	1010,12306571022	0			1009,41302650745	1010,12306571022
5571	984,122134434293	1011,72999503913	0			1015,87786556571	1011,72999503913
5587	977,513056459154	1020,22732345955	0			1022,48694354085	1020,22732345955
5604	979,520986959282	1032,10856997122	0			1020,47901304072	1032,10856997122
5612	950,64277324469	948,744431099269	1	1049,35722675531	948,744431099269
5630	917,331364851281	863,152623042919	1	1082,66863514872	863,152623042919
5646	903,996489077006	819,14047159576	1	1096,00351092299	819,14047159576
5674	878,190777769584	735,05146149069	1	1121,80922223042	735,05146149069
5691	893,141605812814	757,400077390791	1	1106,85839418719	757,400077390791
5710	881,647959176954	762,915156903452	1	1118,35204082305	762,915156903452
5744	881,40443140701	761,445156097485	1	1118,59556859299	761,445156097485
5761	881,073736150813	766,099469827628	1	1118,92626384919	766,099469827628
5766	881,119317585642	773,362280085324	1	1118,88068241436	773,362280085324
5768	869,555536184405	779,061430635928	1	1130,4444638156	779,061430635928
5784	851,965731155719	786,947148115308	1	1148,03426884428	786,947148115308
5805	844,669886742574	798,613694691573	1	1155,33011325743	798,613694691573
5826	841,843798589044	810,899405673182	1	1158,15620141096	810,899405673182
5841	843,423430499839	817,699019201397	1	1156,57656950016	817,699019201397
6959	777,477217492162	1079,49430397583	0			1222,52278250784	1079,49430397583
6979	777,477217492162	1079,49430397583	0			1222,52278250784	1079,49430397583
6995	777,477217492162	1079,49430397583	0			1222,52278250784	1079,49430397583
7114	399,684829465008	1056,06102649174	0			1600,31517053499	1056,06102649174
7129	399,684829465008	1056,06102649174	0			1600,31517053499	1056,06102649174
7152	420,059483671413	1053,44088726799	0			1579,94051632859	1053,44088726799
7176	424,982622559066	1049,85922515164	0			1575,01737744093	1049,85922515164
7188	422,335378024642	1047,53565620864	0			1577,66462197536	1047,53565620864
7205	392,060744452024	1033,06246067884	0			1607,93925554798	1033,06246067884
7223	401,989937868631	1024,29718575291	0			1598,01006213137	1024,29718575291
7237	429,235603371868	962,259371839443	1	1570,76439662813	962,259371839443
7268	436,758667550835	951,15763752002	1	1563,24133244916	951,15763752002
7279	429,493116208612	962,822562162635	1	1570,50688379139	962,822562162635
7297	456,766052571326	909,533482553167	1	1543,23394742867	909,533482553167
7329	465,158303734647	904,041508066455	1	1534,84169626535	904,041508066455
7354	468,248432616826	888,802628579906	1	1531,75156738317	888,802628579906
7369	494,582969525611	866,880526281359	1	1505,41703047439	866,880526281359
7410	508,624700051601	843,593266068595	1	1491,3752999484	843,593266068595
7504	453,182282185477	850,079876142167	1	1546,81771781452	850,079876142167
7552	567,5863815357	755,290868855745	1	1432,4136184643	755,290868855745
