2	979,801475174142	331,090941565786	1	1020,19852482586	331,090941565786
22	953,506105142094	432,214977911322	1	1046,49389485791	432,214977911322
67	1023,5230654855	277,951676480981	1	976,476934514501	277,951676480981
76	1018,83070148725	291,407454856635	1	981,169298512746	291,407454856635
91	986,164878481136	270,68157276893	1	1013,83512151886	270,68157276893
122	922,21599367163	350,338385686795	1	1077,78400632837	350,338385686795
135	892,059189750087	396,60613785512	1	1107,94081024991	396,60613785512
153	910,784973103842	366,642729332527	1	1089,21502689616	366,642729332527
192	918,802233226036	379,125156036659	1	1081,19776677396	379,125156036659
208	983,346973890479	200,379280720421	1	1016,65302610952	200,379280720421
217	989,474284511331	178,930301061346	1	1010,52571548867	178,930301061346
240	981,482994984873	200,709147612865	1	1018,51700501513	200,709147612865
256	966,712456749406	267,687956276381	1	1033,28754325059	267,687956276381
290	991,715858728356	144,25233234563	1	1008,28414127164	144,25233234563
303	956,850496896006	262,054136854262	1	1043,14950310399	262,054136854262
344	1000,03313920796	101,041718491604	1	999,966860792041	101,041718491604
360	924,839984753841	405,121274387515	1	1075,16001524616	405,121274387515
376	967,26719084952	245,592517368875	1	1032,73280915048	245,592517368875
392	960,423579818378	249,031031279318	1	1039,57642018162	249,031031279318
416	1015,56755212289	31,826406805042	1	984,432447877105	31,826406805042
466	1022,52627672878	31,4954984149916	1	977,473723271215	31,4954984149916
507	965,542034435132	31,5761326104563	1	1034,45796556487	31,5761326104563
540	949,959460912902	44,3862514670192	1	1050,0405390871	44,3862514670192
573	991,107471955512	27,8143412565503	1	1008,89252804449	27,8143412565503
617	1029,17480316584	27,8325377012716	1	970,825196834158	27,8325377012716
660	1041,86412919807	17,8809233363466	1	958,135870801926	17,8809233363466
704	1014,55143972293	37,7691658637111	1	985,448560277072	37,7691658637111
753	1020,98430938977	17,6226438492808	1	979,015690610229	17,6226438492808
886	862,757300713301	8,26597007158145	1	1137,2426992867	8,26597007158145
1028	701,625253621814	157,778975013803	1	1298,37474637819	157,778975013803
1066	736,550710733654	140,057644841991	1	1263,44928926635	140,057644841991
1263	822,76058258748	109,370510545696	1	1177,23941741252	109,370510545696
1363	833,750056294562	105,628859973496	1	1166,24994370544	105,628859973496
1410	792,260837246299	87,9262558193263	1	1207,7391627537	87,9262558193263
1466	862,633412900786	58,294468805551	1	1137,36658709921	58,294468805551
1501	874,939414396326	43,7264142769838	1	1125,06058560367	43,7264142769838
1609	661,013793945313	96,1152724017587	1	1338,98620605469	96,1152724017587
1694	509,831143968699	151,001389307438	1	1490,1688560313	151,001389307438
1709	502,512258387692	287,107840816249	1	1497,48774161231	287,107840816249
1736	496,919819964902	277,47792903802	1	1503,0801800351	277,47792903802
1788	629,360735552336	71,8160567903301	1	1370,63926444766	71,8160567903301
1922	565,934185534233	52,6301601373506	1	1434,06581446577	52,6301601373506
1961	540,020988982858	78,9623245171322	1	1459,97901101714	78,9623245171322
2098	778,569697407843	118,838486732765	1	1221,43030259216	118,838486732765
2190	752,070617675781	133,200589856551	1	1247,92938232422	133,200589856551
2230	830,13248381877	153,06149441276	1	1169,86751618123	153,06149441276
2485	609,156043784132	-41,3442707007461	1	1390,84395621587	-41,3442707007461
2532	271,049109400283	81,7384689791341	1	1728,95089059972	81,7384689791341
2549	278,17482078543	57,5929624249433	1	1721,82517921457	57,5929624249433
2591	287,640071080802	46,0414930483969	1	1712,3599289192	46,0414930483969
2620	253,466084714769	10,2436913543049	1	1746,53391528523	10,2436913543049
2758	514,875788518912	74,0191471391352	1	1485,12421148109	74,0191471391352
2864	525,48670105178	67,1077550038809	1	1474,51329894822	67,1077550038809
2908	477,47583481872	84,5603057423415	1	1522,52416518128	84,5603057423415
3995	916,925908060907	-16,7290134215915	1	1083,07409193909	-16,7290134215915
4171	865,14120256245	-85,7319812446566	1	1134,85879743755	-85,7319812446566
4433	1212,57237307848	121,159818830676	1	787,427626921521	121,159818830676
4473	1161,84433625354	111,085745325095	1	838,15566374646	111,085745325095
6104	1275,64077037824	420,76168927534	1	724,359229621764	420,76168927534
6120	1201,53046148109	632,952853922614	1	798,469538518912	632,952853922614
6160	1233,17366647886	667,498007504147	1	766,82633352114	667,498007504147
6165	1262,80817813786	697,467558848855	1	737,191821862136	697,467558848855
6197	1255,40112884637	692,801748936013	1	744,598871153625	692,801748936013
6210	1254,98046746515	698,475741996162	1	745,019532534849	698,475741996162
6232	1236,84345902856	728,615113186553	1	763,15654097144	728,615113186553
6251	1234,27420246512	749,772582609558	1	765,725797534879	749,772582609558
6256	1230,1878402836	790,408480801376	1	769,812159716398	790,408480801376
6271	1225,24227654444	804,235835283535	1	774,757723455558	804,235835283535
6286	1172,0055538771	845,926313928065	1	827,994446122901	845,926313928065
6304	1166,99970223509	846,557440096776	1	833,000297764912	846,557440096776
6323	1165,2883547152	837,91160448349	1	834,711645284798	837,91160448349
6375	1180,07379719082	791,053232496323	1	819,926202809177	791,053232496323
6380	1197,01521109073	786,164317215802	1	802,984788909268	786,164317215802
6396	1219,23833029822	760,213395712532	1	780,761669701783	760,213395712532
6405	1260,53467767918	804,389100160234	1	739,465322320816	804,389100160234
6412	1346,70426033344	940,119402383187	1	653,295739666565	940,119402383187
6429	1345,1985965837	936,978890488	1	654,801403416305	936,978890488
6433	1339,31551459158	939,222374278181	1	660,684485408422	939,222374278181
6450	1333,79592696447	995,791033174395	0			666,204073035535	995,791033174395
6465	1383,49578450657	1016,3545304572	0			616,504215493427	1016,3545304572
6493	1388,92018485072	1025,51505990139	0			611,079815149282	1025,51505990139
6510	1395,62937550552	1033,93927443483	0			604,370624494478	1033,93927443483
6527	1362,32460287553	1043,24910993709	0			637,675397124472	1043,24910993709
6539	1351,34024116902	1043,13565430333	0			648,659758830981	1043,13565430333
6564	1406,36218570476	995,14010476535	0			593,637814295242	995,14010476535
6578	1428,25988214586	948,493682931879	1	571,740117854145	948,493682931879
6597	1492,5941453593	972,546911021078	0			507,405854640702	972,546911021078
6604	1464,06998344148	961,459201056532	0			535,930016558525	961,459201056532
6616	1426,97957622216	947,587900349715	1	573,020423777838	947,587900349715
6653	1475,5838312976	968,606966805508	0			524,416168702401	968,606966805508
6673	1457,17242099835	967,787955079923	0			542,82757900165	967,787955079923
6679	1459,17853721895	965,717434524159	0			540,821462781045	965,717434524159
6727	1287,46807957402	963,226982060121	1	712,531920425977	963,226982060121
6751	1250,99791092983	963,127580553702	1	749,002089070171	963,127580553702
6782	1174,70223293782	971,483045742726	1	825,297767062176	971,483045742726
6818	1116,53847973033	970,273310995833	1	883,461520269671	970,273310995833
6826	1059,43360298426	968,442981708547	1	940,566397015744	968,442981708547
6842	1068,22410667316	963,848899070086	1	931,775893326837	963,848899070086
6847	1043,4362396979	957,834236064465	1	956,563760302097	957,834236064465
6882	1077,09892665712	957,950576609123	1	922,901073342879	957,950576609123
6915	1041,69475070129	963,127864714977	1	958,305249298708	963,127864714977
6926	1032,33393303618	996,32695404981	0			967,66606696382	996,32695404981
6940	1019,37334470804	1024,8873933858	0			980,626655291958	1024,8873933858
6955	1009,94101231945	1049,87031353195	0			990,05898768055	1049,87031353195
6959	1025,05643598832	1009,53044404643	0			974,943564011682	1009,53044404643
6978	1075,19533231742	879,383088265987	1	924,804667682578	879,383088265987
7019	1147,05595624998	802,215057920262	1	852,94404375002	802,215057920262
7023	1143,72477295651	793,563848557413	1	856,27522704349	793,563848557413
7027	1132,69238663949	700,161046348911	1	867,307613360508	700,161046348911
7042	1118,66107425524	687,496806505887	1	881,338925744759	687,496806505887
7052	1125,88789092537	716,282922342534	1	874,112109074627	716,282922342534
7068	1133,21416470367	733,520381371811	1	866,785835296326	733,520381371811
7097	1135,87575609465	737,988140804745	1	864,124243905354	737,988140804745
7109	1146,59990185376	750,418178520197	1	853,400098146242	750,418178520197
7127	1155,3898281052	747,599502469544	1	844,610171894801	747,599502469544
7152	1154,61770136747	744,215582099141	1	845,382298632534	744,215582099141
7173	1053,99532232549	650,494533922418	1	946,00467767451	650,494533922418
7197	833,14651423698	719,066326413023	1	1166,85348576302	719,066326413023
7219	682,114653666619	731,878820941345	1	1317,88534633338	731,878820941345
7242	617,268146576349	746,001256713784	1	1382,73185342365	746,001256713784
7258	601,077304881253	732,611690354649	1	1398,92269511875	732,611690354649
7291	600,651099645261	700,808834398194	1	1399,34890035474	700,808834398194
7306	593,936735563113	711,301331242659	1	1406,06326443689	711,301331242659
7336	576,968591844236	664,430464393859	1	1423,03140815576	664,430464393859
7358	569,728213870753	634,358258905607	1	1430,27178612925	634,358258905607
7410	571,833524411247	664,12191909147	1	1428,16647558875	664,12191909147
7428	582,588362899376	741,230811791766	1	1417,41163710062	741,230811791766
7464	582,34137913838	781,440341695688	1	1417,65862086162	781,440341695688
7497	596,451775072901	808,739159216542	1	1403,5482249271	808,739159216542
7513	593,407687882209	805,43931351998	1	1406,59231211779	805,43931351998
8229	747,488353939118	390,511952896707	1	1252,51164606088	390,511952896707
8260	744,117736816406	384,557998562019	1	1255,88226318359	384,557998562019
8328	759,471163737663	367,941259548753	1	1240,52883626234	367,941259548753
8360	781,787549936796	374,787851188111	1	1218,2124500632	374,787851188111
8399	811,565756227383	364,553346915802	1	1188,43424377262	364,553346915802
8628	661,522005445363	141,470410875517	1	1338,47799455464	141,470410875517
8667	695,164109510897	41,520868745381	1	1304,8358904891	41,520868745381
8717	750,505084452174	53,6733584168893	1	1249,49491554783	53,6733584168893
8755	777,110287666553	79,197761825939	1	1222,88971233345	79,197761825939
8891	640,185161701684	35,1117480108082	1	1359,81483829832	35,1117480108082
8981	599,192814996713	119,246790881466	1	1400,80718500329	119,246790881466
9073	544,61336105001	72,5369997443777	1	1455,38663894999	72,5369997443777
9120	686,058859223301	38,0647073903686	1	1313,9411407767	38,0647073903686
9163	703,258490759893	-30,4399031183988	1	1296,74150924011	-30,4399031183988
9210	668,974429616599	-67,3801779206989	1	1331,0255703834	-67,3801779206989
9253	646,6686034048	-86,1796270217713	1	1353,3313965952	-86,1796270217713
9350	649,426506560983	-89,5900473855611	1	1350,57349343902	-89,5900473855611
9526	630,897912084092	-46,7043903272429	1	1369,10208791591	-46,7043903272429
9573	562,005891769064	-43,2667054914505	1	1437,99410823094	-43,2667054914505
9619	581,853781978565	-60,9865252010133	1	1418,14621802144	-60,9865252010133
9655	556,664975220716	-26,8065850724744	1	1443,33502477928	-26,8065850724744
9703	520,628945565593	5,11792379241611	1	1479,37105443441	5,11792379241611
9760	653,732635596809	262,108194360597	1	1346,26736440319	262,108194360597
