489	783,888531039834	-8,26626786104274	1	1216,11146896017	-8,26626786104274
536	882,318875704768	-69,6840439391478	1	1117,68112429523	-69,6840439391478
580	820,453245311975	-50,967108460695	1	1179,54675468803	-50,967108460695
606	803,354265915605	-83,9317436573742	1	1196,6457340844	-83,9317436573742
663	846,21558009459	-127,497272879461	1	1153,78441990541	-127,497272879461
710	841,188849215479	-126,752452542615	1	1158,81115078452	-126,752452542615
738	842,471816035289	-123,20934512875	1	1157,52818396471	-123,20934512875
764	848,396466131899	-129,127834555005	1	1151,6035338681	-129,127834555005
804	882,012283857505	-125,648085404106	1	1117,98771614249	-125,648085404106
843	959,576865885263	-24,0262896227747	1	1040,42313411474	-24,0262896227747
888	959,604307919423	-25,7761858244746	1	1040,39569208058	-25,7761858244746
985	1029,64821232175	103,588748624356	1	970,351787678246	103,588748624356
1070	916,081045206311	-31,9090465026184	1	1083,91895479369	-31,9090465026184
1119	802,513790130615	-167,40692929494	0			1197,48620986938	-167,40692929494
1175	802,513790130615	-167,40692929494	0			1197,48620986938	-167,40692929494
1234	942,763037820464	8,48830870846095	1	1057,23696217954	8,48830870846095
1249	986,835888033517	25,2525825707516	1	1013,16411196648	25,2525825707516
1292	985,86373643382	24,8827998089558	1	1014,13626356618	24,8827998089558
1357	938,930513943669	22,4403476969715	1	1061,06948605633	22,4403476969715
2332	752,135993439017	34,063347062543	1	1247,86400656098	34,063347062543
2915	925,1786216563	54,9271288476963	1	1074,8213783437	54,9271288476963
2988	925,1786216563	54,9271288476963	1	1074,8213783437	54,9271288476963
3101	925,1786216563	54,9271288476963	1	1074,8213783437	54,9271288476963
3440	1052,30855108465	-126,345862391998	1	947,691448915352	-126,345862391998
3483	1052,30855108465	-126,345862391998	1	947,691448915352	-126,345862391998
4308	1006,52789760948	-49,8137460390633	1	993,472102390524	-49,8137460390633
4462	1006,52789760948	-49,8137460390633	1	993,472102390524	-49,8137460390633
4703	736,516143897591	33,9080431381287	1	1263,48385610241	33,9080431381287
4742	745,359278805433	-13,3633195918388	1	1254,64072119457	-13,3633195918388
4789	738,698123906767	-54,1844382420743	1	1261,30187609323	-54,1844382420743
