89	832,715033867598	95,7857699534035	1	1167,2849661324	95,7857699534035
290	855,382253899929	109,233946136543	1	1144,61774610007	109,233946136543
335	968,619633646845	118,937605855443	1	1031,38036635316	118,937605855443
377	955,941792872257	119,587431362885	1	1044,05820712774	119,587431362885
736	926,899240240696	-3,70299202775841	1	1073,1007597593	-3,70299202775841
830	902,785682060958	-8,15363526152884	1	1097,21431793904	-8,15363526152884
1777	982,923311400182	-48,7738213575224	1	1017,07668859982	-48,7738213575224
1829	1020,12062443113	-49,4958217502749	1	979,879375568871	-49,4958217502749
1869	952,466944657591	3,54542504044898	1	1047,53305534241	3,54542504044898
2414	868,223665601613	-60,7375709160559	1	1131,77633439839	-60,7375709160559
2450	795,406007612407	-80,1982497564102	1	1204,59399238759	-80,1982497564102
2497	744,799021412084	50,6602084282972	1	1255,20097858792	50,6602084282972
3022	703,064725314143	-110,879996181205	1	1296,93527468586	-110,879996181205
3036	706,306738992339	-19,8931311123426	1	1293,69326100766	-19,8931311123426
3051	675,247866089095	55,7310266101668	1	1324,75213391091	55,7310266101668
3090	706,183860745602	31,5653797089871	1	1293,8161392544	31,5653797089871
3137	755,552361907317	174,115497326348	1	1244,44763809268	174,115497326348
3168	748,021351563574	29,9441895333882	1	1251,97864843643	29,9441895333882
3186	750,188530888217	48,4924588793173	1	1249,81146911178	48,4924588793173
3211	728,103716108409	-89,5319693722541	1	1271,89628389159	-89,5319693722541
3229	727,019212402416	-93,1173227168472	1	1272,98078759758	-93,1173227168472
3444	773,009537878932	-96,4904277770112	1	1226,99046212107	-96,4904277770112
3482	816,012478183388	-56,0334487075835	1	1183,98752181661	-56,0334487075835
3532	829,717304731165	-70,835808670291	1	1170,28269526884	-70,835808670291
3571	811,838008858243	-86,9949400792135	1	1188,16199114176	-86,9949400792135
3618	896,430527624768	-133,400257119879	1	1103,56947237523	-133,400257119879
3634	938,749126940483	-152,23370015941	1	1061,25087305952	-152,23370015941
3665	883,382111458473	-159,594969244561	1	1116,61788854153	-159,594969244561
3755	888,096426065686	-113,401737842544	1	1111,90357393431	-113,401737842544
3798	807,819461513877	-88,997045463579	1	1192,18053848612	-88,997045463579
3843	856,541291697686	-107,111628895338	1	1143,45870830231	-107,111628895338
4039	956,220815714123	-128,098805453914	1	1043,77918428588	-128,098805453914
4065	975,104431349868	-149,732208501485	1	1024,89556865013	-149,732208501485
5013	860,284137417198	-168,560909398801	0			1139,7158625828	-168,560909398801
5015	860,284137417198	-168,560909398801	0			1139,7158625828	-168,560909398801
5042	860,284137417198	-168,560909398801	0			1139,7158625828	-168,560909398801
5072	860,284137417198	-168,560909398801	0			1139,7158625828	-168,560909398801
5100	860,284137417198	-168,560909398801	0			1139,7158625828	-168,560909398801
6013	190,214187967739	29,1020303290953	0			1809,78581203226	29,1020303290953
6050	312,589636744033	46,7252596183472	1	1687,41036325597	46,7252596183472
6235	314,208273285801	-29,5990633122813	1	1685,7917267142	-29,5990633122813
6593	485,952847675212	-98,257315893689	1	1514,04715232479	-98,257315893689
6636	460,449455779733	-111,580674409127	1	1539,55054422027	-111,580674409127
7485	534,107827985943	-137,954667204385	1	1465,89217201406	-137,954667204385
7507	612,835357567253	125,663457307992	1	1387,16464243275	125,663457307992
7534	657,87908488878	170,481648225702	1	1342,12091511122	170,481648225702
7556	704,909592916065	325,872499950945	1	1295,09040708393	325,872499950945
7571	705,788410934619	297,43528809637	1	1294,21158906538	297,43528809637
7646	653,9473112513	173,087830952223	1	1346,0526887487	173,087830952223
7657	658,377758102279	78,4500053020447	1	1341,62224189772	78,4500053020447
7689	660,011249876215	97,7632042544923	1	1339,98875012378	97,7632042544923
7711	661,180100530273	113,71689929613	1	1338,81989946973	113,71689929613
7732	647,897263298128	86,5947987635993	1	1352,10273670187	86,5947987635993
7750	608,122660604695	28,0407842285964	1	1391,87733939531	28,0407842285964
7792	594,846657598132	13,790493983068	1	1405,15334240187	13,790493983068
7832	583,508922096452	23,0548291683391	1	1416,49107790355	23,0548291683391
7882	554,43216892853	35,1802766716859	1	1445,56783107147	35,1802766716859
7934	523,67344198444	37,6186719838851	1	1476,32655801556	37,6186719838851
7953	543,026455790744	51,9369059309655	1	1456,97354420926	51,9369059309655
7978	551,752922297082	66,9723021595517	1	1448,24707770292	66,9723021595517
7998	553,567722532973	71,3991524059486	1	1446,43227746703	71,3991524059486
8015	558,027856204151	72,1240424146729	1	1441,97214379585	72,1240424146729
8105	592,49947824938	92,0307656173285	1	1407,50052175062	92,0307656173285
8138	569,411609242263	112,760648679551	1	1430,58839075774	112,760648679551
8168	544,554166593248	109,919075496448	1	1455,44583340675	109,919075496448
8203	547,02547449989	103,922894092267	1	1452,97452550011	103,922894092267
8243	503,618656436393	75,7265718754621	1	1496,38134356361	75,7265718754621
8291	497,082420768861	69,6903815132984	1	1502,91757923114	69,6903815132984
8903	772,491121755063	153,173870765042	1	1227,50887824494	153,173870765042
8914	701,322655538911	-0,293615381797241	1	1298,67734446109	-0,293615381797241
8932	625,455113065871	-83,665220524014	1	1374,54488693413	-83,665220524014
8959	633,339617685164	-75,000859132642	1	1366,66038231484	-75,000859132642
