31	1008,1783441761	-76,7599892620148	1	991,821655823902	-76,7599892620148
48	878,811052449784	1,40758751805593	1	1121,18894755022	1,40758751805593
50	1042,04940309054	-93,7193174700573	1	957,95059690946	-93,7193174700573
67	902,714537937759	-7,35309060377629	1	1097,28546206224	-7,35309060377629
92	935,215478040751	-13,9784090184006	1	1064,78452195925	-13,9784090184006
105	828,27456644142	37,1197369029436	1	1171,72543355858	37,1197369029436
143	917,53046347229	61,9215776416755	1	1082,46953652771	61,9215776416755
155	888,655828444681	66,0605589146723	1	1111,34417155532	66,0605589146723
169	673,794664454735	160,721365419562	1	1326,20533554527	160,721365419562
185	719,5033751489	122,164881147163	1	1280,4966248511	122,164881147163
226	714,555396462903	135,098382195957	1	1285,4446035371	135,098382195957
326	1005,47609792172	54,5254668114168	1	994,523902078277	54,5254668114168
360	995,34912109375	46,7638984756341	1	1004,65087890625	46,7638984756341
403	1025,40288755577	80,2126526471582	1	974,59711244423	80,2126526471582
454	1004,71411452498	88,0207879289947	1	995,285885475024	88,0207879289947
513	974,665520973976	61,6250384597874	1	1025,33447902602	61,6250384597874
599	974,608703415757	-7,87914429052639	1	1025,39129658424	-7,87914429052639
631	982,63607086873	-58,5080617472919	1	1017,36392913127	-58,5080617472919
649	979,621334934578	-47,8953494668757	1	1020,37866506542	-47,8953494668757
682	983,715627293089	-43,6521348180963	1	1016,28437270691	-43,6521348180963
693	980,290531534739	-36,4318679609698	1	1019,70946846526	-36,4318679609698
735	990,205689712765	-29,3281217526415	1	1009,79431028723	-29,3281217526415
768	969,117833163034	-38,3718129840419	1	1030,88216683697	-38,3718129840419
786	970,583115874275	-36,5775794420402	1	1029,41688412573	-36,5775794420402
812	983,199954150089	-22,8975831259359	1	1016,80004584991	-22,8975831259359
839	982,253280725521	-26,2301305777166	1	1017,74671927448	-26,2301305777166
859	986,595327514272	-28,980932475286	1	1013,40467248573	-28,980932475286
898	990,50517652201	-53,7647464588422	1	1009,49482347799	-53,7647464588422
919	993,626119698922	-57,3559433387052	1	1006,37388030108	-57,3559433387052
954	1035,59441557566	-85,7819729656708	1	964,405584424344	-85,7819729656708
971	1042,16607293897	-85,6856454936113	1	957,833927061035	-85,6856454936113
995	1047,08482193895	-83,9054857187715	1	952,915178061054	-83,9054857187715
1017	1055,54122652609	-72,1451856875677	1	944,458773473908	-72,1451856875677
1820	654,024172292172	55,3249944171653	1	1345,97582770783	55,3249944171653
1860	684,370950742061	-43,4978575588233	1	1315,62904925794	-43,4978575588233
1905	688,622372877028	-11,1882847686858	1	1311,37762712297	-11,1882847686858
2092	690,488717779758	2,99539414438317	1	1309,51128222024	2,99539414438317
2127	556,55244993932	-123,571059836264	1	1443,44755006068	-123,571059836264
2174	593,673398233777	-160,104966683684	1	1406,32660176622	-160,104966683684
2267	632,816845545105	-164,525205677343	0			1367,18315445489	-164,525205677343
2309	548,511176742011	-152,903467301502	1	1451,48882325799	-152,903467301502
2401	548,511176742011	-152,903467301502	1	1451,48882325799	-152,903467301502
2444	548,511176742011	-152,903467301502	1	1451,48882325799	-152,903467301502
2490	548,511176742011	-152,903467301502	1	1451,48882325799	-152,903467301502
4116	883,755107990746	-144,569558378648	1	1116,24489200925	-144,569558378648
4513	813,503075263261	-119,637651298055	1	1186,49692473674	-119,637651298055
5876	612,740841961216	124,068252484604	1	1387,25915803878	124,068252484604
5910	612,740841961216	124,068252484604	1	1387,25915803878	124,068252484604
5952	612,740841961216	124,068252484604	1	1387,25915803878	124,068252484604
5997	492,761895400318	-29,8521179144008	1	1507,23810459968	-29,8521179144008
6049	423,194815574984	-82,3114313708665	1	1576,80518442502	-82,3114313708665
6087	428,792468570792	-91,7864152059396	1	1571,20753142921	-91,7864152059396
6135	418,297687619229	-153,225709148033	1	1581,70231238077	-153,225709148033
6180	413,563828946703	-163,434881899444	1	1586,4361710533	-163,434881899444
6313	426,703493186185	-136,916421592881	1	1573,29650681381	-136,916421592881
6358	534,719226429763	-128,749495916975	1	1465,28077357024	-128,749495916975
6372	534,719226429763	-128,749495916975	1	1465,28077357024	-128,749495916975
6408	534,719226429763	-128,749495916975	1	1465,28077357024	-128,749495916975
6455	522,035746370628	-90,1963383425062	1	1477,96425362937	-90,1963383425062
6584	392,086762363471	107,01777511392	1	1607,91323763653	107,01777511392
6627	288,218832170307	-74,7085247505223	1	1711,78116782969	-74,7085247505223
6649	288,218832170307	-74,7085247505223	1	1711,78116782969	-74,7085247505223
6683	286,3856813363	-48,2103132978563	1	1713,6143186637	-48,2103132978563
6853	276,788468345469	234,295649321443	1	1723,21153165453	234,295649321443
6900	303,510291831007	-153,218181785672	1	1696,48970816899	-153,218181785672
6947	434,217893751062	-162,955672541186	1	1565,78210624894	-162,955672541186
9466	768,220949635922	-168,634990806375	0			1231,77905036408	-168,634990806375
9511	768,220949635922	-168,634990806375	0			1231,77905036408	-168,634990806375
