1406	897,150705084446	172,96060624833	1	1102,84929491555	172,96060624833
1541	773,53849441874	35,6444449980936	1	1226,46150558126	35,6444449980936
1555	701,042555528165	124,0750564301	1	1298,95744447183	124,0750564301
1588	679,945118216594	134,779499025718	1	1320,05488178341	134,779499025718
1629	579,640054412007	132,085365819566	1	1420,35994558799	132,085365819566
1646	577,251568031564	141,908699239076	1	1422,74843196844	141,908699239076
1725	572,595688903216	268,190145797962	1	1427,40431109678	268,190145797962
1858	578,625389518861	575,485305748237	1	1421,37461048114	575,485305748237
1945	493,536376953125	-164,063238706367	0			1506,46362304688	-164,063238706367
1987	493,536376953125	-164,063238706367	0			1506,46362304688	-164,063238706367
2027	493,536376953125	-164,063238706367	0			1506,46362304688	-164,063238706367
2032	493,536376953125	-164,063238706367	0			1506,46362304688	-164,063238706367
2086	490,506566138773	-164,891152858756	0			1509,49343386123	-164,891152858756
2088	478,494818962305	-168,17343551324	0			1521,50518103769	-168,17343551324
3522	705,883976711039	53,6389174858303	1	1294,11602328896	53,6389174858303
3557	734,794236464022	37,8700093645913	1	1265,20576353598	37,8700093645913
3570	754,532220452403	25,0377988966796	1	1245,4677795476	25,0377988966796
3596	809,297966373811	47,3564382215131	1	1190,70203362619	47,3564382215131
3699	724,997042066457	20,3343075408312	1	1275,00295793354	20,3343075408312
4154	717,355919501542	-39,3701758239533	1	1282,64408049846	-39,3701758239533
4330	604,148474634658	-65,1411799423529	1	1395,85152536534	-65,1411799423529
4377	780,959176862896	168,463690799972	1	1219,0408231371	168,463690799972
4737	879,285428439143	189,484104918189	1	1120,71457156086	189,484104918189
4783	781,89144196248	45,6929817917261	1	1218,10855803752	45,6929817917261
4823	622,112860450455	-11,5044278064053	1	1377,88713954955	-11,5044278064053
5144	590,751415857605	40,5535082344518	1	1409,24858414239	40,5535082344518
6200	590,177823656199	112,962062985477	1	1409,8221763438	112,962062985477
6532	392,603052626922	126,324397521972	1	1607,39694737308	126,324397521972
6657	507,150357440837	155,992524718869	1	1492,84964255916	155,992524718869
7077	428,428516573119	61,4675205340782	1	1571,57148342688	61,4675205340782
7172	428,428516573119	61,4675205340782	1	1571,57148342688	61,4675205340782
7245	428,428516573119	61,4675205340782	1	1571,57148342688	61,4675205340782
7300	1045,14140403772	-9,44107788169919	1	954,858595962278	-9,44107788169919
7335	1045,14140403772	-9,44107788169919	1	954,858595962278	-9,44107788169919
7348	1045,14140403772	-9,44107788169919	1	954,858595962278	-9,44107788169919
7391	1045,14140403772	-9,44107788169919	1	954,858595962278	-9,44107788169919
7433	1045,14140403772	-9,44107788169919	1	954,858595962278	-9,44107788169919
8428	735,40091406566	177,57528592047	1	1264,59908593434	177,57528592047
8489	735,40091406566	177,57528592047	1	1264,59908593434	177,57528592047
8506	735,40091406566	177,57528592047	1	1264,59908593434	177,57528592047
8545	724,221642647332	176,450575713848	1	1275,77835735267	176,450575713848
8740	734,606553358553	167,599394213987	1	1265,39344664145	167,599394213987
8822	793,010806728721	216,224647614399	1	1206,98919327128	216,224647614399
8834	803,415986414348	218,282410516953	1	1196,58401358565	218,282410516953
8877	632,223838484106	194,473127892922	1	1367,77616151589	194,473127892922
9986	592,538402767243	-30,212632155018	1	1407,46159723276	-30,212632155018
10001	896,589942117339	-82,2292846790151	1	1103,41005788266	-82,2292846790151
