19	766,461673466371	207,524884700767	1	1233,53832653363	207,524884700767
40	764,729719182302	205,511599701952	1	1235,2702808177	205,511599701952
61	798,142287337875	147,170407927399	1	1201,85771266212	147,170407927399
288	788,98758872813	24,0811571562177	1	1211,01241127187	24,0811571562177
511	828,778839111328	-41,0654977637083	1	1171,22116088867	-41,0654977637083
557	714,690490525132	-55,083647638723	1	1285,30950947487	-55,083647638723
600	703,012395270992	-68,4614265019005	1	1296,98760472901	-68,4614265019005
648	737,134321888261	-131,032459390791	1	1262,86567811174	-131,032459390791
692	773,124082854604	-138,752316882064	1	1226,8759171454	-138,752316882064
736	723,539747659083	-88,3392369886411	1	1276,46025234092	-88,3392369886411
788	706,961338190183	-118,37234871531	1	1293,03866180982	-118,37234871531
809	710,981910338942	-96,1414152917997	1	1289,01808966106	-96,1414152917997
841	727,921881762461	81,7687156988468	1	1272,07811823754	81,7687156988468
885	725,271866854497	72,5598978061757	1	1274,7281331455	72,5598978061757
920	713,273993067479	94,0755457451947	1	1286,72600693252	94,0755457451947
931	709,117151778751	100,092738012964	1	1290,88284822125	100,092738012964
1005	505,456068909284	100,296300041564	1	1494,54393109072	100,296300041564
1023	596,036354666432	94,988527708312	1	1403,96364533357	94,988527708312
1059	635,975944246158	70,4859928699726	1	1364,02405575384	70,4859928699726
1071	528,880991279227	101,243088497465	1	1471,11900872077	101,243088497465
1114	560,262830918025	200,421107081535	1	1439,73716908198	200,421107081535
1127	580,573387679319	221,919326775966	1	1419,42661232068	221,919326775966
1149	579,825674319459	227,152926661443	1	1420,17432568054	227,152926661443
1185	604,982776456534	217,755567119708	1	1395,01722354347	217,755567119708
1201	613,895455085369	221,277942119994	1	1386,10454491463	221,277942119994
1229	626,138753323825	256,207474676729	1	1373,86124667617	256,207474676729
1243	629,039409700304	280,37103065602	1	1370,9605902997	280,37103065602
1328	748,743932665572	320,975709457449	1	1251,25606733443	320,975709457449
1356	749,467536401768	339,322338590263	1	1250,53246359823	339,322338590263
1368	718,115177001755	350,423944042107	1	1281,88482299825	350,423944042107
1384	722,230789009969	339,984335676781	1	1277,76921099003	339,984335676781
1411	691,982625336077	295,365624691609	1	1308,01737466392	295,365624691609
1455	660,799185454015	243,840834058926	1	1339,20081454598	243,840834058926
1473	663,548551602545	243,581949267507	1	1336,45144839745	243,581949267507
1502	479,364778502245	140,035888718403	1	1520,63522149775	140,035888718403
1525	395,542161563575	51,3344458654853	1	1604,45783843642	51,3344458654853
1547	399,163409159899	57,9430007329449	1	1600,8365908401	57,9430007329449
1561	433,052444292202	111,778173316497	1	1566,9475557078	111,778173316497
1592	433,179419929698	111,994332457102	1	1566,8205800703	111,994332457102
1608	439,407888780398	124,526257931695	1	1560,5921112196	124,526257931695
1638	398,463083734948	151,514778919723	1	1601,53691626505	151,514778919723
1653	363,667793127337	133,211304967494	1	1636,33220687266	133,211304967494
1682	393,522544004342	126,809802235493	1	1606,47745599566	126,809802235493
1697	471,5119598825	174,599078449606	1	1528,4880401175	174,599078449606
1740	480,209083635909	178,592242740741	1	1519,79091636409	178,592242740741
1773	503,439889060129	178,20349797395	1	1496,56011093987	178,20349797395
1820	495,368706180021	161,009218849332	1	1504,63129381998	161,009218849332
1860	494,997033177842	160,398136481354	1	1505,00296682216	160,398136481354
1958	526,871784296622	141,007944907696	1	1473,12821570338	141,007944907696
1994	400,67490265979	-176,931764611285	0			1599,32509734021	-176,931764611285
2226	486,133385321855	-176,856759377749	0			1513,86661467815	-176,856759377749
2247	486,133385321855	-176,856759377749	0			1513,86661467815	-176,856759377749
2360	450,489821943265	-137,908725404758	1	1549,51017805674	-137,908725404758
2398	578,456821873736	-163,19869262196	1	1421,54317812626	-163,19869262196
2447	535,283558734371	-151,344485372181	1	1464,71644126563	-151,344485372181
2495	516,322855038936	-146,138390329474	1	1483,67714496106	-146,138390329474
2580	507,818504753236	-45,2314002755581	1	1492,18149524676	-45,2314002755581
2804	559,408618717132	79,7620274535751	1	1440,59138128287	79,7620274535751
2829	595,200819490797	259,093544307398	1	1404,7991805092	259,093544307398
2850	613,081988735174	243,643832605861	1	1386,91801126483	243,643832605861
2865	685,877094798526	333,922461428765	1	1314,12290520147	333,922461428765
2894	716,008946761875	334,946243640214	1	1283,99105323813	334,946243640214
2916	742,306913528333	290,114681960677	1	1257,69308647167	290,114681960677
2947	725,86458763735	265,620902597945	1	1274,13541236265	265,620902597945
2989	703,351779912141	282,399876679552	1	1296,64822008786	282,399876679552
3572	402,571575078378	25,5851459590792	1	1597,42842492162	25,5851459590792
3616	412,708230620449	-27,8738417780053	1	1587,29176937955	-27,8738417780053
3667	372,616944511796	26,853874852963	1	1627,3830554882	26,853874852963
3716	352,688774418223	-17,6248494211244	1	1647,31122558178	-17,6248494211244
3750	386,244178844039	-133,046654495563	1	1613,75582115596	-133,046654495563
3793	323,706091917415	-155,521887714192	1	1676,29390808258	-155,521887714192
3842	303,620160681137	-65,2555736394524	1	1696,37983931886	-65,2555736394524
3884	310,781365517744	-70,7559794773549	1	1689,21863448226	-70,7559794773549
4655	680,75451897186	49,0136643966217	1	1319,24548102814	49,0136643966217
4740	531,772413531553	178,215483883001	1	1468,22758646845	178,215483883001
5417	1024,49206503464	118,715860629565	1	975,507934965362	118,715860629565
5447	901,402662950041	155,704594438759	1	1098,59733704996	155,704594438759
5463	892,524954219081	163,245376826344	1	1107,47504578092	163,245376826344
5504	887,630634673493	170,152220030155	1	1112,36936532651	170,152220030155
5553	895,642450438081	194,85139398525	1	1104,35754956192	194,85139398525
5607	889,91616093882	203,530373017409	1	1110,08383906118	203,530373017409
5646	878,261093125344	211,681197014098	1	1121,73890687466	211,681197014098
5685	971,802706664277	245,894100501811	1	1028,19729333572	245,894100501811
5742	1011,37151330558	258,314253605848	1	988,628486694419	258,314253605848
5863	962,780287659284	246,333567952898	1	1037,21971234072	246,333567952898
5956	924,967961481088	235,480958591439	1	1075,03203851891	235,480958591439
6001	1010,49099524044	255,895457470648	1	989,509004759557	255,895457470648
6093	1260,09798019064	404,631902332531	1	739,902019809365	404,631902332531
6109	1171,78374355279	639,351151724402	1	828,216256447209	639,351151724402
6124	1150,495551888	639,233953788281	1	849,504448112001	639,233953788281
6141	1138,30598869232	638,592683499089	1	861,694011307679	638,592683499089
6161	1072,65980874059	668,617781929053	1	927,340191259412	668,617781929053
6173	1087,19620558058	610,44618703201	1	912,803794419418	610,44618703201
6199	1077,73293516765	640,433426031572	1	922,267064832348	640,433426031572
6219	1086,74386905807	644,288220254971	1	913,256130941926	644,288220254971
6240	1098,82130191473	752,889409669198	1	901,178698085267	752,889409669198
6261	1102,5701928424	681,52780867056	1	897,429807157597	681,52780867056
6284	1085,09583817313	744,376035355987	1	914,904161826872	744,376035355987
6303	1069,99565042657	737,742474476238	1	930,004349573429	737,742474476238
6628	1030,56620872522	856,286238546896	1	969,433791274778	856,286238546896
6658	916,271252771026	779,530325328967	1	1083,72874722897	779,530325328967
6664	972,505901966089	767,055602203573	1	1027,49409803391	767,055602203573
6678	979,762941020785	698,283225450601	1	1020,23705897922	698,283225450601
6694	976,492560764081	675,607804118673	1	1023,50743923592	675,607804118673
6715	979,928209457933	673,177637134033	1	1020,07179054207	673,177637134033
6732	986,36775010548	655,397933938423	1	1013,63224989452	655,397933938423
6750	1010,20951828589	577,837405597626	1	989,790481714113	577,837405597626
6757	967,227315719406	591,945777786239	1	1032,77268428059	591,945777786239
6773	980,675132503789	659,946834151689	1	1019,32486749621	659,946834151689
6812	962,182247906862	557,186747395664	1	1037,81775209314	557,186747395664
6847	838,953612507825	634,594071076577	1	1161,04638749218	634,594071076577
6863	915,075372760117	711,244072913125	1	1084,92462723988	711,244072913125
6886	868,790920900238	608,105581143227	1	1131,20907909976	608,105581143227
6916	917,222113327738	681,47859247394	1	1082,77788667226	681,47859247394
6947	933,173233891096	665,745282598551	1	1066,8267661089	665,745282598551
7023	912,204739962581	478,972265006296	1	1087,79526003742	478,972265006296
7073	882,435607910156	477,421491494383	1	1117,56439208984	477,421491494383
7699	392,67911941874	3,31049299940051	1	1607,32088058126	3,31049299940051
7740	431,990480885922	165,936837760794	1	1568,00951911408	165,936837760794
7756	352,253888327767	165,239834839933	1	1647,74611167223	165,239834839933
7785	337,633020586498	72,5157482211037	1	1662,3669794135	72,5157482211037
7802	293,685825158847	160,513879909621	1	1706,31417484115	160,513879909621
7831	330,548266854112	74,8409409826927	1	1669,45173314589	74,8409409826927
7853	332,114902114373	49,044237099727	1	1667,88509788563	49,044237099727
7893	329,748167632086	36,8847619044898	1	1670,25183236791	36,8847619044898
7930	275,694449775075	53,2787894709461	1	1724,30555022492	53,2787894709461
7947	278,444417081296	53,6664672589523	1	1721,5555829187	53,6664672589523
7970	299,648748007218	-12,1389505570682	1	1700,35125199278	-12,1389505570682
8060	388,203464742617	-121,732861789895	1	1611,79653525738	-121,732861789895
8077	268,122424276901	-59,439541381198	1	1731,8775757231	-59,439541381198
8106	265,132639368791	8,97545643382178	1	1734,86736063121	8,97545643382178
9104	496,429166824686	1064,64259412221	0			1503,57083317531	1064,64259412221
9120	496,429166824686	1064,64259412221	0			1503,57083317531	1064,64259412221
9126	520,771806196179	1054,42485085035	0			1479,22819380382	1054,42485085035
9159	523,735465208921	1045,32581986502	0			1476,26453479108	1045,32581986502
9167	523,864634456058	1044,80727937516	0			1476,13536554394	1044,80727937516
9173	526,738098199777	1046,92370506507	0			1473,26190180022	1046,92370506507
9190	528,067300127125	1046,13139910984	0			1471,93269987287	1046,13139910984
9198	533,13264820094	1045,46093671749	0			1466,86735179906	1045,46093671749
9211	561,377606868857	1039,55220591778	0			1438,62239313114	1039,55220591778
9242	574,41804320267	1041,42543557955	0			1425,58195679733	1041,42543557955
9257	736,109434528964	1011,8517341586	0			1263,89056547104	1011,8517341586
9270	748,402890464068	1009,29979641355	0			1251,59710953593	1009,29979641355
9285	914,551194685146	975,096492776235	0			1085,44880531485	975,096492776235
9301	933,039573779453	968,424821561342	1	1066,96042622055	968,424821561342
9359	958,610372168805	962,67285818847	1	1041,38962783119	962,67285818847
9376	961,214235067289	952,757078152375	1	1038,78576493271	952,757078152375
9381	959,794136149502	952,456922903864	1	1040,2058638505	952,456922903864
9383	955,071204283254	958,98234562953	1	1044,92879571675	958,98234562953
9390	942,566995347907	965,471324870425	1	1057,43300465209	965,471324870425
9406	948,373271811451	960,765165805107	1	1051,62672818855	960,765165805107
9420	730,405243418871	993,903596935107	0			1269,59475658113	993,903596935107
9432	718,597722871944	995,360134843538	0			1281,40227712806	995,360134843538
9450	713,767308328679	995,833532781621	0			1286,23269167132	995,833532781621
9465	651,407739282383	1000,01028224703	0			1348,59226071762	1000,01028224703
9481	641,240834105468	1000,99211387777	0			1358,75916589453	1000,99211387777
9497	648,0324475714	1000,97495811802	0			1351,9675524286	1000,97495811802
9512	650,213690092273	1002,60168399538	0			1349,78630990773	1002,60168399538
9541	653,725788445664	1003,98690100443	0			1346,27421155434	1003,98690100443
9554	659,178978323122	1002,38420226575	0			1340,82102167688	1002,38420226575
9571	631,348376280535	960,333081965022	1	1368,65162371946	960,333081965022
9585	621,77752809619	942,753906920468	1	1378,22247190381	942,753906920468
9605	605,294029349732	907,959630417546	1	1394,70597065027	907,959630417546
9619	603,370751382539	905,791699613434	1	1396,62924861746	905,791699613434
9634	608,188880710612	894,904449263066	1	1391,81111928939	894,904449263066
9655	610,238838219614	887,435762640373	1	1389,76116178039	887,435762640373
9661	606,59705211099	876,416429315427	1	1393,40294788901	876,416429315427
9706	617,516101883707	886,54256790333	1	1382,48389811629	886,54256790333
9708	628,201861552979	889,249404128171	1	1371,79813844702	889,249404128171
9739	628,027110465787	884,291308673026	1	1371,97288953421	884,291308673026
9774	627,965085373565	886,871254120033	1	1372,03491462644	886,871254120033
9784	628,535069573095	887,029533158069	1	1371,46493042691	887,029533158069
9789	628,151799225796	884,998234487123	1	1371,8482007742	884,998234487123
9795	628,976910605953	882,141019847814	1	1371,02308939405	882,141019847814
9802	638,867937424719	886,711633619297	1	1361,13206257528	886,711633619297
9817	641,43454834347	887,427484504906	1	1358,56545165653	887,427484504906
9845	647,045239307278	884,690503871449	1	1352,95476069272	884,690503871449
9866	648,45116477339	880,875511781521	1	1351,54883522661	880,875511781521
9895	653,072186760255	880,663873705792	1	1346,92781323974	880,663873705792
9914	658,610631245603	881,717571416311	1	1341,3893687544	881,717571416311
9928	659,957127682951	881,300058200927	1	1340,04287231705	881,300058200927
9933	680,074995035595	812,110734580452	1	1319,9250049644	812,110734580452
9950	688,466416213786	806,089168715184	1	1311,53358378621	806,089168715184
9967	701,725328274288	802,202348985983	1	1298,27467172571	802,202348985983
